-0.74751
-0.73452
-0.72137
-0.70756
-0.6935
-0.67889
-0.66397
-0.64859
-0.63284
-0.61673
-0.60021
-0.5833
-0.56612
-0.54857
-0.53069
-0.51252
-0.49398
-0.47529
-0.45616
-0.43685
-0.41722
-0.39736
-0.37728
-0.35691
-0.33647
-0.31562
-0.29467
-0.27352
-0.25221
-0.23076
-0.20911
-0.18731
-0.16545
-0.14349
-0.12144
-0.09933
-0.077163
-0.054924
-0.032682
-0.010428
0.011839
0.03409
0.056331
0.078499
0.10065
0.12273
0.14474
0.16667
0.18848
0.2102
0.23175
0.25322
0.27452
0.29566
0.31662
0.33738
0.35794
0.37834
0.39847
0.41835
0.43799
0.45735
0.47642
0.49524
0.51373
0.53191
0.54977
0.56729
0.58447
0.60129
0.61775
0.63384
0.64954
0.66486
0.67977
0.69427
0.70834
0.722
0.73522
0.748
0.76033
0.77219
0.78359
0.79454
0.80499
0.81495
0.82442
0.83339
0.84185
0.84981
0.85725
0.86417
0.87056
0.87643
0.88177
0.88658
0.89084
0.89457
0.89776
0.90041
0.90251
0.90406
0.90507
0.90553
0.90545
0.90482
0.90365
0.90193
0.89966
0.89685
0.89351
0.88961
0.88518
0.88021
0.87471
0.86868
0.86213
0.85505
0.84746
0.83935
0.83073
0.82162
0.812
0.80189
0.7913
0.78023
0.76869
0.75669
0.74422
0.7313
0.71794
0.70415
0.68993
0.6753
-0.058552
-0.056897
-0.055202
-0.053628
-0.82046
-0.79173
-0.76382
-0.73701
-0.70895
-0.68093
-0.64405
-0.60853
-0.45785
-0.24117
-0.36329
-0.40095
-0.039849
-0.023096
0.14869
0.49392
0.46535
0.43752
0.83344
0.78075
0.6904
0.48447
0.40258
0.35324
0.21935
0.19932
0.3605
0.08515
-0.050683
-0.041182
-0.26822
-0.44565
-0.54536
-0.55128
-0.60753
-0.52203
-0.43965
-0.5119
-0.49844
-0.39039
-0.2428
-0.25316
-0.1785
-0.0013487
-0.056055
-0.07887
0.12418
0.15481
0.14721
0.26426
0.32178
0.362
0.29047
0.27295
0.20183
0.076921
0.080655
0.10836
-0.012366
-0.041197
-0.014447
-0.11537
-0.21442
-0.2045
-0.21625
-0.32912
-0.33424
-0.29976
-0.33055
-0.35279
-0.3011
-0.22744
-0.23752
-0.18612
-0.097557
-0.12608
-0.13838
-0.069818
-0.05195
-0.03186
0.052183
0.11109
0.088867
0.076266
0.1266
0.11738
0.063374
0.082469
0.097492
0.03289
-0.001399
0.012446
-0.041444
-0.10314
-0.086681
-0.081976
-0.12324
-0.14893
-0.16444
-0.22024
-0.25123
-0.21517
-0.19105
-0.21168
-0.17451
-0.11747
-0.13157
-0.13555
-0.092481
-0.072418
-0.068995
-0.013013
0.041647
0.036121
0.034089
0.066238
0.076951
0.071871
0.098369
0.1108
0.071411
0.053491
0.056253
0.016631
-0.022913
-0.012677
-0.013149
-0.04501
-0.05866
-0.060419
-0.10299
-0.1353
-0.11817
-0.10507
-0.11775
-0.10372
-0.078486
-0.083546
-0.080494
-0.045067
-0.02595
-0.018078
0.018156
0.048747
0.042779
0.045318
0.070602
0.078022
0.076593
0.10269
0.11811
0.096705
0.082229
0.082532
0.061421
0.038447
0.0444
0.045498
0.023948
0.012959
0.0089764
-0.01415
-0.030297
-0.019589
-0.014711
-0.023777
-0.015762
-0.0042512
-0.014239
-0.016041
0.0061121
0.021303
0.028173
0.050376
0.06845
0.062373
0.061092
0.076665
0.083169
0.08465
0.10048
0.11045
0.10061
0.094648
0.095985
0.08398
0.073015
0.079924
0.081316
0.066705
0.058062
0.054095
0.038969
0.028992
0.036821
0.039865
0.031695
0.03222
0.035175
0.026255
0.021814
0.032042
0.039535
0.042889
0.055044
0.063629
0.058016
0.056644
0.066129
0.0706
0.072636
0.08329
0.089219
0.084591
0.083254
0.079112
0.072458
0.080731
0.090825
0.10272
0.11598
0.12832
0.13724
0.14322
0.14826
0.15404
0.16133
0.17086
0.17935
0.18128
0.18349
0.18865
0.19444
0.20246
0.21395
0.22162
0.22361
0.22301
0.22254
0.2212
0.2253
0.2313
0.23715
0.24267
0.24873
0.25391
0.25717
0.25964
0.2615
0.26205
0.26264
0.26453
0.26593
0.26533
0.26385
0.25899
0.25325
0.25026
0.24803
0.24593
0.24498
0.24296
0.23781
0.2306
0.22262
0.21429
0.2079
0.20217
0.19531
0.18752
0.1795
0.17144
0.1633
0.15499
0.14591
0.13554
0.12432
0.11278
0.10114
0.089338
0.077683
0.065057
0.05168
0.038547
0.025626
0.012519
-0.00048967
-0.013755
-0.028231
-0.043774
-0.05962
-0.075404
-0.090555
-0.10537
-0.12072
-0.13654
-0.15243
-0.16805
-0.18346
-0.19884
-0.21441
-0.23042
-0.24678
-0.2632
-0.27956
-0.2958
-0.31178
-0.32794
-0.34448
-0.36085
-0.37683
-0.39253
-0.40785
-0.42286
-0.43813
-0.4538
-0.46951
-0.48501
-0.49998
-0.51426
-0.52826
-0.54211
-0.5557
-0.56896
-0.58185
-0.59441
-0.60674
-0.61892
-0.63093
-0.64261
-0.65387
-0.66467
-0.67499
-0.68501
-0.69488
-0.70439
-0.71333
-0.72171
-0.7295
-0.73674
-0.74366
-0.7504
-0.75683
-0.7628
-0.76819
-0.77286
-0.77695
-0.78061
-0.7838
-0.78647
-0.78859
-0.79016
-0.79123
-0.79185
-0.79205
-0.79177
-0.79096
-0.78959
-0.78765
-0.78518
-0.78228
-0.77889
-0.77493
-0.77038
-0.76526
-0.75957
-0.75341
-0.74686
-0.7399
-0.73245
-0.72446
-0.71586
-0.7067
-0.69708
