-0.069092
-0.091262
-0.11335
-0.13538
-0.15732
-0.17917
-0.20091
-0.22252
-0.244
-0.26534
-0.28652
-0.30752
-0.32837
-0.34901
-0.36946
-0.38968
-0.40965
-0.42928
-0.44872
-0.46788
-0.48676
-0.50535
-0.52363
-0.54161
-0.55928
-0.5766
-0.59358
-0.61021
-0.62647
-0.64236
-0.65778
-0.67282
-0.68747
-0.70171
-0.71552
-0.72891
-0.74186
-0.75436
-0.76642
-0.77803
-0.78916
-0.79982
-0.81
-0.81965
-0.82881
-0.83748
-0.84564
-0.8533
-0.86043
-0.86706
-0.87316
-0.87873
-0.88378
-0.88829
-0.89227
-0.89572
-0.8986
-0.9009
-0.90269
-0.90394
-0.90463
-0.90478
-0.90439
-0.90345
-0.90197
-0.89995
-0.89739
-0.89428
-0.89064
-0.88644
-0.8817
-0.87643
-0.87063
-0.86431
-0.85746
-0.8501
-0.84223
-0.83385
-0.82496
-0.81557
-0.8057
-0.79533
-0.78448
-0.77314
-0.76134
-0.74908
-0.73636
-0.72321
-0.70962
-0.69559
-0.68115
-0.6663
-0.65105
-0.6354
-0.61937
-0.60296
-0.58618
-0.56905
-0.55157
-0.53376
-0.51563
-0.49718
-0.47844
-0.45941
-0.44009
-0.42052
-0.40068
-0.38061
-0.36031
-0.33977
-0.31904
-0.29811
-0.277
-0.25573
-0.2343
-0.21273
-0.19103
-0.16922
-0.1473
-0.1253
-0.10322
-0.081076
-0.058879
-0.036646
-0.014393
0.00787
0.030128
0.052367
0.074574
0.096726
0.11882
0.14085
0.1628
0.18465
0.56579
0.57887
0.59156
0.60397
-0.15223
-0.11305
-0.073938
-0.034768
0.00323
0.040737
0.074974
0.10928
0.083606
0.012343
0.11833
0.19929
0.57909
0.61414
0.80335
0.63824
0.65987
0.68093
1.0482
1.0441
1.057
1.0609
1.0507
1.0263
0.87968
0.86317
1.0481
1.1537
1.1538
1.1294
0.96976
0.7986
0.67486
0.66401
0.72323
0.73238
0.75796
0.64993
0.66065
0.63058
0.59627
0.6651
0.76278
0.96449
0.94359
0.91076
0.90104
0.95097
0.96015
1.1254
1.1954
1.277
1.2776
1.2298
1.167
1.0796
1.1052
1.1332
1.1922
1.2098
1.1348
0.99202
0.87176
0.87339
0.8645
0.83916
0.81552
0.82111
0.73813
0.66973
0.59615
0.59404
0.63281
0.70458
0.78908
0.75489
0.70484
0.63586
0.63424
0.67432
0.7615
0.80001
0.80121
0.7929
0.76802
0.70312
0.63253
0.64378
0.67228
0.69605
0.66282
0.59499
0.49001
0.39782
0.38872
0.38582
0.3916
0.35912
0.31327
0.23132
0.16684
0.11098
0.079642
0.085853
0.13145
0.15888
0.10571
0.041836
-0.0088225
-0.020554
-0.013997
0.026293
0.050058
0.033844
0.00068441
-0.043257
-0.083181
-0.11227
-0.10351
-0.08617
-0.082262
-0.11087
-0.17415
-0.25731
-0.31407
-0.31851
-0.31857
-0.32412
-0.34879
-0.38422
-0.4558
-0.51907
-0.55922
-0.57248
-0.56749
-0.55495
-0.55935
-0.60255
-0.65504
-0.692
-0.70027
-0.68694
-0.65956
-0.65054
-0.66768
-0.69332
-0.72395
-0.75181
-0.76305
-0.73922
-0.71555
-0.71336
-0.73713
-0.77789
-0.82466
-0.85235
-0.84783
-0.83662
-0.83462
-0.84828
-0.87491
-0.91733
-0.95206
-0.96923
-0.96808
-0.95448
-0.9387
-0.94219
-0.97364
-1.0043
-1.0162
-1.0076
-0.98561
-0.95682
-0.94066
-0.94564
-0.95815
-0.96847
-0.97113
-0.95946
-0.92885
-0.89948
-0.88565
-0.8913
-0.90817
-0.92443
-0.92253
-0.89955
-0.87542
-0.86089
-0.85783
-0.86519
-0.88112
-0.88887
-0.8795
-0.85798
-0.8325
-0.81034
-0.80237
-0.81077
-0.81756
-0.80944
-0.78496
-0.7512
-0.71629
-0.69308
-0.68421
-0.67918
-0.67075
-0.65435
-0.62583
-0.58606
-0.55071
-0.53098
-0.5232
-0.51531
-0.5065
-0.48289
-0.45983
-0.43686
-0.41417
-0.39205
-0.36917
-0.34519
-0.32148
-0.29825
-0.27415
-0.25038
-0.22745
-0.20268
-0.17826
-0.15565
-0.13311
-0.11051
-0.08932
-0.067408
-0.04332
-0.018544
0.0065297
0.030164
0.05089
0.073532
0.098174
0.12321
0.14802
0.17104
0.19148
0.21112
0.23204
0.25406
0.27708
0.30109
0.32423
0.34474
0.36326
0.38247
0.40184
0.4219
0.4418
0.46113
0.47941
0.49752
0.51636
0.53551
0.55423
0.57239
0.58917
0.6052
0.62104
0.63652
0.6515
0.66588
0.6797
0.69313
0.70637
0.71946
0.73224
0.74451
0.75627
0.7674
0.77784
0.78854
0.79932
0.8094
0.81872
0.82726
0.83469
0.8415
0.84847
0.85555
0.8624
0.86888
0.87442
0.87878
0.88246
0.8857
0.88848
0.89087
0.89282
0.89422
0.89521
0.89586
0.89613
0.89587
0.89503
0.8936
0.89158
0.8892
0.88655
0.88332
0.87946
0.87503
0.86999
0.86438
0.85851
0.85241
0.84593
0.83897
0.8314
0.82313
0.81439
0.8053
0.79582
0.78587
0.77542
0.76449
0.75311
0.74139
0.72935
0.71695
0.70416
0.69097
0.67733
0.66331
0.64898
0.63429
0.61918
0.6037
0.58785
0.57162
0.55514
0.53848
0.5216
0.50442
0.48688
0.46896
0.45072
0.43227
0.41359
0.39466
0.37549
0.35609
0.33649
0.31673
0.29684
0.2768
0.25658
0.2362
0.21566
0.195
0.17427
0.15346
0.13254
0.1115
0.09037
0.069146
0.047889
0.02666
0.005464
-0.015727
-0.036933
-0.058175
-0.079424
-0.10063
