0.8166
0.82579
0.83471
0.84294
0.85082
0.85806
0.86487
0.87111
0.87684
0.88207
0.88673
0.89082
0.89449
0.89758
0.90015
0.90219
0.90363
0.90457
0.90488
0.90473
0.90398
0.90271
0.90091
0.89852
0.89575
0.89221
0.88826
0.88373
0.87868
0.87312
0.86688
0.86012
0.85293
0.8452
0.83696
0.82824
0.81902
0.80928
0.7991
0.78846
0.77732
0.76573
0.75367
0.74116
0.72816
0.71475
0.7009
0.68662
0.67195
0.65686
0.64141
0.62551
0.60926
0.59264
0.57565
0.55834
0.54066
0.52256
0.50422
0.48558
0.46664
0.44744
0.42797
0.40822
0.38824
0.36804
0.34762
0.32699
0.30616
0.28515
0.26394
0.24259
0.22109
0.19945
0.1777
0.15584
0.13389
0.11185
0.089736
0.067575
0.045366
0.023141
0.00089934
-0.021398
-0.043655
-0.065875
-0.088057
-0.11018
-0.13223
-0.15422
-0.1761
-0.19787
-0.21952
-0.24103
-0.2624
-0.28361
-0.30466
-0.32552
-0.34619
-0.36665
-0.38688
-0.40688
-0.42663
-0.44613
-0.46536
-0.48431
-0.50296
-0.52131
-0.53935
-0.55708
-0.57447
-0.5915
-0.60818
-0.62448
-0.64041
-0.65595
-0.6711
-0.68583
-0.70015
-0.71405
-0.72752
-0.74054
-0.75312
-0.76525
-0.77691
-0.7881
-0.79882
-0.80905
-0.8188
-0.82802
-0.83676
-0.845
-0.85273
-0.85995
-0.50724
-0.52197
-0.53636
-0.55034
-1.3323
-1.3181
-1.3033
-1.2877
-1.2725
-1.257
-1.244
-1.2301
-1.2754
-1.3655
-1.2775
-1.2137
-0.85011
-0.83047
-0.6558
-0.83455
-0.82567
-0.81646
-0.4601
-0.47416
-0.47041
-0.4747
-0.4922
-0.52293
-0.67495
-0.69582
-0.51438
-0.41125
-0.41274
-0.43787
-0.59718
-0.76712
-0.8887
-0.89645
-0.83318
-0.81908
-0.7876
-0.88874
-0.87014
-0.89147
-0.9161
-0.83668
-0.72748
-0.51337
-0.52096
-0.53956
-0.5342
-0.46834
-0.44239
-0.25955
-0.17104
-0.070108
-0.049361
-0.076266
-0.11729
-0.18222
-0.13341
-0.081365
0.0022896
0.04532
-0.0035874
-0.11957
-0.21238
-0.18261
-0.16267
-0.15857
-0.15219
-0.11599
-0.16779
-0.20446
-0.2458
-0.21512
-0.1431
-0.037618
0.081035
0.081412
0.066345
0.032749
0.066898
0.14306
0.26666
0.34187
0.38004
0.40896
0.42154
0.3943
0.36153
0.41079
0.47742
0.53946
0.5446
0.51522
0.44872
0.39507
0.42451
0.46015
0.5044
0.51034
0.50281
0.45906
0.43265
0.41465
0.42098
0.46465
0.54749
0.6119
0.59548
0.56807
0.55355
0.57762
0.61962
0.69496
0.75337
0.77137
0.77191
0.7612
0.75405
0.75722
0.79771
0.84627
0.88083
0.8823
0.84852
0.79421
0.76568
0.78881
0.81565
0.83626
0.83702
0.82633
0.77876
0.73875
0.72112
0.72961
0.75556
0.78827
0.80323
0.77856
0.74376
0.72365
0.73132
0.75972
0.80131
0.82366
0.81893
0.80483
0.78485
0.76673
0.7643
0.79602
0.82666
0.83488
0.81621
0.77958
0.73599
0.71054
0.71637
0.72794
0.72935
0.71417
0.68508
0.63925
0.60018
0.57772
0.57265
0.5791
0.58679
0.57426
0.53287
0.4914
0.46768
0.46364
0.47213
0.48652
0.4874
0.46628
0.43678
0.40863
0.3873
0.37947
0.38977
0.39802
0.38997
0.36166
0.32138
0.28097
0.25799
0.25538
0.25323
0.24078
0.21621
0.18057
0.13572
0.09843
0.077659
0.068475
0.062677
0.053027
0.028669
-0.012554
-0.052656
-0.078305
-0.088032
-0.088904
-0.089017
-0.10123
-0.12812
-0.15921
-0.18719
-0.20751
-0.21596
-0.21342
-0.21552
-0.23346
-0.26351
-0.29362
-0.32294
-0.33757
-0.35285
-0.36828
-0.38403
-0.40039
-0.41596
-0.4304
-0.44508
-0.46017
-0.4743
-0.48864
-0.50368
-0.51671
-0.52989
-0.54468
-0.55931
-0.57361
-0.58905
-0.60347
-0.61538
-0.62626
-0.63648
-0.64775
-0.66153
-0.67296
-0.68193
-0.69005
-0.69789
-0.70703
-0.71821
-0.72965
-0.73923
-0.74712
-0.75342
-0.75812
-0.76304
-0.76994
-0.77814
-0.78498
-0.79095
-0.79551
-0.7995
-0.8033
-0.80739
-0.81088
-0.81283
-0.81368
-0.81415
-0.81435
-0.81509
-0.81574
-0.81572
-0.81519
-0.81428
-0.81308
-0.81155
-0.80952
-0.80677
-0.80325
-0.79912
-0.79457
-0.78961
-0.78434
-0.77884
-0.77212
-0.76438
-0.7564
-0.74823
-0.7399
-0.73172
-0.72322
-0.71361
-0.70295
-0.69158
-0.67963
-0.66769
-0.65601
-0.64406
-0.63164
-0.61877
-0.60536
-0.5915
-0.57728
-0.5626
-0.54736
-0.53164
-0.51557
-0.49924
-0.48266
-0.46583
-0.44854
-0.43072
-0.41266
-0.39447
-0.37606
-0.35753
-0.3388
-0.31962
-0.29995
-0.27996
-0.25977
-0.23953
-0.21934
-0.19899
-0.17837
-0.15755
-0.13663
-0.11564
-0.094595
-0.073478
-0.052206
-0.030768
-0.0092293
0.012349
0.033947
0.055505
0.077046
0.098641
0.1202
0.14166
0.16304
0.18431
0.20545
0.22656
0.24769
0.26877
0.28971
0.31043
0.33086
0.35106
0.37111
0.39097
0.4106
0.42997
0.44908
0.46794
0.48656
0.50494
0.52304
0.54083
0.55828
0.57538
0.59213
0.60857
0.62468
0.64039
0.65568
0.67054
0.68496
0.69898
0.71263
0.7259
0.73874
0.75111
0.76297
0.77432
0.7852
