-0.74751
-0.73462
-0.72133
-0.70765
-0.69357
-0.67896
-0.66399
-0.6485
-0.63271
-0.61663
-0.60016
-0.58325
-0.56618
-0.5486
-0.53065
-0.51266
-0.49397
-0.47519
-0.45622
-0.43682
-0.41717
-0.39747
-0.37721
-0.35685
-0.33645
-0.31549
-0.29461
-0.27356
-0.25225
-0.23072
-0.20911
-0.18735
-0.16548
-0.14351
-0.1214
-0.0993
-0.077182
-0.05494
-0.032728
-0.010484
0.01182
0.034021
0.056279
0.078509
0.1006
0.12269
0.14473
0.16661
0.18846
0.2102
0.23172
0.25324
0.27454
0.29561
0.31657
0.33736
0.35793
0.37829
0.39842
0.4183
0.43797
0.45734
0.47639
0.4952
0.51368
0.53185
0.54972
0.56723
0.5844
0.60126
0.61771
0.63379
0.64951
0.6648
0.67973
0.69424
0.70831
0.72196
0.73522
0.74797
0.76027
0.77215
0.78355
0.79449
0.80495
0.81491
0.82438
0.83337
0.84181
0.84976
0.8572
0.86411
0.87052
0.87639
0.88172
0.88654
0.8908
0.89452
0.89772
0.90036
0.90246
0.90403
0.90504
0.9055
0.90542
0.90479
0.90361
0.90188
0.89962
0.89681
0.89347
0.88958
0.88515
0.88019
0.87469
0.86865
0.8621
0.85502
0.84743
0.83932
0.8307
0.82159
0.81198
0.80187
0.79128
0.78021
0.76867
0.75667
0.74421
0.73128
0.71792
0.70414
0.68993
-0.025845
-0.023213
-0.80125
-0.77122
-0.74211
-0.71236
-0.67639
-0.64714
-0.49448
-0.28075
-0.26537
0.10647
0.10267
0.46686
0.4405
0.73637
0.73132
0.431
0.29925
0.27184
0.25909
0.20549
-0.11703
-0.12349
-0.41335
-0.44441
-0.45157
-0.42858
-0.31748
-0.32709
-0.19008
-0.022643
-0.00035821
0.052102
0.07215
0.25647
0.27012
0.26415
0.3373
0.21435
0.16282
0.064969
-0.058042
-0.098469
-0.23869
-0.25797
-0.30295
-0.30712
-0.30574
-0.33285
-0.21363
-0.20085
-0.14087
-0.041955
0.0055559
0.15117
0.17282
0.21243
0.22506
0.20119
0.20554
0.13536
0.099385
0.019638
-0.089584
-0.11339
-0.21098
-0.24705
-0.30277
-0.32734
-0.28739
-0.27912
-0.22878
-0.19868
-0.14272
-0.052253
-0.012347
0.098451
0.12147
0.13494
0.16008
0.15052
0.15246
0.090845
0.033827
-0.011176
-0.065144
-0.088777
-0.15585
-0.19107
-0.22511
-0.25674
-0.22227
-0.20634
-0.17104
-0.13895
-0.096525
-0.027824
0.0059098
0.045674
0.067948
0.080155
0.097825
0.084039
0.08323
0.048153
-0.002803
-0.034133
-0.072211
-0.094783
-0.13299
-0.15594
-0.16021
-0.16995
-0.14466
-0.12899
-0.098563
-0.064815
-0.041149
0.0049968
0.034713
0.059469
0.072079
0.07236
0.078265
0.061587
0.052067
0.030115
-0.0051462
-0.032657
-0.065419
-0.081989
-0.098588
-0.11267
-0.11293
-0.11056
-0.090107
-0.069757
-0.046325
-0.019768
0.00034707
0.030779
0.055106
0.074049
0.084569
0.080641
0.077844
0.068246
0.055983
0.036285
0.0094988
-0.011155
-0.031895
-0.043876
-0.052283
-0.061139
-0.061831
-0.057942
-0.042342
-0.022943
-0.0048837
0.014044
0.03085
0.051762
0.068837
0.079931
0.086111
0.083136
0.078688
0.071057
0.060604
0.046231
0.026972
0.011609
-0.00062247
-0.0085877
-0.013825
-0.018027
-0.016658
-0.011748
-0.00052573
0.014428
0.028267
0.041859
0.053846
0.06681
0.077797
0.083656
0.085189
0.081447
0.076041
0.068784
0.059786
0.049424
0.036156
0.024338
0.015654
0.010512
0.0082018
0.0070568
0.0092352
0.01443
0.023184
0.034286
0.044668
0.054211
0.062063
0.069522
0.075997
0.078968
0.078202
0.073625
0.067482
0.060654
0.052829
0.046144
0.046915
0.043777
0.050055
0.057239
0.064343
0.072347
0.081471
0.090731
0.099251
0.10709
0.11513
0.12393
0.13277
0.14056
0.14688
0.15257
0.15855
0.16766
0.17669
0.18194
0.18502
0.18868
0.19372
0.19816
0.1999
0.20035
0.20442
0.21025
0.21586
0.2219
0.22646
0.23016
0.23427
0.23887
0.24279
0.24497
0.24567
0.24619
0.24718
0.24811
0.2478
0.24603
0.24467
0.24476
0.24544
0.24452
0.24174
0.23826
0.23494
0.23143
0.22667
0.22066
0.21509
0.21025
0.205
0.19912
0.19263
0.18554
0.17806
0.17028
0.16212
0.15339
0.14408
0.13435
0.12434
0.11401
0.10319
0.091791
0.08
0.068426
0.05706
0.045036
0.032031
0.018541
0.0049949
-0.0087246
-0.023059
-0.038032
-0.052944
-0.067368
-0.081782
-0.096531
-0.11149
-0.12655
-0.1417
-0.15691
-0.17222
-0.18771
-0.20339
-0.21916
-0.23494
-0.25074
-0.26665
-0.2827
-0.29882
-0.31479
-0.33045
-0.34605
-0.36189
-0.37786
-0.39367
-0.40924
-0.42472
-0.44023
-0.45557
-0.47047
-0.48498
-0.49928
-0.51343
-0.52736
-0.54105
-0.55446
-0.56759
-0.58045
-0.59305
-0.60539
-0.61741
-0.62909
-0.64044
-0.65148
-0.6622
-0.67253
-0.68235
-0.6917
-0.70076
-0.70952
-0.71788
-0.72575
-0.73318
-0.74024
-0.74685
-0.75292
-0.7584
-0.7634
-0.76794
-0.77202
-0.77562
-0.77872
-0.7813
-0.7834
-0.785
-0.78611
-0.78671
-0.78679
-0.78637
-0.78545
-0.78402
-0.78208
-0.77958
-0.77652
-0.77296
-0.76896
-0.76446
-0.75943
-0.75387
-0.74783
-0.7413
-0.73424
-0.72661
-0.71848
-0.70985
-0.70076
-0.69119
