-0.069068
-0.091227
-0.11333
-0.13535
-0.15729
-0.17914
-0.20088
-0.22249
-0.24399
-0.26536
-0.28656
-0.30759
-0.32846
-0.3491
-0.36951
-0.38978
-0.4097
-0.42944
-0.4488
-0.46794
-0.48683
-0.50545
-0.52375
-0.54176
-0.55945
-0.57674
-0.59376
-0.6104
-0.62665
-0.64246
-0.65791
-0.67298
-0.68764
-0.70187
-0.71568
-0.72911
-0.7421
-0.75461
-0.76669
-0.77826
-0.78941
-0.80008
-0.81022
-0.8199
-0.82909
-0.8377
-0.84587
-0.85353
-0.86065
-0.86729
-0.87343
-0.87898
-0.88401
-0.88856
-0.89253
-0.89594
-0.89879
-0.90112
-0.9029
-0.90414
-0.90485
-0.90501
-0.90464
-0.9037
-0.9022
-0.90019
-0.89762
-0.89449
-0.89082
-0.88665
-0.88193
-0.87663
-0.87083
-0.86449
-0.85765
-0.85029
-0.84244
-0.83402
-0.82514
-0.81576
-0.80587
-0.79548
-0.78461
-0.77328
-0.76149
-0.74922
-0.73649
-0.72335
-0.70976
-0.69573
-0.68128
-0.66642
-0.65118
-0.63552
-0.61947
-0.60307
-0.58629
-0.56914
-0.55166
-0.53384
-0.5157
-0.49726
-0.47851
-0.45947
-0.44016
-0.42058
-0.40075
-0.38066
-0.36034
-0.33981
-0.31908
-0.29815
-0.27703
-0.25576
-0.23434
-0.21276
-0.19106
-0.16924
-0.14733
-0.12532
-0.10324
-0.081089
-0.058894
-0.036659
-0.014399
0.0078673
0.030127
0.052368
0.074575
0.096729
0.11883
0.14086
0.1628
0.53523
0.54812
-0.21979
-0.17973
-0.13957
-0.10017
-0.063227
-0.024624
-0.048271
-0.11129
-0.066662
0.33416
0.35898
0.1996
0.23525
0.59933
0.6545
0.78513
0.83456
0.84103
0.86126
0.87792
1.0373
1.0304
0.72807
0.6789
0.72112
0.74671
0.83556
0.80412
0.77431
0.72541
0.76501
0.83871
0.85593
0.77373
0.76858
0.81632
0.94877
0.99262
0.99142
0.92364
0.83065
0.86365
0.94438
0.95831
0.89443
0.86537
0.89019
0.93991
1.035
1.0128
0.977
0.95116
0.98728
1.1399
1.1629
1.113
1.072
1.0757
1.1137
1.121
1.0909
1.0044
0.90536
0.91035
0.95307
0.94932
0.85681
0.78627
0.7879
0.81602
0.8442
0.83069
0.79647
0.76605
0.78936
0.89942
0.92132
0.87681
0.82514
0.82497
0.85505
0.85462
0.82623
0.76462
0.70022
0.68381
0.69545
0.68497
0.60218
0.51074
0.48759
0.49774
0.50261
0.48159
0.44192
0.40461
0.40148
0.43298
0.43979
0.39689
0.34389
0.32317
0.3405
0.34163
0.31278
0.25779
0.19993
0.17625
0.17627
0.16391
0.1119
0.043905
0.016131
0.016057
0.021608
0.0046217
-0.041963
-0.080979
-0.094437
-0.082472
-0.084652
-0.12267
-0.17296
-0.20543
-0.20768
-0.21254
-0.24177
-0.29354
-0.34971
-0.37585
-0.3796
-0.3904
-0.42741
-0.47526
-0.49966
-0.50167
-0.49694
-0.50819
-0.54084
-0.57116
-0.58131
-0.5708
-0.56816
-0.59378
-0.63124
-0.6569
-0.6634
-0.66834
-0.68891
-0.72563
-0.76562
-0.78631
-0.78856
-0.79425
-0.81834
-0.85178
-0.87035
-0.86946
-0.8627
-0.86573
-0.8824
-0.89929
-0.90291
-0.89179
-0.8832
-0.89357
-0.91448
-0.92811
-0.92716
-0.92243
-0.92811
-0.94561
-0.96531
-0.97317
-0.96773
-0.96258
-0.96914
-0.98395
-0.99044
-0.98184
-0.96712
-0.9586
-0.96047
-0.96388
-0.95831
-0.94242
-0.92688
-0.92301
-0.92758
-0.92837
-0.91828
-0.90321
-0.89461
-0.89523
-0.898
-0.8926
-0.87694
-0.86001
-0.85049
-0.84714
-0.83941
-0.8212
-0.79744
-0.77749
-0.76567
-0.75621
-0.74064
-0.71739
-0.69374
-0.67791
-0.66881
-0.65801
-0.63974
-0.61812
-0.60455
-0.5953
-0.57553
-0.55313
-0.52971
-0.50583
-0.48252
-0.45983
-0.43694
-0.41303
-0.38876
-0.36486
-0.34154
-0.31843
-0.29488
-0.27032
-0.24546
-0.22304
-0.20166
-0.17881
-0.15462
-0.13046
-0.1073
-0.084541
-0.060879
-0.036427
-0.01323
0.0093166
0.032239
0.056607
0.080346
0.10343
0.12646
0.14966
0.17259
0.19464
0.21572
0.23644
0.25739
0.27861
0.29953
0.32
0.34113
0.36211
0.38228
0.40274
0.42354
0.44399
0.46366
0.48285
0.50209
0.52133
0.53968
0.55695
0.57373
0.59031
0.60673
0.62268
0.63804
0.65286
0.6673
0.68144
0.69518
0.70842
0.72112
0.73342
0.74546
0.75724
0.76865
0.7796
0.78975
0.79946
0.80906
0.81838
0.82707
0.83505
0.84252
0.84967
0.8563
0.86222
0.8675
0.87227
0.87671
0.88081
0.8844
0.88743
0.88994
0.89196
0.89349
0.89452
0.89501
0.89499
0.8945
0.89355
0.89213
0.89017
0.8876
0.88452
0.88108
0.87724
0.87288
0.86799
0.86263
0.85687
0.85062
0.84378
0.83639
0.82856
0.82031
0.81166
0.80255
0.79298
0.78295
0.77251
0.76165
0.75037
0.73865
0.72651
0.71398
0.7011
0.68786
0.67421
0.66015
0.64571
0.63097
0.61594
0.60056
0.58483
0.56875
0.55239
0.53572
0.51871
0.50134
0.48369
0.46578
0.44762
0.42921
0.41056
0.39167
0.37256
0.35324
0.33373
0.31403
0.29414
0.27409
0.2539
0.23357
0.21311
0.19251
0.17178
0.15096
0.13009
0.10914
0.088123
0.067042
0.045927
0.024784
0.0036088
-0.017602
-0.038815
-0.060008
-0.081163
-0.10227
