0.81658
0.82585
0.83466
0.843
0.85086
0.85811
0.86487
0.87099
0.87669
0.88199
0.88673
0.89084
0.89464
0.89769
0.90016
0.90245
0.90367
0.90462
0.90502
0.90477
0.904
0.90292
0.90096
0.89861
0.8959
0.89223
0.88837
0.88397
0.8789
0.87318
0.86702
0.86033
0.85311
0.84538
0.83708
0.82841
0.81928
0.80955
0.79942
0.78875
0.77759
0.76606
0.75394
0.74139
0.72849
0.71501
0.70114
0.68692
0.67219
0.65709
0.64171
0.62574
0.60947
0.59295
0.57596
0.55858
0.54086
0.52283
0.50449
0.48584
0.46688
0.44768
0.42825
0.40851
0.38853
0.36834
0.3479
0.32726
0.30642
0.28539
0.26422
0.24284
0.22132
0.19969
0.17793
0.15605
0.13412
0.11205
0.089927
0.067793
0.045599
0.023336
0.001059
-0.021209
-0.043459
-0.065685
-0.087891
-0.11002
-0.13206
-0.15403
-0.17592
-0.19769
-0.21934
-0.24087
-0.26225
-0.28347
-0.30451
-0.32538
-0.34606
-0.36652
-0.38676
-0.40677
-0.42652
-0.44602
-0.46527
-0.48421
-0.50286
-0.52122
-0.53928
-0.557
-0.57439
-0.59143
-0.60811
-0.62442
-0.64035
-0.65589
-0.67104
-0.68577
-0.7001
-0.714
-0.72747
-0.7405
-0.75308
-0.76521
-0.77688
-0.78808
-0.7988
-0.80904
-0.81878
-0.82801
-0.83675
-0.845
-0.85274
-0.50938
-0.52491
-1.3206
-1.3076
-1.2939
-1.2803
-1.2684
-1.2541
-1.3013
-1.3871
-1.3644
-0.9848
-0.9804
-1.1594
-1.1424
-0.79632
-0.75823
-0.64384
-0.60977
-0.61783
-0.61121
-0.60732
-0.45975
-0.47759
-0.78996
-0.84827
-0.81427
-0.7959
-0.71342
-0.75024
-0.78451
-0.83693
-0.79991
-0.7278
-0.71121
-0.7931
-0.79696
-0.747
-0.61143
-0.56352
-0.55965
-0.62149
-0.70762
-0.66681
-0.57728
-0.55371
-0.60699
-0.62461
-0.5874
-0.5244
-0.41516
-0.42228
-0.4422
-0.45121
-0.39747
-0.22647
-0.18421
-0.21405
-0.23419
-0.20875
-0.14828
-0.11781
-0.12387
-0.18555
-0.25919
-0.22812
-0.15852
-0.1348
-0.19919
-0.24096
-0.20988
-0.15175
-0.092979
-0.075369
-0.077899
-0.076057
-0.019981
0.12334
0.17888
0.16855
0.15147
0.18626
0.25169
0.28693
0.29461
0.26941
0.24172
0.26225
0.31113
0.33815
0.29306
0.23949
0.25439
0.30271
0.34587
0.36323
0.36201
0.36324
0.39863
0.46867
0.514
0.50958
0.49498
0.51258
0.5681
0.60729
0.61635
0.59907
0.5787
0.59228
0.62932
0.65371
0.63816
0.60629
0.61431
0.64968
0.69031
0.70798
0.69564
0.69042
0.71028
0.75508
0.78522
0.779
0.75994
0.75811
0.78591
0.81052
0.81012
0.78657
0.75797
0.75871
0.78119
0.79589
0.78366
0.75986
0.75875
0.77925
0.80573
0.81541
0.80292
0.79193
0.80032
0.82852
0.84801
0.83838
0.81605
0.80463
0.81151
0.81903
0.81001
0.78391
0.75363
0.74174
0.74736
0.74862
0.73054
0.70219
0.68776
0.69185
0.70087
0.69915
0.68284
0.66536
0.6602
0.66884
0.674
0.65927
0.63305
0.61319
0.60698
0.60363
0.58894
0.56151
0.53097
0.51137
0.50416
0.49576
0.47478
0.44467
0.42202
0.4136
0.41047
0.4003
0.37894
0.35521
0.33967
0.33367
0.32655
0.30699
0.27825
0.25256
0.23705
0.22581
0.20743
0.17916
0.14809
0.12457
0.11069
0.097488
0.07629
0.048372
0.024283
0.010154
0.0010661
-0.012307
-0.034273
-0.059038
-0.078112
-0.089915
-0.10168
-0.12163
-0.14864
-0.17427
-0.19272
-0.20808
-0.23175
-0.25995
-0.27785
-0.29328
-0.30786
-0.3221
-0.33703
-0.35266
-0.36815
-0.38268
-0.39686
-0.41139
-0.42648
-0.44173
-0.45646
-0.47009
-0.48329
-0.49878
-0.51516
-0.52987
-0.54302
-0.55597
-0.56966
-0.58347
-0.59607
-0.60756
-0.61996
-0.63265
-0.64457
-0.65463
-0.66489
-0.67535
-0.68539
-0.69478
-0.70392
-0.71342
-0.72333
-0.73304
-0.74192
-0.74994
-0.75762
-0.76513
-0.7713
-0.77697
-0.78275
-0.78754
-0.79126
-0.79461
-0.79797
-0.80107
-0.80333
-0.8048
-0.80636
-0.80819
-0.80968
-0.81053
-0.8107
-0.81048
-0.80998
-0.80914
-0.8078
-0.80588
-0.80344
-0.80062
-0.79741
-0.79368
-0.78928
-0.78424
-0.7786
-0.77252
-0.76627
-0.75955
-0.75197
-0.74375
-0.73519
-0.72642
-0.7172
-0.70737
-0.6971
-0.68662
-0.67583
-0.66462
-0.65281
-0.64042
-0.62762
-0.61446
-0.60091
-0.58697
-0.5726
-0.55786
-0.54277
-0.52733
-0.5115
-0.49528
-0.47868
-0.4618
-0.44471
-0.42733
-0.40952
-0.39132
-0.37287
-0.3542
-0.33526
-0.31601
-0.29653
-0.27695
-0.25723
-0.23731
-0.21715
-0.19678
-0.17623
-0.15558
-0.1348
-0.11388
-0.092833
-0.071704
-0.050514
-0.029273
-0.0079503
0.01345
0.034904
0.056347
0.077748
0.099127
0.12054
0.14196
0.16332
0.18459
0.20576
0.22686
0.24786
0.26868
0.28931
0.30977
0.33008
0.35022
0.37018
0.38993
0.40944
0.42873
0.44777
0.46657
0.4851
0.50334
0.52128
0.53893
0.55628
0.5733
0.58996
0.60625
0.62219
0.63779
0.653
0.66782
0.68223
0.69623
0.7098
0.72294
0.73559
0.7478
0.75954
0.77083
0.78165
