-0.0692305594590963
-0.0913779671935688
-0.165165126092146
-0.171212820099178
-0.177290114999262
-0.183392896168464
-0.189518652894993
-0.195662497879238
-0.201819395687021
-0.207984450392015
-0.214152625897257
-0.308378446869987
-0.329519059367063
-0.349990447634111
-0.370262212297153
-0.390313835694072
-0.410132131712263
-0.429704487382731
-0.449021028506074
-0.468064828090362
-0.486823285561671
-0.506436458862295
-0.524912866351298
-0.542858961662081
-0.560479537290559
-0.577748848651092
-0.594656862241192
-0.611205423957576
-0.627386883405922
-0.642904605769433
-0.658298613914565
-0.673556472801059
-0.684218173817118
-0.690516082481669
-0.696907181162003
-0.703041875263034
-0.709013671543659
-0.755706129924818
-0.769453265225448
-0.780934650093844
-0.791941630331610
-0.802456787214790
-0.812473126560484
-0.822031351883680
-0.831073665592075
-0.839608453765065
-0.847624617146915
-0.855866526996176
-0.863059426787083
-0.869638522575201
-0.875670527827617
-0.881155824589835
-0.886077275868102
-0.890547618712354
-0.894424273904529
-0.897687292570013
-0.900383774154846
-0.902825122488758
-0.903638598598469
-0.900900087029791
-0.897890498456054
-0.894529573845670
-0.890825914468494
-0.902347793214684
-0.906035993785772
-0.903863158512493
-0.901132600477670
-0.897891752967351
-0.894080560362690
-0.889763193407901
-0.884895218252301
-0.879496775008166
-0.873562564776738
-0.867423600187216
-0.860641535778488
-0.853176121514119
-0.845173500672602
-0.836676694875987
-0.827631980707696
-0.818165013585653
-0.808187828507523
-0.797665166904430
-0.786642016266013
-0.775288076436792
-0.763183962546654
-0.749225816979206
-0.734582703307890
-0.719679461580757
-0.704472495863886
-0.694184700823981
-0.684278818423437
-0.669644711340344
-0.654212853513324
-0.638425859408738
-0.622246359813757
-0.605696250760296
-0.588798442462620
-0.571533916641413
-0.553935698683784
-0.536121458971220
-0.518016277858892
-0.499480521467955
-0.480612460081085
-0.461466320226159
-0.442031260861195
-0.422354923202595
-0.402449128806361
-0.382260064291805
-0.361828496305453
-0.341241030290396
-0.320402067869509
-0.298799412767045
-0.276720856305849
-0.254565583508092
-0.232347424423409
-0.211757898373637
-0.192629406334742
-0.171407357338048
-0.149403545502246
-0.127297065603214
-0.105117701238504
-0.0828752246230860
-0.0606011628063335
-0.0382849786178697
-0.0159545127540091
0.00633821687906100
0.0285723671112296
0.0508463837128931
0.0731178332857993
0.0953520462001157
0.117531260249888
0.139631756454311
0.161622429689808
0.183532244389604
0.205340304154074
0.227000537159094
0.248511079832900
0.270088357882080
0.291707878893320
0.313133701136832
0.334312025572611
0.354712505133176
0.373876926499972
0.393455305203037
0.413371366267579
0.433113900105541
0.452590032258988
0.471791929897902
0.490697332094817
0.509305447905326
0.527601257906394
0.545558574430723
0.563147123175071
0.580413281514610
0.597350516147785
0.613935219175216
0.630151532306754
0.645985566801206
0.661412880614579
0.676443738431250
0.691071769633343
0.705274628098163
0.719033977122677
0.732434246633506
0.745506320320584
0.758142790871117
0.770288181576252
0.781774468295370
0.792281357985844
0.802407597626854
0.812397912693714
0.821998735209030
0.831106115606692
0.839709892849535
0.847799820054643
0.855374558062641
0.862429546267358
0.868954986386517
0.874932807674885
0.880382666857075
0.885313556123096
0.889715347075536
0.893580005810049
0.896904146998879
0.899677301455399
0.901904742373708
0.903589840488457
0.904727078146928
0.905306168982844
0.905360726139205
0.904923945684130
0.903960545567572
0.902435612611459
0.900297504974376
0.897390507276561
0.893894073938844
0.890024256694956
0.885705335686943
0.880862569175428
0.875486611702339
0.869577977096622
0.863141104238324
0.856180475342125
0.848698689274465
0.840692363574462
0.832173906831100
0.823158585264854
0.813650146606138
0.803650234622125
0.793164212873739
0.782194407537209
0.770749050879039
0.758838616663309
0.746469243859092
0.733635825688125
0.720365257438248
0.706689819328980
0.692603275387424
0.678093158909590
0.663148083626902
0.647708919455950
0.631821010803938
0.615615050707884
0.599099080411204
0.582235623914321
0.565019311757822
0.547461626157250
0.529571959902485
0.511365060120260
0.492844082668071
0.474012453249714
0.454899406418160
0.435508467351939
0.415851148590423
0.395952780513104
0.375813031917555
0.355435888037079
0.334851636963279
0.314068427925086
0.293085666710594
0.271924717884495
0.250595987235080
0.229128114169701
0.207538016802754
0.185820465088159
0.163974870559323
0.141997078879490
0.119904624223923
0.0977516488059723
0.0755692127972299
0.0533611714574933
0.0311243251013965
0.00886325260003481
-0.0134017169139468
-0.0356589513367695
-0.0578996121991734
-0.0800986559715936
-0.102235596156971
-0.124317572987207
-0.146324051131530
-0.168239401455060
-0.190049331768729
-0.211749321554490
-0.233319549803962
-0.254745701715433
-0.276022479800670
-0.297128330150768
-0.318058290650372
-0.338791965653153
-0.359302732862733
-0.379582639724702
-0.399639944233531
-0.419469318847540
-0.439060238198485
-0.458385086003084
-0.477419155277521
-0.496150207469141
-0.514580062930985
-0.532697803810650
-0.550492480150504
-0.567956312102808
-0.585077919954340
-0.601841761950442
-0.618229244970320
-0.634242907623084
-0.649874255663008
-0.665111023914757
-0.679944221717920
-0.694366504479423
-0.708369476938544
-0.721942030761310
-0.735079138017641
-0.747770862470393
-0.760011268883728
-0.771790779465133
-0.783097433267188
-0.793920765839223
-0.804265485491188
-0.814129947504923
-0.823510251339530
-0.832394371238059
-0.840769898177656
-0.848628866540801
-0.855973437307869
-0.862798907660111
-0.869103034520100
-0.874882115659439
-0.880133275640407
-0.884851485874097
-0.889029103885577
-0.892667495623881
-0.895767397941407
-0.898325207972668
-0.900339680579631
-0.901809561805381
-0.902735165126458
-0.903114250192599
-0.902947764501051
-0.902235515500291
-0.900978204629965
-0.899176060495731
-0.896828460652120
-0.893933860884445
-0.890498500439420
-0.886527637920678
-0.882025145706572
-0.876991581914687
-0.871426342699780
-0.865330582602129
-0.858710476250966
-0.851570765146892
-0.843916654741676
-0.835752916646301
-0.827084734101769
-0.817916989597251
-0.808252792813416
-0.798098962689200
-0.787463338575277
-0.776352189951773
-0.764771854319523
-0.752729604510853
-0.740232970154474
-0.727289296353317
-0.713906191072842
-0.700092336773606
-0.685855550529835
-0.671204862902783
-0.656147950591486
-0.640692935621519
-0.624849913154533
-0.608630989448817
-0.592046292860062
-0.575105905515638
-0.557817647415005
-0.540191279465655
-0.522237373744200
-0.503968251205957
-0.485394615688510
-0.466528628184016
-0.447380990325719
-0.427964059487130
-0.408287718951476
-0.388364695644343
-0.368207005092492
-0.347827925190037
-0.327238607273468
-0.306452531847776
-0.285481404609254
-0.264338876431399
-0.243036523242403
-0.221588522395815
-0.200006587950974
-0.178304975019581
-0.156495311968146
-0.134591356946097
-0.112605292989971
-0.0905527046560254
-0.0684461937263290
-0.0463003854342659
-0.0241265252221661
-0.00193860974465085
0.0202513304678541
0.0424280374282329
0.0645792974206406
0.0866901646112220
0.108748689339416
0.130740057300314
0.152652837788500
0.174472498586619
0.196187005782649
0.217781520740888
0.239244607960270
0.260561764991359
0.281721595525364
0.302709752332100
0.323515200802924
0.344123729119538
0.364524487393685
0.384703564372838
0.404650449184116
0.424351782832469
0.443797304298172
0.462973231787119
0.481869211453784
0.500472178909200
0.518772798208673
0.536758841862325
0.554421141957215
0.571747257558029
0.588728139031987
0.605351889518495
0.621609991474830
0.637491066336585
0.652987181095669
0.668087605605923
0.682784613910160
0.697067696971313
0.710929721094455
0.724360863667712
0.737354438565092
0.749901149975367
0.761994873785162
0.773626894186618
0.784791562263112
0.795480783779206
0.805689470575537
0.815410259323594
0.824638645532873
0.833367622511504
0.841592961427677
0.849308405755528
0.856510604867853
0.863194249564438
0.869356555439897
0.874992624610523
0.880100051696966
0.884674649889009
0.888714666513505
0.892216661434019
0.895179528104439
0.897600631328299
0.899479392999496
0.900813742831509
0.901603701174988
0.901848007178608
0.901547277251375
0.900700958142457
0.899310276488169
0.897375420866881
0.894898185211730
0.891879489680564
0.888321724641213
0.884226579232742
0.879597058094828
0.874435475612525
0.868745252577039
0.862529417777601
0.855792089719295
0.848537158412204
0.840769332636028
0.832493095187259
0.823713574527220
0.814435923197092
0.804665829595643
0.794409150059274
0.783672110868012
0.772461275278893
0.760783361527029
0.748645509033823
0.736054896541361
0.723019330635790
0.709546468591232
0.695644719132875
0.681322190543283
0.666587891967904
0.651450351346066
0.635919144633883
0.620003211352040
0.603712689560227
0.587056924811110
0.570046547664628
0.552691190531431
0.535001955736167
0.516988867196442
0.498663574035094
0.480036451379183
0.461119552850876
0.441923478735446
0.422460669609591
0.402742000798485
0.382780310223349
0.362586722031771
0.342174444368562
0.321554817171485
0.300741338743564
0.279745511771416
0.258581133039310
0.237259871329851
0.215795773813036
0.194200636175944
0.172488729467502
0.150671946088280
0.128764738996780
0.106779071833491
0.0847295530756836
0.0626281975142094
0.0404897211161185
0.0183261168859070
-0.00384784159849731
-0.0260201616261695
-0.0481759892118168
-0.0703033527721561