0.817110488337266
0.826417806188955
0.313294472769549
0.317361404628298
0.321284630924760
0.325060909500023
0.328675178619683
0.332124346557591
0.335405984039841
0.338517828303906
0.341457653597681
0.931340840593357
0.929055370228761
0.931771693237797
0.933960419282393
0.935613145509048
0.936725856634478
0.937295729472871
0.937329309916086
0.936816216986098
0.935757530585459
0.940321625985224
0.936575981256397
0.933868978162081
0.930626136062402
0.926831636662042
0.922490338982328
0.917613684671755
0.912209402217254
0.905098461728633
0.898664368134190
0.893471364471548
0.663159010535459
0.618366864921478
0.616041492277255
0.612347216122677
0.608397712306706
0.888728237042767
0.887995262920299
0.874840581850870
0.862457190175556
0.849453544194752
0.835090494975295
0.821196134656062
0.806966448095958
0.792223344044246
0.777055630300047
0.765773038894091
0.749165742290808
0.732019368016497
0.715208307480743
0.698006727378679
0.679987910970000
0.662345648628922
0.644213961451184
0.625159528345969
0.605757681266978
0.588091138924301
0.515109298159564
0.417856356617574
0.404433169552712
0.390149061088259
0.375306404130907
0.470578210379939
0.490405365449134
0.466442685579612
0.443525086845568
0.420482166010456
0.396698137358226
0.372767129174487
0.349427831753791
0.325816043783800
0.302075087634677
0.280351090283660
0.257009429065355
0.232156755647090
0.207973494002339
0.183835800190128
0.159404784437218
0.135127130066030
0.111290944089016
0.0869362855739193
0.0623222907768005
0.0390273212875187
-0.000151649578259540
-0.0702180823136505
-0.0945239565508423
-0.113484817801269
-0.132817599248601
-0.115011968871343
-0.100405257394734
-0.122738564798308
-0.147400988590310
-0.171649507577446
-0.195964270094897
-0.220339930289291
-0.243885926737808
-0.267192964571971
-0.290273232420575
-0.312235052164296
-0.333984993887210
-0.356646934448414
-0.378809461253131
-0.400474630046981
-0.421918007685720
-0.443066436677418
-0.463470550785853
-0.483758438935521
-0.503917233755162
-0.523154508924723
-0.546578802723331
-0.585206727576269
-0.609736424102785
-0.624745034106612
-0.639232285969260
-0.641438330686634
-0.635300724110135
-0.647008705322933
-0.663655630262809
-0.679875665189391
-0.695681053387738
-0.711209628057046
-0.725933951999397
-0.740016181259458
-0.753592769681042
-0.766315163777069
-0.778250812949118
-0.790307328464840
-0.801912895957613
-0.812830297798206
-0.823210222419758
-0.833097552497501
-0.842193223700282
-0.850754635580337
-0.858909776332346
-0.866302341642769
-0.874301273905050
-0.888504037149453
-0.899730240519280
-0.903826221390773
-0.906474952757853
-0.904923023467098
-0.896781654430296
-0.894839835678448
-0.897201825616262
-0.899522451330302
-0.901255559032164
-0.902513224840292
-0.903066894091628
-0.902880531446856
-0.902088864185731
-0.900581014842441
-0.898266229495156
-0.895632761658740
-0.892582321654329
-0.888876610263741
-0.884575902199175
-0.879744727057919
-0.874242658796911
-0.868131312315316
-0.861548114112037
-0.854366296100874
-0.846888246152163
-0.841562441334835
-0.836120043542025
-0.826871537322115
-0.815919823653309
-0.803289233659621
-0.787093790672304
-0.772186004122684
-0.759922162675221
-0.747976503272630
-0.735589198337813
-0.722780591793100
-0.709481286136761
-0.695623253517246
-0.681288468162022
-0.666468192368983
-0.651091640740056
-0.635374223444055
-0.619382183630076
-0.602975361872250
-0.586155281906688
-0.568978582617920
-0.551402716768089
-0.533426774050339
-0.515145679363736
-0.496540026886992
-0.477652421979366
-0.459456505407604
-0.441678907720637
-0.422306590258120
-0.401715196636962
-0.380402053385697
-0.357506565801183
-0.334558872121264
-0.313017985394320
-0.292020997622356
-0.270931132613186
-0.249686597770456
-0.228279265310379
-0.206665120765953
-0.184882904695706
-0.162956596278081
-0.140856843107918
-0.118668069074555
-0.0964764164100574
-0.0742286334945533
-0.0519086111906952
-0.0295528955871391
-0.00716302011719302
0.0152691867929104
0.0376900187637763
0.0600812413605469
0.0824364867958623
0.104402434778740
0.125844464626573
0.147631709450598
0.169923789543553
0.192378136436891
0.215266364796534
0.238198329252983
0.260280972030753
0.281674094533494
0.302772884096072
0.323677016525317
0.344384920445736
0.364904113455339
0.385230258321535
0.405348781767167
0.425250488276637
0.444914002769718
0.464272275491591
0.483327516353916
0.502104947570417
0.520584339955939
0.538747480657488
0.556600578584172
0.574123908830611
0.591286441935881
0.608092334805686
0.624420647120075
0.640114760807735
0.655517917242851
0.670832023047243
0.685911841600024
0.700797311799881
0.715417840862806
0.729351528536279
0.742495547278745
0.755076202819679
0.767192702454591
0.778838808451775
0.790013201487315
0.800733772705878
0.810975483827239
0.820725204463683
0.829989237002017
0.838725115905328
0.846938048160904
0.854643411539612
0.861830675008419
0.868501141172917
0.874644375024184
0.880268892807027
0.885356875523294
0.889891273936109
0.893868331977722
0.897195082824411
0.899951433839949
0.902300866018798
0.904217701999427
0.905676052302688
0.906685126910453
0.907074000808228
0.906726708756292
0.905741478574192
0.904189735027768
0.902096800441218
0.899446355579483
0.896270095503735
0.892565815905596
0.888310472726779
0.883512091927162
0.878175570321901
0.872295935796995
0.865891165560678
0.858965463360278
0.851522267521230
0.843563776772014
0.835101355090389
0.826138916646011
0.816669479098391
0.806694245925142
0.796198172545230
0.785187725954070
0.773753189093237
0.761918585053747
0.749668168297256
0.737014946349167
0.723906518417264
0.710273420911328
0.696151456676135
0.681591523157712
0.666622651532526
0.651248179176566
0.635487267678239
0.619354985658722
0.602847324801130
0.585971734090485
0.568743783050244
0.551167238670807
0.533259311362117
0.515032504892757
0.496497724466839
0.477664438297986
0.458547311046157
0.439158158053609
0.419503267710493
0.399590190349348
0.379426811501482
0.359015587562891
0.338404134319021
0.317624177247497
0.296679169368836
0.275580291859322
0.254321389220970
0.232873629238118
0.211251116035769
0.189487833992341
0.167611950520379
0.145635835712478
0.123576321852221
0.101450258146796
0.0792666926324396
0.0570346491919705
0.0347712241700917
0.0124860978957938
-0.00980439411356912
-0.0320861091989550
-0.0543443454350541
-0.0765676345713384
-0.0987403484523405
-0.120849621859695
-0.142883182131368
-0.164831455973761
-0.186681138067874
-0.208426057284533
-0.230039770769607
-0.251497093660504
-0.272785628298977
-0.293896194419397
-0.314821096677809
-0.335568133565370
-0.356129442957286
-0.376484745418946
-0.396611503728107
-0.416497139210584
-0.436127519422368
-0.455489906545002
-0.474572613563972
-0.493367954991250
-0.511862388252304
-0.530047034320837
-0.547909297059678
-0.565438787215254
-0.582623161751332
-0.599453912020160
-0.615919187819556
-0.632010094776644
-0.647716291459919
-0.663031121437174
-0.677944456202244
-0.692451342009347
-0.706538239936607
-0.720190771229800
-0.733398327782981
-0.746155967382982
-0.758457016933719
-0.770303588201834
-0.781692594521125
-0.792615442699324
-0.803059322948758
-0.813017265311405
-0.822481674987539
-0.831447059719801
-0.839906977984983
-0.847858807632004
-0.855296643399347
-0.862217346675658
-0.868615816314779
-0.874488811939356
-0.879831446665964
-0.884641702489351
-0.888915685718370
-0.892651622996403
-0.895846572748634
-0.898500238934503
-0.900610484227498
-0.902177978021754
-0.903200301063513
-0.903674251922131
-0.903597366950761
-0.902971178142547
-0.901796442231429
-0.900077908813863
-0.897819397914121
-0.895022390660718
-0.891685569410607
-0.887810007237672
-0.883397255986183
-0.878450020518753
-0.872970777852388
-0.866963800560812
-0.860432632532839
-0.853381584968265
-0.845814832819271
-0.837737012561370
-0.829152641924904
-0.820067090620087
-0.810485810286150
-0.800414595476668
-0.789859587090322
-0.778827479451607
-0.767325227234354
-0.755360117227252
-0.742939537139556
-0.730069422470979
-0.716756699269354
-0.703009348667020
-0.688836495051873
-0.674247748606919
-0.659254130139708
-0.643864591004715
-0.628087789765763
-0.611931837861689
-0.595406719137945
-0.578521686930226
-0.561287419891236
-0.543713932433919
-0.525812709036949
-0.507593916776403
-0.489069393063029
-0.470249532036290
-0.451146404578519
-0.431770704919488
-0.412135052244007
-0.392250396022894
-0.372129704990553
-0.351784311338839
-0.331227644044897
-0.310471268815633
-0.289528894274857
-0.268411566377402
-0.247132528956509
-0.225703441937949
-0.204138673992613
-0.182450620691486
-0.160654516852256
-0.138762661900399
-0.116789149408837
-0.0947454155203931
-0.0726458574898472
-0.0505023865264255
-0.0283296694598601
-0.00613978941109301
0.0160523220243575
0.0382346367699786
0.0603922663717258
0.0825132759054965
0.104582878022257
0.126589251754296
0.148517582039026
0.170356135352566
0.192090187163038
0.213708091321223
0.235195163665279
0.256539909201298
0.277727789127355
0.298747752571151
0.319585845253370
0.340231174447856
0.360669573094783
0.380890054673019
0.400878380710576
0.420623801634203
0.440112900914784
0.459335792667887
0.478279433605903
0.496934048750535
0.515286815015585
0.533328227050902
0.551045735851189
0.568430191074909
0.585469491146040
0.602154903607874
0.618474810072675
0.634420925148425
0.649982072912094
0.665150381273873
0.679915171940983
0.694269011603740
0.708201705206346
0.721706279292774
0.734773079639952
0.747395706471402
0.759565266497516
0.771275905785799
0.782519137328279
0.793289436589990
0.803578765365181
0.813382066808934