-0.747879928877149
-0.735039838994348
-0.148129346676897
-0.146148584528675
-0.143994515925064
-0.141668013331133
-0.139156525724273
-0.136461848677945
-0.133586588352420
-0.130533377911499
-0.127305027700040
-0.622962393722912
-0.599536310861247
-0.581781245603245
-0.563698206984808
-0.545299309814552
-0.526593724920789
-0.507591242088944
-0.488308281408833
-0.468751388894571
-0.448934245022638
-0.433885167121793
-0.411663114903979
-0.391010016498894
-0.370146598770752
-0.349082788009874
-0.327833476739720
-0.306408260712816
-0.284822518809998
-0.262193855957880
-0.240365754218304
-0.219914891669101
0.0210591632830462
0.0721492175615564
0.0808656888860952
0.0906946591416901
0.100615959238440
-0.133022107116492
-0.118541997693459
-0.0939059317557699
-0.0705155598427877
-0.0469967569786272
-0.0226173684134949
0.000835217228908835
0.0241072174973806
0.0473851097220786
0.0705689868481318
0.0900934881033436
0.113893684497509
0.137619154559918
0.160462220348065
0.183149097212358
0.206089364899298
0.228201970084601
0.250210312454484
0.272527764225157
0.294626092889114
0.314733983565653
0.388529300440003
0.483043730413287
0.493457328904377
0.504380512758415
0.515519510338606
0.431769582835760
0.415630628337593
0.437420472933803
0.457607513633128
0.477409586957894
0.497382423005431
0.516996064234366
0.535467386499421
0.553680731225258
0.571487477142937
0.587072509904387
0.603632106713948
0.621019365867836
0.637200006671080
0.652840894686673
0.668227196271277
0.683037883520399
0.696896884419252
0.710728881331273
0.724319725489966
0.736260755150009
0.763335612125614
0.819443899293583
0.829106659859427
0.833164279382703
0.837290095113147
0.809196669695969
0.784684075818748
0.792383276139184
0.801613842104150
0.810075366986683
0.818210629909129
0.826036181050053
0.832684369200902
0.838726881213868
0.844208931104809
0.848356511135935
0.852001271746482
0.856127455916719
0.859421921334538
0.861940950273435
0.863949268547174
0.865421359880241
0.865919679592427
0.866018503227514
0.865745730060769
0.864395539215239
0.866980870592918
0.884006140343380
0.886457280408680
0.879310617614714
0.871579710392637
0.853196229060217
0.827930130444783
0.818416062660841
0.813059175764863
0.807172730792376
0.800798754625972
0.794084852679848
0.786535114805418
0.778301159876994
0.769547282434684
0.759976946897612
0.749678445837455
0.739460944751475
0.728795062671304
0.717478251597539
0.705678962169276
0.693465796042554
0.680570794009806
0.667222391190035
0.653569472177548
0.639301804482924
0.625790194071377
0.618415679266580
0.608022361625144
0.590692520253097
0.572162927184377
0.550210518333038
0.522904727929422
0.501384530474488
0.483830459347739
0.466408551223800
0.448665526772200
0.430721294941402
0.412369561995809
0.393575083540512
0.374487606278305
0.355022440410678
0.335119106319035
0.315219480143067
0.295231805505467
0.274941391087437
0.254424369891322
0.233759160255603
0.212829778181211
0.191687573882938
0.170476344477558
0.149091668001573
0.127854269028344
0.109128194700182
0.0906137232202922
0.0687287464498470
0.0456316420759058
0.0215147653631031
-0.00518756731468580
-0.0302215935053153
-0.0524757500196366
-0.0740222319375410
-0.0955169172700145
-0.116929301057562
-0.138318533919000
-0.159751304546502
-0.181141078106432
-0.202486794018617
-0.223841166935900
-0.245008443414078
-0.265931372494065
-0.286739985204316
-0.307424723904374
-0.327925564381955
-0.348274584688289
-0.368477968324331
-0.388444161125663
-0.408187051260858
-0.427653747004380
-0.445904220732483
-0.463245037964352
-0.481653955310289
-0.500720415975310
-0.519895451589468
-0.539883941476141
-0.559335201818319
-0.577006271301350
-0.593684338065276
-0.609931436562904
-0.625800013932518
-0.641298711786850
-0.656475983472950
-0.671297570646968
-0.685742092996905
-0.699835520467035
-0.713505837757006
-0.726682168855229
-0.739421513111986
-0.751741623431800
-0.763611317286938
-0.775031387420324
-0.786018237672226
-0.796528635427330
-0.806550485219852
-0.816072312484167
-0.824767692217137
-0.832534283955669
-0.840234984838104
-0.848016948453193
-0.855526220063810
-0.862975284252469
-0.870019340056873
-0.875896022738557
-0.880773174944584
-0.885008508010247
-0.888696328282960
-0.891846546602775
-0.894476073357579
-0.896595318441518
-0.898192864434930
-0.899262941526011
-0.899813409187508
-0.899780742843128
-0.899178664943906
-0.898057728083057
-0.896397371873001
-0.894183368694044
-0.891452215546899
-0.888192336755115
-0.884372108645865
-0.880017052689542
-0.875016634354489
-0.869242874976741
-0.863055934044883
-0.856652488134654
-0.849886712158574
-0.842794390678572
-0.835322465085905
-0.827103177341402
-0.818064760075101
-0.808437374276277
-0.798317027555068
-0.787702061050869
-0.776611484572406
-0.765074821368126
-0.753075871627062
-0.740626548491066
-0.727753640844005
-0.714407542917062
-0.700613997028296
-0.686404010083458
-0.671781343238580
-0.656751819617302
-0.641324825219082
-0.625523191090441
-0.609334395721457
-0.592762943784161
-0.575810041326158
-0.558403117170057
-0.540648700976005
-0.522718226292875
-0.504577757764666
-0.486206733453910
-0.467624888710723
-0.448688914803893
-0.429307553477513
-0.409591271103790
-0.389609672095518
-0.369398996629299
-0.348953875427709
-0.328313783399654
-0.307487895949983
-0.286468710775065
-0.265282846955571
-0.243932662697546
-0.222421680132720
-0.200780141644658
-0.179021241641098
-0.157155763040553
-0.135194299832221
-0.113159324327837
-0.0910597786271357
-0.0688986166267723
-0.0466829770401964
-0.0244073930788890
-0.00209029268568479
0.0201675767471728
0.0423469004386160
0.0644617792088297
0.0864953049915126
0.108487852821930
0.130496477267449
0.152477409865772
0.174381914151272
0.196176256128707
0.217854855344664
0.239394847982335
0.260778289982825
0.282004161074112
0.303057369796242
0.323923712574789
0.344600159271756
0.365065896611707
0.385307175688031
0.405311837339697
0.425070726829629
0.444566939147596
0.463789606448595
0.482732247790946
0.501388014281766
0.519749248995394
0.537812873090372
0.555529726566561
0.572874323193048
0.589848468552954
0.606444853848348
0.622670192694799
0.638552713462731
0.654079466567413
0.669222642259662
0.683958814627532
0.698280819030199
0.712176594795061
0.725634475955937
0.738650296965756
0.751218143622372
0.763327738520015
0.774977240680370
0.786156584066207
0.796857963519323
0.807073949946728
0.816800604726612
0.826029644806434
0.834755812933297
0.842975518905716
0.850687006504322
0.857886000971361
0.864574007876706
0.870732706391792
0.876347006815682
0.881416617748416
0.885942487280060
0.889927002194024
0.893385780980926
0.896320722423469
0.898722119163648
0.900579754934539
0.901891754899544
0.902656147606806
0.902870896871117
0.902536673051470
0.901655673943065
0.900227083896956
0.898254039413609
0.895737222249962
0.892677394488940
0.889075693599294
0.884935316629569
0.880258064251077
0.875046618019137
0.869304813855790
0.863037709388173
0.856249431221803
0.848946653977426
0.841129596882593
0.832796064219616
0.823951032438808
0.814602161109070
0.804757402367703
0.794430113423678
0.783631204265413
0.772364112231068
0.760631285520086
0.748437967890287
0.735791510375805
0.722698370379840
0.709166920684089
0.695205969842891
0.680824144812082
0.666030340892332
0.650834295573182
0.635244203978348
0.619269681673843
0.602920106963200
0.586205933385460
0.569136422192646
0.551722843628241
0.533975751539943
0.515906919853765
0.497527528836723
0.478848518230111
0.459876947623009
0.440624135162673
0.421101966687778
0.401324263321228
0.381305110604173
0.361060556050764
0.340601248702459
0.319938311851521
0.299081868204617
0.278045366466609
0.256840029042833
0.235479711514701
0.213976619464028
0.192345026925791
0.170596971056972
0.148747135846818
0.126807291465769
0.104791778256040
0.0827126520538397
0.0605846603096249
0.0384197216903463
0.0162326929025447
-0.00596408281266457
-0.0281555565460071
-0.0503293533494367
-0.0724707221851852
-0.0945692230630362
-0.116610923243285
-0.138583612761807
-0.160471910704798
-0.182262856262091
-0.203940119425900
-0.225491964436363
-0.246904834845949
-0.268168213836478
-0.289267930752271
-0.310192979584495
-0.330929241544003
-0.351465595671748
-0.371787922292582
-0.391885476224328
-0.411744349769718
-0.431354169139938
-0.450701602601330
-0.469776572333130
-0.488565905899691
-0.507059880466517
-0.525245715877567
-0.543113873874123
-0.560651845636894
-0.577850455826796
-0.594697684959088
-0.611185491718617
-0.627302946657194
-0.643041810640253
-0.658390743786136
-0.673341469028942
-0.687882641561062
-0.702006670736726
-0.715703945779500
-0.728968159007887
-0.741790065708286
-0.754163443070238
-0.766079480600413
-0.777532321457897
-0.788513597304206
-0.799017998297941
-0.809037775406459
-0.818568172447748
-0.827602208658915
-0.836135720346376
-0.844162301172730
-0.851678325896658
-0.858678079131728
-0.865158442668054
-0.871114308299904
-0.876543120554057
-0.881440478688275
-0.885804677382929
-0.889632392918641
-0.892922364979904
-0.895671528831537
-0.897878921870021
-0.899541954746201
-0.900660253013890
-0.901232453766134
-0.901259271403778
-0.900740103215907
-0.899676049549403
-0.898067125239284
-0.895914949082990
-0.893220180220036
-0.889985008246646
-0.886210829889821
-0.881900415379475
-0.877055943112135
-0.871680796478390
-0.865777846725209
-0.859351017449863
-0.852403901408483
-0.844940957691971
-0.836966444203030
-0.828485351126123
-0.819502632715449
-0.810023903985380
-0.800054987613361
-0.789602022671390
-0.778671295729424
-0.767269274963424
-0.755402776152928
-0.743078714036302