0.81654
0.82586
0.83468
0.84299
0.8508
0.85776
0.86488
0.87094
0.87667
0.88221
0.88673
0.89083
0.89474
0.8977
0.90014
0.9024
0.90377
0.90451
0.90507
0.9049
0.90404
0.90267
0.90109
0.89865
0.89561
0.89237
0.88837
0.88368
0.87881
0.87325
0.86707
0.86024
0.85315
0.84544
0.8372
0.82861
0.81941
0.80965
0.79956
0.78893
0.77769
0.76616
0.75412
0.74146
0.72851
0.71515
0.70124
0.6869
0.67228
0.65722
0.64164
0.62581
0.6096
0.59288
0.57594
0.55869
0.54096
0.52287
0.50455
0.48594
0.46699
0.44782
0.42838
0.40861
0.38866
0.36848
0.348
0.32737
0.30657
0.28548
0.26427
0.24295
0.22142
0.19974
0.17799
0.15615
0.13415
0.11211
0.090028
0.067826
0.045614
0.023425
0.0011508
-0.021141
-0.043401
-0.06561
-0.087799
-0.10992
-0.13196
-0.15395
-0.17583
-0.19759
-0.21926
-0.2408
-0.26216
-0.2834
-0.30447
-0.32532
-0.346
-0.36648
-0.38672
-0.40671
-0.42648
-0.44599
-0.46521
-0.48417
-0.50284
-0.52118
-0.53922
-0.55696
-0.57435
-0.59139
-0.60807
-0.62437
-0.6403
-0.65584
-0.67099
-0.68573
-0.70006
-0.71397
-0.72743
-0.74047
-0.75307
-0.76519
-0.77686
-0.78806
-0.79879
-0.80902
-0.81877
-0.82801
-0.83674
-0.49056
-0.50704
-1.3039
-1.2915
-1.2789
-1.2676
-1.3556
-1.4024
-1.0408
-1.0165
-1.1892
-0.78107
-0.76088
-0.73419
-0.89034
-0.89611
-0.76472
-1.0234
-1.1533
-1.0618
-0.9813
-1.0683
-0.93935
-0.80831
-0.65829
-0.75568
-0.73229
-0.50637
-0.33501
-0.36433
-0.42003
-0.52666
-0.64541
-0.88051
-0.88588
-0.80829
-0.82743
-0.89162
-0.90909
-0.75507
-0.73539
-0.6789
-0.5982
-0.50274
-0.47746
-0.52373
-0.47769
-0.41472
-0.51943
-0.59136
-0.59564
-0.54931
-0.54875
-0.58685
-0.48596
-0.40182
-0.39323
-0.31948
-0.19655
-0.11894
-0.14518
-0.21136
-0.16076
-0.16406
-0.22838
-0.23434
-0.22185
-0.24682
-0.30713
-0.29355
-0.17755
-0.13322
-0.11797
-0.035963
0.04781
0.083218
0.075681
0.10788
0.14085
0.096448
0.055979
0.083605
0.1003
0.077038
0.059407
0.11399
0.17296
0.19867
0.2481
0.327
0.36616
0.3594
0.37095
0.41424
0.41592
0.37974
0.36045
0.36221
0.34763
0.32808
0.35627
0.4067
0.43152
0.45129
0.49984
0.55984
0.58719
0.59644
0.62299
0.6396
0.62557
0.61035
0.61192
0.61374
0.59384
0.58545
0.61426
0.64353
0.65976
0.68318
0.72028
0.75229
0.76209
0.7753
0.79755
0.79418
0.77017
0.75455
0.7519
0.74433
0.7287
0.72945
0.74543
0.75251
0.76081
0.78476
0.81527
0.82863
0.83075
0.84048
0.84944
0.83679
0.81841
0.80745
0.79737
0.77599
0.76082
0.76426
0.76904
0.76446
0.76655
0.78234
0.79387
0.79383
0.79336
0.79565
0.78581
0.76294
0.74527
0.73344
0.71305
0.68729
0.67211
0.66698
0.65841
0.6504
0.65198
0.65768
0.65295
0.64475
0.64148
0.63427
0.61527
0.59109
0.57185
0.55146
0.52443
0.50001
0.4848
0.46999
0.45329
0.44104
0.43766
0.43169
0.41914
0.40701
0.39636
0.37918
0.35532
0.33207
0.31026
0.28343
0.25399
0.23044
0.2126
0.19338
0.17467
0.16173
0.15171
0.13844
0.123
0.10993
0.094983
0.073192
0.04862
0.025877
0.0021365
-0.025298
-0.052236
-0.074163
-0.094423
-0.11527
-0.13281
-0.14565
-0.15884
-0.17477
-0.18997
-0.20376
-0.22059
-0.24189
-0.26788
-0.29295
-0.30873
-0.32395
-0.3383
-0.35198
-0.36545
-0.37884
-0.39215
-0.4057
-0.42003
-0.43495
-0.45002
-0.46527
-0.48078
-0.49615
-0.51103
-0.52494
-0.53815
-0.55056
-0.56393
-0.57797
-0.59152
-0.6042
-0.61624
-0.62805
-0.64072
-0.65394
-0.66675
-0.679
-0.6906
-0.70151
-0.71089
-0.71814
-0.72483
-0.73159
-0.73845
-0.74525
-0.75229
-0.75982
-0.76747
-0.77443
-0.7798
-0.78441
-0.78856
-0.7921
-0.79559
-0.79945
-0.80294
-0.80559
-0.80753
-0.80897
-0.81029
-0.81168
-0.81266
-0.81305
-0.81276
-0.81168
-0.80996
-0.80769
-0.80484
-0.80148
-0.79777
-0.79376
-0.78937
-0.78459
-0.77942
-0.77377
-0.76762
-0.76097
-0.7538
-0.74605
-0.73775
-0.72909
-0.72002
-0.71037
-0.70011
-0.68934
-0.67829
-0.66717
-0.65575
-0.6438
-0.63117
-0.61794
-0.60427
-0.59016
-0.57563
-0.5607
-0.54546
-0.52991
-0.51406
-0.49789
-0.48142
-0.46463
-0.44752
-0.43008
-0.41231
-0.39418
-0.37574
-0.35717
-0.33843
-0.31937
-0.29996
-0.28027
-0.26039
-0.24043
-0.22034
-0.20005
-0.17954
-0.15883
-0.13794
-0.11691
-0.095722
-0.074387
-0.05297
-0.031523
-0.010057
0.011432
0.032922
0.054397
0.075861
0.097326
0.1188
0.14026
0.16168
0.18297
0.20413
0.2252
0.24621
0.26713
0.28792
0.30851
0.3289
0.3491
0.36913
0.38899
0.40864
0.42808
0.4473
0.46626
0.48495
0.50334
0.52143
0.5392
0.55663
0.57373
0.59049
0.6069
0.62295
0.63863
0.65394
0.66883
0.68329
0.69734
0.71099
0.72423
0.73704
0.74937
0.76122
0.77259
0.7835
