-0.7475
-0.73466
-0.72139
-0.70767
-0.69354
-0.67864
-0.664
-0.64843
-0.63265
-0.6168
-0.60014
-0.58322
-0.56624
-0.54859
-0.53061
-0.51261
-0.49404
-0.47512
-0.45618
-0.43695
-0.41719
-0.39721
-0.37729
-0.35687
-0.33617
-0.31557
-0.29459
-0.27331
-0.25215
-0.23076
-0.20915
-0.18727
-0.16552
-0.14354
-0.12146
-0.099448
-0.077285
-0.055005
-0.032839
-0.0106
0.011744
0.033946
0.056154
0.078436
0.10056
0.12256
0.14461
0.16662
0.18839
0.21008
0.23176
0.25316
0.27442
0.29563
0.31656
0.33724
0.35782
0.37822
0.39834
0.4182
0.43786
0.45719
0.47625
0.49508
0.51356
0.53171
0.54961
0.56713
0.58428
0.60115
0.61762
0.63367
0.64938
0.66474
0.67964
0.69412
0.70824
0.7219
0.73509
0.7479
0.76023
0.77205
0.78345
0.7944
0.80486
0.81481
0.82429
0.83325
0.8417
0.84967
0.85711
0.86402
0.87043
0.87631
0.88163
0.88645
0.89073
0.89445
0.89764
0.90031
0.90242
0.90396
0.90499
0.90546
0.90537
0.90475
0.90358
0.90184
0.89957
0.89677
0.89343
0.88954
0.88511
0.88015
0.87464
0.86862
0.86207
0.85499
0.8474
0.8393
0.83068
0.82157
0.81196
0.80186
0.79126
0.7802
0.76867
0.75667
0.74421
0.73129
0.71793
-0.0047117
-0.0014527
-0.77892
-0.74828
-0.7175
-0.68221
-0.44943
-0.31025
0.046912
0.066696
0.41527
0.77823
0.6631
0.53283
0.34739
0.244
-0.038669
-0.29245
-0.37608
-0.47037
-0.58718
-0.66307
-0.24262
-0.09271
0.054125
0.24613
0.30116
0.41936
0.48604
0.41981
0.37622
0.11401
-0.099721
-0.25154
-0.3011
-0.34348
-0.41961
-0.4206
-0.39126
-0.24772
-0.041482
0.19988
0.26081
0.30889
0.33262
0.32516
0.24024
0.10633
-0.052455
-0.17894
-0.34404
-0.3765
-0.35023
-0.32219
-0.23458
-0.1445
-0.013266
0.1155
0.22707
0.30471
0.30268
0.22161
0.12245
0.0252
-0.077291
-0.18267
-0.26992
-0.3403
-0.34137
-0.29293
-0.17141
-0.069957
0.01287
0.099998
0.15908
0.19836
0.20658
0.16416
0.081391
-0.022929
-0.11749
-0.17366
-0.2269
-0.25713
-0.25271
-0.2112
-0.14842
-0.062346
0.031645
0.10838
0.13715
0.14466
0.14037
0.10614
0.044259
-0.025419
-0.099714
-0.16456
-0.214
-0.2209
-0.19105
-0.15694
-0.10859
-0.046322
0.017018
0.075699
0.11269
0.12966
0.11247
0.067441
0.019173
-0.028457
-0.081745
-0.13237
-0.16459
-0.17173
-0.15648
-0.11992
-0.068652
-0.014282
0.028058
0.067031
0.094419
0.10426
0.092669
0.058714
0.015847
-0.03166
-0.076006
-0.10675
-0.12294
-0.1262
-0.11411
-0.086348
-0.044407
0.000716
0.042442
0.073036
0.088189
0.087105
0.075846
0.05124
0.018195
-0.019677
-0.055619
-0.08154
-0.092749
-0.08859
-0.072456
-0.048229
-0.016896
0.018375
0.049538
0.074658
0.087373
0.084462
0.069081
0.045176
0.018804
-0.0085545
-0.035571
-0.054022
-0.06184
-0.057862
-0.043696
-0.019185
0.008646
0.035747
0.056881
0.07425
0.083084
0.079624
0.067432
0.047876
0.024742
0.00069904
-0.018263
-0.029531
-0.033442
-0.030219
-0.017946
0.00099894
0.023807
0.045215
0.063541
0.075341
0.078446
0.07389
0.063811
0.048752
0.02945
0.0099582
-0.0049818
-0.013944
-0.015973
-0.011023
0.00053198
0.015839
0.032479
0.04952
0.063588
0.072294
0.073729
0.068743
0.058695
0.044834
0.029338
0.015161
0.0036883
-0.0033687
-0.0047293
6.3239e-005
0.01
0.022876
0.036444
0.048997
0.058586
0.063863
0.064252
0.059471
0.059341
0.061794
0.072756
0.082641
0.091023
0.098769
0.10611
0.11211
0.1171
0.12212
0.12752
0.13285
0.13811
0.14391
0.15009
0.15594
0.16162
0.1676
0.17317
0.17747
0.18439
0.19337
0.20106
0.20611
0.20952
0.21215
0.21624
0.22155
0.22622
0.22998
0.23251
0.23415
0.23624
0.23916
0.24131
0.24262
0.24368
0.24451
0.24448
0.2435
0.24209
0.24055
0.2396
0.23839
0.23646
0.23357
0.23086
0.22897
0.22642
0.22241
0.21709
0.211
0.20501
0.19958
0.19371
0.18712
0.17973
0.17169
0.16317
0.15405
0.14433
0.13415
0.12373
0.11306
0.10206
0.090754
0.079254
0.067499
0.055377
0.042884
0.029994
0.016622
0.0032327
-0.0095023
-0.022316
-0.035844
-0.050099
-0.064799
-0.079628
-0.094246
-0.10896
-0.1239
-0.13903
-0.15439
-0.17
-0.1858
-0.2018
-0.21794
-0.2341
-0.25019
-0.26626
-0.28231
-0.29828
-0.31418
-0.33007
-0.34593
-0.36175
-0.37756
-0.39324
-0.40852
-0.42352
-0.43852
-0.45359
-0.46864
-0.48349
-0.49792
-0.512
-0.52587
-0.5396
-0.55317
-0.56654
-0.57967
-0.59254
-0.60509
-0.6173
-0.62914
-0.6406
-0.65169
-0.66239
-0.67271
-0.68266
-0.69222
-0.70137
-0.71013
-0.71848
-0.72631
-0.73358
-0.74045
-0.74699
-0.75315
-0.75886
-0.764
-0.76858
-0.77268
-0.77633
-0.77953
-0.78228
-0.78454
-0.78632
-0.7876
-0.78836
-0.78859
-0.78827
-0.78741
-0.78603
-0.78411
-0.78167
-0.77871
-0.77524
-0.77126
-0.76678
-0.76175
-0.75614
-0.75001
-0.74343
-0.73639
-0.72887
-0.72082
-0.71223
-0.70315
-0.6936
