-0.06904
-0.091192
-0.11329
-0.13532
-0.15726
-0.17911
-0.20088
-0.22251
-0.24402
-0.26541
-0.28659
-0.30761
-0.3285
-0.34911
-0.36953
-0.3898
-0.40973
-0.42939
-0.44889
-0.46794
-0.48685
-0.50547
-0.5238
-0.54178
-0.55944
-0.5768
-0.59377
-0.61036
-0.62666
-0.64249
-0.65793
-0.67297
-0.68763
-0.7019
-0.71574
-0.72916
-0.74213
-0.75464
-0.76672
-0.77833
-0.78943
-0.80011
-0.81028
-0.8199
-0.82907
-0.83772
-0.84585
-0.85351
-0.86067
-0.8673
-0.87339
-0.87898
-0.88402
-0.88851
-0.89249
-0.89593
-0.89878
-0.9011
-0.90289
-0.90414
-0.90485
-0.90501
-0.90463
-0.90369
-0.90222
-0.90019
-0.89761
-0.8945
-0.89085
-0.88663
-0.88189
-0.87662
-0.8708
-0.86447
-0.85763
-0.85027
-0.84239
-0.83401
-0.82512
-0.81572
-0.80584
-0.79548
-0.7846
-0.77326
-0.76146
-0.7492
-0.73649
-0.72334
-0.70974
-0.69572
-0.68128
-0.66643
-0.65116
-0.63551
-0.61948
-0.60306
-0.58627
-0.56913
-0.55164
-0.53383
-0.5157
-0.49725
-0.47851
-0.45947
-0.44016
-0.42058
-0.40074
-0.38066
-0.36035
-0.33981
-0.31908
-0.29815
-0.27704
-0.25577
-0.23434
-0.21277
-0.19107
-0.16926
-0.14734
-0.12533
-0.10325
-0.081099
-0.058897
-0.036665
-0.014405
0.0078605
0.030118
0.052357
0.074565
0.096718
0.11881
0.49527
0.50849
-0.25935
-0.21852
-0.17813
-0.13967
-0.20125
-0.22227
0.16436
0.21299
0.063823
0.49471
0.53688
0.58478
0.44904
0.46283
0.613
0.37232
0.25953
0.36726
0.4631
0.39063
0.53321
0.67699
0.83886
0.75239
0.78582
1.0209
1.2004
1.1784
1.129
1.0277
0.91343
0.6818
0.67898
0.75817
0.73969
0.67519
0.65641
0.80822
0.82473
0.87707
0.95274
1.0422
1.0606
1.0064
1.0437
1.0969
0.98164
0.89821
0.88152
0.91456
0.90096
0.84783
0.93279
1.0002
0.99116
1.0464
1.15
1.2076
1.1604
1.0725
1.1006
1.0741
0.98573
0.95502
0.94207
0.89092
0.80377
0.78985
0.87767
0.89321
0.87903
0.931
0.98417
0.98842
0.94917
0.94914
0.94938
0.87176
0.7976
0.79109
0.77323
0.715
0.66199
0.68085
0.70375
0.69306
0.7058
0.74774
0.74967
0.70544
0.67933
0.68477
0.64843
0.5741
0.51653
0.47992
0.42688
0.36882
0.35848
0.37038
0.3567
0.33801
0.34817
0.36989
0.35906
0.33027
0.31894
0.29786
0.24633
0.19385
0.1584
0.12348
0.067137
0.022633
0.015643
0.0094895
-0.0093314
-0.02055
-0.017668
-0.01943
-0.042933
-0.062538
-0.072622
-0.10778
-0.163
-0.20922
-0.24191
-0.27893
-0.32339
-0.35088
-0.36248
-0.38231
-0.40026
-0.40185
-0.39616
-0.40688
-0.42812
-0.44094
-0.45372
-0.48736
-0.52594
-0.55627
-0.58493
-0.62406
-0.65612
-0.66874
-0.67915
-0.69803
-0.70936
-0.70611
-0.70617
-0.71685
-0.72708
-0.73365
-0.75139
-0.78127
-0.80506
-0.82206
-0.84667
-0.87573
-0.89328
-0.89977
-0.9088
-0.91632
-0.91325
-0.90514
-0.90655
-0.91042
-0.90846
-0.90954
-0.92145
-0.93758
-0.94788
-0.95844
-0.97467
-0.9874
-0.99005
-0.99133
-0.99364
-0.99065
-0.9779
-0.96688
-0.96163
-0.95516
-0.94632
-0.94322
-0.94605
-0.94742
-0.9466
-0.95004
-0.95534
-0.95399
-0.94624
-0.93917
-0.93089
-0.91619
-0.89793
-0.88227
-0.86815
-0.85108
-0.83532
-0.8258
-0.81853
-0.8089
-0.79976
-0.79383
-0.78694
-0.7746
-0.76017
-0.74593
-0.72801
-0.70501
-0.68204
-0.66148
-0.63989
-0.61663
-0.59616
-0.57992
-0.56817
-0.55532
-0.53301
-0.51003
-0.48605
-0.46132
-0.4363
-0.41115
-0.38593
-0.36093
-0.33675
-0.31321
-0.28988
-0.26683
-0.24415
-0.22147
-0.19848
-0.17471
-0.15045
-0.12563
-0.10202
-0.079363
-0.056509
-0.0331
-0.0094144
0.014139
0.036446
0.057799
0.079137
0.10058
0.12219
0.14401
0.16684
0.19128
0.21573
0.23953
0.26265
0.28522
0.30693
0.32752
0.34733
0.36715
0.38788
0.40866
0.42916
0.44956
0.46924
0.48779
0.50595
0.52413
0.54224
0.56001
0.57709
0.59326
0.609
0.62445
0.63973
0.6549
0.66984
0.68443
0.69869
0.71256
0.72587
0.73855
0.75068
0.76227
0.77333
0.78391
0.79407
0.80378
0.81305
0.82196
0.83047
0.83839
0.84579
0.8528
0.85949
0.86573
0.87133
0.87605
0.88014
0.88383
0.88728
0.8904
0.89307
0.89525
0.89697
0.89818
0.89884
0.89892
0.89845
0.89744
0.89589
0.89382
0.89125
0.8882
0.88468
0.88074
0.87634
0.8713
0.86571
0.85969
0.85332
0.84653
0.83924
0.83138
0.82299
0.81417
0.80496
0.79536
0.78535
0.77493
0.76413
0.75295
0.74136
0.72931
0.71682
0.70392
0.6906
0.67687
0.66275
0.64827
0.63347
0.61835
0.60289
0.58704
0.57081
0.55427
0.53748
0.52042
0.50307
0.4854
0.46741
0.44915
0.43067
0.41197
0.39306
0.37394
0.35462
0.33512
0.31542
0.29552
0.27544
0.25519
0.23479
0.21424
0.19357
0.17278
0.15191
0.13094
0.10992
0.0888
0.067604
0.046367
0.025127
0.0038896
-0.017348
-0.038599
-0.059858
-0.081098
-0.10229
