-0.069082
-0.091247
-0.11334
-0.13537
-0.15731
-0.17916
-0.2009
-0.22251
-0.244
-0.26531
-0.28649
-0.30747
-0.32829
-0.34888
-0.36927
-0.38945
-0.40937
-0.42913
-0.44843
-0.46759
-0.48648
-0.50506
-0.52334
-0.54131
-0.55894
-0.57625
-0.59321
-0.6098
-0.62602
-0.64182
-0.65726
-0.67232
-0.68697
-0.70122
-0.71503
-0.72841
-0.74135
-0.75384
-0.76587
-0.77744
-0.78853
-0.79916
-0.8093
-0.81896
-0.82811
-0.83677
-0.84494
-0.8526
-0.85974
-0.86637
-0.87247
-0.87804
-0.88309
-0.8876
-0.89156
-0.89498
-0.89785
-0.90019
-0.90199
-0.90325
-0.90396
-0.90412
-0.90373
-0.9028
-0.90132
-0.89929
-0.89672
-0.89361
-0.88995
-0.88577
-0.88104
-0.87578
-0.86999
-0.86369
-0.85686
-0.84951
-0.84165
-0.83328
-0.8244
-0.81502
-0.80515
-0.79479
-0.78394
-0.77263
-0.76084
-0.7486
-0.73591
-0.72277
-0.70919
-0.69518
-0.68075
-0.66591
-0.65066
-0.63502
-0.61899
-0.6026
-0.58583
-0.56871
-0.55125
-0.53346
-0.51535
-0.49692
-0.47819
-0.45917
-0.43987
-0.42031
-0.40049
-0.38042
-0.36013
-0.33961
-0.3189
-0.29798
-0.27689
-0.25563
-0.23422
-0.21266
-0.19097
-0.16917
-0.14726
-0.12527
-0.1032
-0.081062
-0.058879
-0.036659
-0.014417
0.0078331
0.030079
0.052306
0.074502
0.096644
0.11873
0.14075
0.16269
0.18453
0.5576
0.57039
-0.20337
-0.16359
-0.12421
-0.084665
-0.046019
-0.010078
0.028042
0.065432
-0.066236
-0.024687
0.01612
0.41669
0.43066
0.39446
0.40266
0.43388
1.0282
1.0263
1.03
1.0895
1.0833
0.96959
0.87571
0.88427
0.98314
0.98788
0.96855
0.82535
0.83561
0.83528
0.8833
0.89537
0.60848
0.62734
0.61061
0.55862
0.60407
0.73246
0.84749
0.86528
0.84253
0.85209
0.84487
0.96028
0.98659
1.0404
1.0447
1.0323
1.1871
1.1881
1.1888
1.2145
1.194
1.1332
1.0484
1.0169
1.0071
1.0113
1.0475
0.98242
0.95021
0.91635
0.91745
0.90709
0.81872
0.82537
0.83461
0.82636
0.81141
0.82148
0.87451
0.89307
0.88473
0.85483
0.79974
0.81225
0.80866
0.80125
0.79042
0.79915
0.8396
0.80089
0.75457
0.73814
0.73516
0.71198
0.64745
0.60939
0.58887
0.57559
0.57474
0.54025
0.52054
0.5019
0.46863
0.40984
0.3491
0.34722
0.34523
0.32122
0.28596
0.26068
0.26269
0.24481
0.2228
0.20453
0.17796
0.16031
0.12971
0.1024
0.09138
0.10153
0.10699
0.068602
0.030746
0.0012528
-0.024096
-0.049899
-0.086578
-0.11183
-0.13895
-0.17421
-0.20505
-0.23469
-0.25475
-0.27565
-0.30698
-0.35426
-0.3995
-0.4148
-0.42688
-0.43867
-0.45151
-0.46782
-0.481
-0.50137
-0.51956
-0.53058
-0.5406
-0.55315
-0.57414
-0.5976
-0.61592
-0.62036
-0.62302
-0.64469
-0.66938
-0.69572
-0.72261
-0.74568
-0.76729
-0.78162
-0.7941
-0.81114
-0.83198
-0.85099
-0.86146
-0.86702
-0.87377
-0.88976
-0.90733
-0.9126
-0.91567
-0.91737
-0.91612
-0.91492
-0.91594
-0.92339
-0.93352
-0.93948
-0.93904
-0.93792
-0.94225
-0.94931
-0.95522
-0.95497
-0.95262
-0.95575
-0.95748
-0.95833
-0.96169
-0.96606
-0.96717
-0.96161
-0.95213
-0.94415
-0.94063
-0.93762
-0.93071
-0.92184
-0.91259
-0.90496
-0.89721
-0.88625
-0.87671
-0.86762
-0.85514
-0.83959
-0.8252
-0.81452
-0.80582
-0.79592
-0.78219
-0.76653
-0.75163
-0.7363
-0.72052
-0.70421
-0.68814
-0.67296
-0.65548
-0.63635
-0.61872
-0.60327
-0.58785
-0.57159
-0.55409
-0.53264
-0.50905
-0.4856
-0.46282
-0.43965
-0.4154
-0.39063
-0.3658
-0.34122
-0.31708
-0.29317
-0.26941
-0.24568
-0.22237
-0.19955
-0.17728
-0.15487
-0.13241
-0.1098
-0.086343
-0.062587
-0.03911
-0.015806
0.0070593
0.029525
0.052839
0.076638
0.10022
0.12363
0.14669
0.16949
0.19237
0.215
0.23738
0.2596
0.28131
0.30225
0.32285
0.34339
0.36362
0.38379
0.4039
0.42366
0.44307
0.46223
0.48136
0.50047
0.51924
0.53758
0.55544
0.57257
0.58922
0.6056
0.62172
0.63745
0.65261
0.66729
0.68169
0.6958
0.70951
0.72271
0.7354
0.74758
0.75922
0.77039
0.78118
0.79147
0.80121
0.81044
0.81923
0.82759
0.83557
0.8432
0.85038
0.85709
0.86325
0.86874
0.87363
0.87811
0.88219
0.88584
0.88902
0.89166
0.8938
0.8955
0.89672
0.89742
0.89758
0.8972
0.89628
0.89482
0.89283
0.89029
0.88723
0.88367
0.87962
0.8751
0.87016
0.86482
0.85905
0.8528
0.84606
0.8388
0.83103
0.8228
0.81417
0.80512
0.79561
0.78564
0.77525
0.76445
0.75325
0.74162
0.72957
0.7171
0.70422
0.69092
0.67722
0.66313
0.64866
0.63383
0.61866
0.60316
0.58735
0.57123
0.55483
0.53812
0.52111
0.50378
0.48614
0.46822
0.45004
0.43162
0.41296
0.39405
0.37493
0.35559
0.33607
0.31636
0.29647
0.27639
0.25614
0.23574
0.2152
0.19452
0.17373
0.15283
0.13184
0.11077
0.08965
0.068491
0.047305
0.026091
0.0048561
-0.016395
-0.037654
-0.058906
-0.080127
-0.1013
