0.81659
0.82582
0.83467
0.84302
0.85077
0.85814
0.86488
0.87112
0.87694
0.8819
0.88668
0.89071
0.89438
0.89737
0.89987
0.90189
0.90324
0.9043
0.90455
0.9043
0.90364
0.90232
0.90049
0.89817
0.89522
0.89184
0.88791
0.88338
0.8783
0.87262
0.86642
0.85974
0.85254
0.84482
0.83659
0.8278
0.81856
0.80883
0.79862
0.78791
0.77673
0.76509
0.75299
0.74047
0.72749
0.71406
0.70022
0.68596
0.67128
0.65621
0.64073
0.62488
0.60866
0.59205
0.57507
0.55771
0.54001
0.522
0.50368
0.48505
0.46612
0.44691
0.42742
0.40769
0.38771
0.3675
0.34706
0.32642
0.30559
0.28458
0.26339
0.24205
0.22056
0.19894
0.1772
0.15536
0.13342
0.1114
0.089318
0.067176
0.044984
0.022754
0.00050525
-0.021743
-0.043975
-0.066179
-0.088345
-0.11046
-0.13251
-0.15448
-0.17635
-0.19812
-0.21976
-0.24127
-0.26264
-0.28384
-0.30487
-0.32572
-0.34637
-0.36681
-0.38703
-0.40701
-0.42675
-0.44623
-0.46544
-0.48437
-0.50301
-0.52136
-0.53939
-0.55709
-0.57446
-0.59148
-0.60815
-0.62445
-0.64037
-0.6559
-0.67103
-0.68576
-0.70008
-0.71397
-0.72743
-0.74045
-0.75302
-0.76514
-0.77679
-0.78797
-0.79868
-0.8089
-0.81864
-0.82786
-0.83658
-0.84481
-0.85254
-0.85978
-0.51512
-0.53013
-1.331
-1.3176
-1.304
-1.2894
-1.2751
-1.2627
-1.2473
-1.2319
-1.3848
-1.3636
-1.3424
-0.96066
-0.96467
-1.018
-1.026
-1.0102
-0.43033
-0.44591
-0.45492
-0.40717
-0.42429
-0.54809
-0.65108
-0.65074
-0.55917
-0.56077
-0.58552
-0.7332
-0.72643
-0.72934
-0.68294
-0.67155
-0.95812
-0.93801
-0.95261
-1.0015
-0.95198
-0.81862
-0.69767
-0.67302
-0.68796
-0.66964
-0.66723
-0.54126
-0.50345
-0.43722
-0.41961
-0.41797
-0.24817
-0.23131
-0.21386
-0.17058
-0.17268
-0.21425
-0.27893
-0.28962
-0.27772
-0.25111
-0.19162
-0.23278
-0.24031
-0.24877
-0.22156
-0.20512
-0.26602
-0.23124
-0.19324
-0.17208
-0.15703
-0.11637
-0.032175
0.01809
0.041995
0.044833
0.022954
0.06914
0.099699
0.12685
0.151
0.19509
0.27128
0.26864
0.25872
0.27899
0.313
0.32704
0.29998
0.29958
0.31692
0.34168
0.37896
0.38276
0.40141
0.4212
0.42643
0.40614
0.38391
0.42053
0.45697
0.47136
0.47438
0.48728
0.52733
0.54732
0.56301
0.58226
0.59295
0.61234
0.61847
0.62763
0.65278
0.69874
0.73966
0.73634
0.73315
0.7379
0.74634
0.75386
0.75002
0.75709
0.76176
0.75771
0.75753
0.75798
0.76739
0.77535
0.77224
0.75253
0.73421
0.74511
0.75855
0.77156
0.7828
0.7898
0.79915
0.80054
0.80334
0.81251
0.82186
0.82785
0.82457
0.81798
0.81567
0.82637
0.83797
0.82969
0.81747
0.80269
0.78644
0.7731
0.76032
0.75388
0.74836
0.73735
0.72162
0.70676
0.69951
0.69623
0.69081
0.6752
0.65706
0.65027
0.64474
0.63964
0.63655
0.63247
0.62524
0.61064
0.59244
0.57748
0.56801
0.55831
0.54225
0.52255
0.5031
0.48893
0.476
0.45673
0.43799
0.41931
0.39727
0.37341
0.35199
0.33645
0.32405
0.30938
0.28948
0.26834
0.25037
0.23364
0.2166
0.19725
0.17737
0.16003
0.14066
0.12021
0.10257
0.087407
0.070523
0.049396
0.025755
0.0028138
-0.016771
-0.0349
-0.054216
-0.073533
-0.092794
-0.1119
-0.13161
-0.15254
-0.17149
-0.18907
-0.20842
-0.23021
-0.25225
-0.27367
-0.29402
-0.31058
-0.32512
-0.33993
-0.35548
-0.37072
-0.38491
-0.39862
-0.41226
-0.42611
-0.44037
-0.45479
-0.46927
-0.48366
-0.49833
-0.51331
-0.52868
-0.54366
-0.55837
-0.57268
-0.58586
-0.59844
-0.61097
-0.62333
-0.63576
-0.64822
-0.65941
-0.66969
-0.67973
-0.68948
-0.69909
-0.70844
-0.71719
-0.72564
-0.73378
-0.74148
-0.74908
-0.75686
-0.76433
-0.77121
-0.77772
-0.7836
-0.78884
-0.79369
-0.79818
-0.80216
-0.8054
-0.80789
-0.80992
-0.81158
-0.81292
-0.81415
-0.81504
-0.81533
-0.81503
-0.81425
-0.81317
-0.81168
-0.80957
-0.80685
-0.80364
-0.80001
-0.79597
-0.79152
-0.78669
-0.78138
-0.77552
-0.76922
-0.76253
-0.75539
-0.74776
-0.7396
-0.73088
-0.72156
-0.71174
-0.70145
-0.69077
-0.67982
-0.66853
-0.65672
-0.64439
-0.63155
-0.61827
-0.60462
-0.59057
-0.57605
-0.56113
-0.54585
-0.53023
-0.51429
-0.49804
-0.48149
-0.46463
-0.4475
-0.43008
-0.41236
-0.39436
-0.37604
-0.3574
-0.33841
-0.31912
-0.2996
-0.27988
-0.25998
-0.23994
-0.21971
-0.19925
-0.17859
-0.1578
-0.13689
-0.11585
-0.094667
-0.073373
-0.052004
-0.030581
-0.0091146
0.012375
0.033869
0.05536
0.07684
0.098294
0.11972
0.14112
0.16248
0.18378
0.20504
0.22623
0.24731
0.26826
0.28905
0.30966
0.3301
0.35036
0.37045
0.39032
0.40998
0.42939
0.44857
0.46751
0.48617
0.50455
0.52262
0.54038
0.55781
0.5749
0.59164
0.60803
0.62404
0.63968
0.65494
0.66982
0.68431
0.69839
0.71206
0.72529
0.73807
0.75039
0.76224
0.77362
0.78453
