-0.74751
-0.73457
-0.72133
-0.70765
-0.69346
-0.67898
-0.66398
-0.64861
-0.63294
-0.61659
-0.60019
-0.58325
-0.5661
-0.5485
-0.5306
-0.51244
-0.49387
-0.47517
-0.45612
-0.43671
-0.41716
-0.39725
-0.37715
-0.35686
-0.33628
-0.31559
-0.2947
-0.27357
-0.25228
-0.2308
-0.20917
-0.18743
-0.16556
-0.1436
-0.12156
-0.09939
-0.077213
-0.054991
-0.032745
-0.010474
0.011808
0.034066
0.056309
0.07849
0.10062
0.12271
0.14472
0.16664
0.18846
0.21016
0.23174
0.25316
0.27443
0.29555
0.31649
0.33726
0.35784
0.37819
0.39832
0.4182
0.43784
0.45722
0.47631
0.49511
0.51361
0.53179
0.54966
0.56718
0.58437
0.60119
0.61765
0.63373
0.64943
0.66475
0.67966
0.69415
0.70823
0.72187
0.73508
0.74785
0.76017
0.77203
0.78344
0.79437
0.80482
0.81478
0.82425
0.83323
0.8417
0.84966
0.8571
0.86402
0.87042
0.87629
0.88163
0.88644
0.89071
0.89443
0.89762
0.90027
0.90237
0.90393
0.90494
0.9054
0.90531
0.90468
0.9035
0.90178
0.89952
0.89671
0.89336
0.88947
0.88504
0.88008
0.87458
0.86856
0.86201
0.85493
0.84734
0.83924
0.83063
0.82151
0.8119
0.80179
0.79121
0.78014
0.7686
0.7566
0.74414
0.73121
0.71785
0.70406
0.68985
0.67525
-0.04248
-0.040256
-0.82447
-0.79499
-0.76578
-0.73763
-0.70869
-0.67571
-0.64548
-0.61744
-0.26926
-0.24963
-0.23
0.14159
0.12696
0.24236
0.26851
0.24816
0.78492
0.7345
0.65989
0.48682
0.43815
0.33034
0.26268
0.22571
-0.14941
-0.18548
-0.19009
-0.32213
-0.30218
-0.25141
-0.30127
-0.26629
-0.60349
-0.57866
-0.42975
-0.21587
-0.1873
-0.035535
0.10181
0.093852
0.14442
0.15906
0.12576
0.23633
0.18854
0.084877
0.069066
0.032495
0.13251
0.097365
0.0019065
-0.12644
-0.13608
-0.17925
-0.25188
-0.19828
-0.18753
-0.1822
-0.11841
-0.15097
-0.10892
-0.0097086
0.020372
0.020346
-0.048698
-0.051307
-0.052168
-0.0064931
-0.020109
-0.010706
0.024437
-0.043147
-0.085629
-0.096888
-0.16062
-0.15963
-0.15919
-0.17773
-0.17401
-0.14068
-0.079442
-0.05968
-0.028888
-0.047955
-0.024966
-0.0011922
-0.021507
0.011644
0.041007
0.039028
0.05624
0.03148
-0.0013794
-0.015825
-0.028502
-0.074686
-0.12891
-0.14419
-0.17332
-0.16414
-0.16972
-0.17777
-0.14454
-0.12944
-0.12541
-0.10661
-0.096606
-0.069109
-0.030043
-0.0034733
0.0074545
0.049094
0.087811
0.07949
0.079729
0.063442
0.04906
0.037133
-0.00020061
-0.027334
-0.036718
-0.052866
-0.069225
-0.084463
-0.10133
-0.11467
-0.11051
-0.1234
-0.13118
-0.10155
-0.079672
-0.056718
-0.032857
-0.014139
0.014549
0.039447
0.048286
0.055112
0.064568
0.064904
0.060476
0.058775
0.047725
0.047368
0.04638
0.020202
0.00028807
-0.013617
-0.028352
-0.037301
-0.044063
-0.049132
-0.044486
-0.035047
-0.028815
-0.016482
2.5561e-005
0.0096962
0.022767
0.028499
0.030496
0.047143
0.060978
0.066545
0.070836
0.071071
0.066455
0.061883
0.054279
0.043597
0.03818
0.031119
0.020357
0.016321
0.013251
0.01538
0.022376
0.021534
0.020261
0.02462
0.029845
0.035291
0.044187
0.051933
0.058709
0.066637
0.068833
0.069318
0.072971
0.072278
0.069026
0.062783
0.053908
0.050041
0.048875
0.045154
0.041625
0.040559
0.037539
0.034845
0.034423
0.034132
0.038097
0.044087
0.046838
0.050744
0.056212
0.062056
0.067918
0.070456
0.06984
0.069607
0.068732
0.064708
0.063449
0.066841
0.070064
0.075327
0.0818
0.088695
0.096839
0.10479
0.11103
0.11679
0.12284
0.1289
0.13504
0.14139
0.14826
0.15536
0.1634
0.17159
0.1797
0.18773
0.19556
0.20259
0.20766
0.2115
0.21511
0.21819
0.22125
0.22606
0.23122
0.23585
0.2394
0.24263
0.24613
0.24935
0.25134
0.25214
0.25253
0.25279
0.25265
0.25187
0.25093
0.25007
0.24921
0.24872
0.24829
0.24741
0.24592
0.24372
0.24038
0.23592
0.23093
0.22545
0.21959
0.21385
0.20784
0.20113
0.19377
0.18589
0.17772
0.16928
0.16019
0.1504
0.14014
0.12954
0.11864
0.10747
0.096039
0.084415
0.072727
0.060967
0.048963
0.036669
0.024064
0.011064
-0.0024938
-0.016699
-0.031273
-0.04604
-0.060983
-0.075965
-0.090959
-0.10615
-0.1216
-0.13719
-0.15279
-0.16842
-0.18423
-0.20028
-0.21648
-0.2327
-0.24891
-0.2651
-0.28125
-0.29733
-0.31333
-0.32921
-0.34496
-0.36062
-0.37622
-0.39177
-0.40731
-0.42289
-0.43842
-0.45379
-0.46897
-0.48386
-0.49845
-0.51282
-0.52699
-0.54095
-0.55463
-0.56801
-0.58111
-0.59397
-0.60657
-0.61886
-0.63079
-0.64234
-0.6535
-0.66428
-0.67465
-0.68459
-0.69409
-0.70316
-0.71182
-0.72007
-0.72794
-0.73546
-0.74258
-0.74926
-0.75547
-0.76117
-0.76635
-0.77103
-0.77524
-0.77899
-0.78224
-0.78496
-0.78719
-0.78892
-0.79017
-0.7909
-0.79111
-0.79078
-0.78992
-0.78851
-0.78658
-0.7841
-0.78108
-0.77753
-0.77346
-0.76888
-0.76381
-0.75825
-0.75222
-0.74569
-0.73866
-0.7311
-0.72302
-0.71444
-0.70537
-0.69582
