-0.0689448031342901
-0.0911052579017274
-0.164980438871609
-0.171022115337282
-0.177093400808192
-0.183190185962467
-0.189309966943095
-0.195447862523293
-0.243658557312972
-0.265093789397444
-0.286138501837357
-0.307013283269676
-0.327719581589046
-0.348229346018509
-0.368531020906129
-0.389072138561189
-0.409381091945558
-0.429259735385203
-0.448677862939129
-0.467821938915288
-0.486683237012892
-0.505255556071186
-0.523527114422695
-0.541610134751641
-0.559282862379414
-0.576611673741787
-0.593592756889375
-0.610074158789594
-0.626328527525471
-0.642268180023729
-0.657758529958012
-0.672856876790363
-0.683305446369321
-0.690081515481453
-0.710320258579263
-0.728778716283572
-0.741711575240177
-0.754155727880307
-0.766147821143855
-0.777682902288269
-0.788744101109419
-0.799459399910152
-0.809931322640783
-0.819706522701380
-0.828868986865488
-0.837530206650278
-0.845688646960974
-0.853321155658651
-0.860435001976288
-0.867114337477784
-0.873247205476839
-0.878818100139973
-0.883845432714724
-0.888298022562489
-0.892258836908089
-0.895746518270814
-0.898652279846878
-0.900986405572468
-0.901559398066199
-0.899365168622669
-0.900727431616404
-0.904602772516338
-0.904673177659874
-0.903708853614791
-0.902189599019964
-0.900129140761215
-0.897520970793604
-0.894417499699081
-0.890904910685072
-0.886798588167383
-0.882068426623253
-0.876791578896225
-0.870990566410169
-0.864656114346989
-0.857783919852847
-0.850438080408301
-0.842591326786598
-0.834205633639639
-0.825298124400290
-0.815883801170591
-0.805983209083394
-0.795639621628440
-0.784805737970076
-0.773469295906031
-0.761263495389992
-0.747605491373055
-0.734506894914137
-0.722987256827380
-0.710122679108712
-0.696125363870376
-0.681655598387223
-0.666776419863494
-0.651490640548715
-0.635830510071335
-0.619843216785761
-0.603488205143231
-0.586714116844462
-0.569569225719991
-0.552081160291729
-0.534260303885308
-0.516102922349069
-0.497652715716955
-0.478918378783214
-0.459882660022353
-0.440551624818942
-0.420952694360453
-0.401099264781304
-0.381026165338934
-0.360726416805187
-0.340192604914652
-0.319310162915516
-0.297835365242355
-0.276342512777786
-0.255625444394094
-0.234753198767785
-0.213273542147786
-0.191554488995081
-0.169717081335056
-0.147775165402802
-0.125752043378950
-0.103677078042131
-0.0815553506223408
-0.0593605718519427
-0.0371151415363609
-0.0148460277756113
0.00742980340709597
0.0297079136673361
0.0519624540557294
0.0741712157010273
0.0963338005050960
0.118453912718509
0.140505612963494
0.162471502207921
0.184329560380570
0.206069231983447
0.227691289410170
0.249228032383298
0.270771710760028
0.292170168562932
0.313016473443137
0.333504222449396
0.353987509863518
0.374370194807155
0.394542677876862
0.414478951169142
0.434160683744729
0.453570106755404
0.472692895081694
0.491537760435580
0.510094456974994
0.528346232345836
0.546275421860121
0.563878254911624
0.581137280873132
0.598039367590407
0.614571199402979
0.630742408585206
0.646534703387792
0.661937749856363
0.676933724531548
0.691517821555683
0.705682938348159
0.719443121404656
0.732828100355752
0.745806576915137
0.758197384148017
0.770003921923814
0.781395671962312
0.792394610853345
0.802932516862144
0.812990862242423
0.822552644947711
0.831616021217515
0.840165991404158
0.848212288335201
0.855747059080030
0.862770656112301
0.869267535006677
0.875243420742451
0.880685650298620
0.885596317051968
0.889962733923194
0.893797892593114
0.897091416837530
0.899847250334373
0.902051991716987
0.903713043535687
0.904822408950498
0.905396580285538
0.905442801866814
0.904968406374360
0.903899433243977
0.902218276632768
0.899986599145754
0.897255776172695
0.893996871402855
0.890205921701011
0.885871006732968
0.881003470541231
0.875594328360221
0.869659822898280
0.863196367105933
0.856217845784857
0.848716062209633
0.840706134284321
0.832182554548363
0.823159531998091
0.813631078357298
0.803615926969902
0.793111474231132
0.782133054888426
0.770675462917519
0.758755286270296
0.746370164364088
0.733534157319016
0.720260422389577
0.706573300830391
0.692442885008783
0.677865685054242
0.662862072589434
0.647479378244925
0.631717627839578
0.615578138763640
0.599056349130971
0.582178990426114
0.564955711917090
0.547382717175567
0.529477832749194
0.511261258933774
0.492735259539745
0.473888356020860
0.454778740031576
0.435398526718249
0.415728516267923
0.395835162932720
0.375683307573747
0.355290637699868
0.334711310660829
0.313927827232336
0.292935994114029
0.271776247619785
0.250447395341459
0.228980730833515
0.207374542773601
0.185633245951096
0.163765401969153
0.141795083546858
0.119758761255702
0.0976465229759941
0.0754821026741329
0.0532654948099713
0.0310211911991398
0.00876328971115468
-0.0135070818455989
-0.0357677202143256
-0.0580112295995835
-0.0802103811951139
-0.102344642305914
-0.124425707665364
-0.146432120602073
-0.168347293990335
-0.190161358607508
-0.211864984387358
-0.233429186822018
-0.254852641486684
-0.276129550409814
-0.297236588228451
-0.318165627122367
-0.338897180210023
-0.359412414541249
-0.379700861107499
-0.399766067825055
-0.419594158559418
-0.439160144762040
-0.458460361253509
-0.477478661508156
-0.496208854214292
-0.514640837639404
-0.532758051532567
-0.550553038413065
-0.568018530513072
-0.585138143231870
-0.601902139464200
-0.618287234270428
-0.634300213361047
-0.649928156998165
-0.665165485672286
-0.679996804624596
-0.694421531651252
-0.708419934251916
-0.721991387838044
-0.735125143227968
-0.747817674837173
-0.760055023514407
-0.771834171736148
-0.783138241166649
-0.793966565603476
-0.804312610782976
-0.814178553574954
-0.823546374785089
-0.832418372217336
-0.840781761037641
-0.848639964739733
-0.855982420495821
-0.862810030395755
-0.869111480963389
-0.874893028031265
-0.880140961228707
-0.884860314354161
-0.889034752606286
-0.892674299523204
-0.895770111686702
-0.898329608436453
-0.900340748190859
-0.901813298026324
-0.902734931714652
-0.903114875582107
-0.902944332077880
-0.902233907080229
-0.900972964650846
-0.899172280234116
-0.896820802437711
-0.893930013620703
-0.890493281709417
-0.886525210782822
-0.882015804808825
-0.876977902148798
-0.871404040455601
-0.865308666587671
-0.858685444702653
-0.851548736144430
-0.843891687116347
-0.835730808780319
-0.827059663742381
-0.817894013216400
-0.808226784706453
-0.798075144914371
-0.787436068389655
-0.776327113638073
-0.764743804845095
-0.752704189498948
-0.740204532864980
-0.727262621913627
-0.713876246227138
-0.700064433135210
-0.685824760989653
-0.671175990519246
-0.656116022979912
-0.640663744262244
-0.624819099525600
-0.608602734801361
-0.592014284080019
-0.575072907183094
-0.557779320284877
-0.540153543891216
-0.522197246589163
-0.503930429942697
-0.485354875389817
-0.466490998817758
-0.447341516386111
-0.427926257162954
-0.408247996032417
-0.388326606477947
-0.368166912730833
-0.347789248521201
-0.327198232274700
-0.306413700494944
-0.285441001353413
-0.264299546670288
-0.242995485011827
-0.221548493161620
-0.199965143000937
-0.178264436386853
-0.156453345138822
-0.134550449548736
-0.112563748040943
-0.0905122230013045
-0.0684043418752181
-0.0462578447219959
-0.0240816174203687
-0.00189330313517266
0.0202974985531321
0.0424736444580937
0.0646252605020977
0.0867357268418759
0.108794510156708
0.130785765236921
0.152698817308452
0.174518501857922
0.196233211218843
0.217827995035429
0.239291088019125
0.260608533823184
0.281768204232793
0.302756934676425
0.323562245840787
0.344171513283880
0.364571926821926
0.384751845458825
0.404698309531133
0.424400548394845
0.443845215459988
0.463022033943418
0.481917339937685
0.500522058377706
0.518822529244137
0.536810438775070
0.554471849371170
0.571799331641163
0.588778907791221
0.605404115047055
0.621660813803588
0.637543525567541
0.653038206173440
0.668140398945940
0.682835874124268
0.697120893568152
0.710981261567173
0.724414382337524
0.737406159762649
0.749954998831095
0.762046899939196
0.773681172522257
0.784843887694187
0.795535417463393
0.805742066035737
0.815465226362353
0.824691348684670
0.833422662797929
0.841645741339132
0.849363903455989
0.856564101038885
0.863250602091243
0.869410572193244
0.875049212922212
0.880154026067413
0.884731190480210
0.888768528662880
0.892273152645734
0.895233318991983
0.897657099691971
0.899533103414658
0.900870178951903
0.901657327876643
0.901904344263612
0.901600730258829
0.900757141809885
0.899363568953680
0.897431465012362
0.894951291241020
0.891935319186485
0.888374580646894
0.884282137561418
0.879649561802357
0.874490592358542
0.868797311306677
0.862584187189264
0.855843958054477
0.848591772468635
0.840820944656246
0.832547234595859
0.823764582908811
0.814489358221277
0.804716135061899
0.794461831276281
0.783721694261250
0.772513179973816
0.760832187220305
0.748696591022480
0.736102928555644
0.723069525151902
0.709593627235797
0.695693953545825
0.681368441115435
0.666636137848906
0.651495654876612
0.635966334231075
0.620047501735625
0.603758758976809
0.587100128172721
0.570091385673572
0.552733218939025
0.535045554922014
0.517029805494447
0.498706014839569
0.480076276380770
0.461160675355952
0.441961989792926
0.422500316161683
0.402779113612487
0.382818432249847
0.362622409842887
0.342211016819257
0.321589052560349
0.300776326311209
0.279778266253514
0.258614497115918
0.237291098702319
0.215827468178635
0.194230309830815
0.172518735429380
0.150700046838545
0.128793024689943
0.106805566591160
0.0847560871224827
0.0626530547330248
0.0405144565349111
0.0183492943080035
-0.00382491178755627
-0.0259986222847161
-0.0481548110389887
-0.0702834364438779