0.816502187293353
0.825831939837560
0.312916190693622
0.316981235196022
0.320902765458285
0.324677542020052
0.328290521218287
0.331738613419499
0.904847030284377
0.904856075123242
0.909293628153844
0.913202749189330
0.916596029182113
0.919452492100809
0.921774817514422
0.926628894174120
0.930164034084145
0.929274575027246
0.929405580171789
0.928988845265502
0.928036011393600
0.926538121281756
0.924506399881109
0.923626972059334
0.920468016384521
0.916781129324304
0.912559758854106
0.906664998198570
0.901933764904551
0.897109738637002
0.890756676450856
0.883898141904929
0.611608866775412
0.613599361527402
0.803960574220740
0.886496293009902
0.874926240177786
0.864225688029495
0.852736926135465
0.841024529440704
0.828532090327435
0.817150461503005
0.806662902314476
0.792550131382655
0.778315813144953
0.764153523392058
0.749629331407409
0.733737672037108
0.718306717845795
0.703548178928737
0.687598572305847
0.670446225017438
0.653162592565908
0.635004397548490
0.617627900420773
0.600519869303611
0.582211298593256
0.561966112100154
0.476461731588749
0.397372682942928
0.444070538684186
0.501902368746198
0.488311737013357
0.466757899555067
0.444918623806939
0.422948669636305
0.400534579899895
0.378905358969946
0.358047518113909
0.335754272458083
0.312686133770985
0.289939313206905
0.267243613875007
0.243882909330949
0.220537702243081
0.197981713248533
0.175283648112118
0.151718575305413
0.128086318577427
0.104316885481984
0.0810627772989118
0.0583272433191322
0.0352560334531410
0.0109186668738344
-0.0329557091861381
-0.0925745822372943
-0.0986542379065173
-0.0800915636808454
-0.0898549319359735
-0.113129924506735
-0.136924329265708
-0.160584604646049
-0.184162586130811
-0.207172462911447
-0.229367182961838
-0.251705321813408
-0.274464803207333
-0.296864972139013
-0.318832387140069
-0.340783395629378
-0.362624737279050
-0.383680321401716
-0.404278201912667
-0.425042495091085
-0.445699153220532
-0.466028647906833
-0.485810160260985
-0.504886875936519
-0.523677510087891
-0.542829209661859
-0.568104970998478
-0.602620028912929
-0.619623085140266
-0.617935001681782
-0.623087508510874
-0.638236140110885
-0.654854613305172
-0.671091311865430
-0.686885371552621
-0.702070746879846
-0.716408018311202
-0.730276192413621
-0.744024243030367
-0.757332975492817
-0.770000268406562
-0.782220353287418
-0.794062488660133
-0.805171032643071
-0.815542982304865
-0.825564172914941
-0.835256791868742
-0.844417843506169
-0.852928315538794
-0.860679345843548
-0.867832600708333
-0.874751447979562
-0.883419625850943
-0.895963072080151
-0.903676657416093
-0.900870780931251
-0.897335897247894
-0.898728283363016
-0.901923561962032
-0.904698110691147
-0.906900985615378
-0.908458978923037
-0.909247523397538
-0.909376533247402
-0.909090120887529
-0.908315922783003
-0.906910605093400
-0.904915890541751
-0.902430896158826
-0.899302120904588
-0.895468731867074
-0.891096738646217
-0.886307944580570
-0.880992592163200
-0.875081363534416
-0.868501230334779
-0.861323654506898
-0.853740381050982
-0.846446924581864
-0.840550581545863
-0.833467239161964
-0.821362087012385
-0.807089808203310
-0.794571250118040
-0.783320020170489
-0.771948329563485
-0.760112255163197
-0.747765801916582
-0.734863949586762
-0.721423192129967
-0.707588493080967
-0.693378852082486
-0.678729398854586
-0.663630884840077
-0.648154993071264
-0.632258536542661
-0.615895972371301
-0.599130275295546
-0.582065617969614
-0.564675084733900
-0.546921099079195
-0.528765088948401
-0.510240145232876
-0.491443157568889
-0.472652666795697
-0.454365434554063
-0.435909411728593
-0.415408811639711
-0.393298752244955
-0.371590035715450
-0.350710841009200
-0.330012138114215
-0.309154949601676
-0.288088293006587
-0.266801154685875
-0.245293955323889
-0.223643287385877
-0.201890439846872
-0.180020710719242
-0.158021697151640
-0.135934244825060
-0.113761010527318
-0.0914826719353509
-0.0691218891883887
-0.0467459571259358
-0.0243679999981523
-0.00197327788429606
0.0204539940597082
0.0428979775337233
0.0653064851589052
0.0875509004156052
0.109418884807417
0.131052788743537
0.153233619445537
0.176114254449803
0.198846844675207
0.220934047117413
0.242569670296324
0.263991537577662
0.285256810002061
0.306371276361038
0.327331619107741
0.348099178038176
0.368628149672791
0.388928425992722
0.409006793027891
0.428829736143433
0.448399795992710
0.467714005369777
0.486750119777262
0.505498951856919
0.523911562216674
0.541994199321812
0.559777237074225
0.577238005959650
0.594342650170069
0.611036826123919
0.627227979381864
0.642909842990294
0.658413234358255
0.673929589825965
0.689145178086993
0.703695111810560
0.717620402017490
0.731046398284517
0.744023595647797
0.756546902049979
0.768643182650854
0.780295842527968
0.791441680529679
0.802108385859776
0.812283475179469
0.821957669984886
0.831139280940733
0.839807456519260
0.847969869185197
0.855630083349090
0.862742162739726
0.869337166031754
0.875423237810948
0.880986016781213
0.886011333284959
0.890483659169532
0.894349720955116
0.897622382414742
0.900394584423083
0.902806638689625
0.904775704705095
0.906120325222750
0.906793563055539
0.906867399610763
0.906380801092605
0.905353267119761
0.903782915295906
0.901682892218886
0.899027301978205
0.895823657770558
0.892078228537499
0.887787568794911
0.882941171758071
0.877571065944522
0.871664459048914
0.865241719179383
0.858283125427977
0.850806416305354
0.842820226306700
0.834334911568116
0.825342649607014
0.815850229883547
0.805833842237587
0.795308025039893
0.784305329829824
0.772906800308014
0.761106408487111
0.748837000770336
0.736050908423572
0.722787983993029
0.709074326572045
0.694939586766602
0.680384819896821
0.665432086461378
0.650073893789167
0.634324283197584
0.618188569287599
0.601682736225322
0.584802758894854
0.567576534400270
0.550004541488980
0.532108745025892
0.513886853614012
0.495357165971210
0.476528573374775
0.457421755431423
0.438037673459709
0.418392712141927
0.398482286986624
0.378322946515927
0.357931724976582
0.337356967178787
0.316613918625265
0.295689730327644
0.274559236005844
0.253244632768287
0.231766591071840
0.210153215627039
0.188413727287982
0.166568720135543
0.144623784712037
0.122594385180623
0.100489774143374
0.0783283464681650
0.0561162996636512
0.0338738792780933
0.0116116169123710
-0.0106526629393114
-0.0329102776548582
-0.0551458637102072
-0.0773470426570299
-0.0994959473997023
-0.121582800783998
-0.143593471574905
-0.165520451149086
-0.187351073832177
-0.209069845879348
-0.230650240383106
-0.252071827346444
-0.273331503682224
-0.294433942250928
-0.315369535611247
-0.336119595832056
-0.356666153342565
-0.376994207682142
-0.397091507629471
-0.416945276010469
-0.436546521477067
-0.455881997972589
-0.474941525893017
-0.493712388689394
-0.512185296973538
-0.530345397527461
-0.548184474970512
-0.565688841390448
-0.582852253914787
-0.599660127959648
-0.616105310637737
-0.632173785970667
-0.647861139289425
-0.663154746889089
-0.678051804757273
-0.692537103486258
-0.706602468850068
-0.720228667039659
-0.733416087718691
-0.746158701921299
-0.758459060693176
-0.770301277958948
-0.781681804330186
-0.792585146001635
-0.803011447510754
-0.812947014413008
-0.822394236075155
-0.831339980982203
-0.839786726424153
-0.847721434888166
-0.855147780508001
-0.862052244326067
-0.868439203405244
-0.874295996834905
-0.879628559103855
-0.884424455822277
-0.888689696253628
-0.892412096812115
-0.895599421559051
-0.898240681013150
-0.900344959421130
-0.901900858358012
-0.902915681947996
-0.903375971148343
-0.903292043183704
-0.902656955311084
-0.901484338998368
-0.899764159741574
-0.897506554544600
-0.894701058849818
-0.891359795131860
-0.887473861314141
-0.883056840788600
-0.878100740099452
-0.872619566971376
-0.866605664268456
-0.860073812244032
-0.853016725264427
-0.845449608738916
-0.837365971593913
-0.828781962964338
-0.819691786878125
-0.810111819506672
-0.800036699987292
-0.789483654234393
-0.778448417992055
-0.766948971201943
-0.754981485510339
-0.742563309689147
-0.729689957251219
-0.716379596037720
-0.702630973796326
-0.688464484397355
-0.673878615858215
-0.658891844733595
-0.643502340788607
-0.627729232883524
-0.611571967243109
-0.595050320318749
-0.578164677686848
-0.560934934808170
-0.543362016281038
-0.525465941620073
-0.507248272245024
-0.488728989025954
-0.469910376177383
-0.450812610242361
-0.431438740219319
-0.411808806734025
-0.391926389196500
-0.371811553286021
-0.351468767131810
-0.330918144127212
-0.310164767089055
-0.289228163734020
-0.268113407272480
-0.246839771391459
-0.225413951614085
-0.203856054729488
-0.182173337944411
-0.160384588761973
-0.138496936135977
-0.116528840448617
-0.0944882986877529
-0.0723936320360867
-0.0502535533926622
-0.0280859633784437
-0.00590004090140899
0.0162868234902438
0.0384649487094443
0.0606175164102666
0.0827343578292378
0.104799145198874
0.126801181062635
0.148724770612409
0.170558850539713
0.192288355197043
0.213901704121676
0.235384413494455
0.256724503284007
0.277908360516929
0.298923947997974
0.319758507832426
0.340399321056168
0.360833846963833
0.381048910809065
0.401033179939398
0.420773643262545
0.440259890763589
0.459478556236758
0.478419940904081
0.497070377903955
0.515421018260983
0.533458050164707
0.551173551617429
0.568553581019938
0.585591155317107
0.602272238662853
0.618590756927999
0.634532568427373
0.650092552357269
0.665256565892024
0.680020461343262
0.694370053385810
0.708302116832045
0.721802479039758
0.734868953298795
0.747487567394767
0.759657205768395
0.771363887413154
0.782607225556892
0.793373225474911
0.803662624002697
0.813461819511485