-0.747557384159772
-0.734726681936537
-0.147935751821843
-0.145959119858522
-0.143809364649880
-0.141487356057376
-0.138980554274986
-0.136290750896006
-0.661188472971209
-0.639762285725704
-0.623155126316396
-0.606189465919565
-0.588876447593923
-0.571223146082688
-0.553243796608668
-0.537556755613295
-0.520782942138941
-0.500014839642387
-0.480727717232993
-0.461166906350888
-0.441352774381464
-0.421282565211109
-0.400979285458942
-0.382016837308245
-0.361185154005644
-0.340169455583009
-0.318967001965217
-0.296590839409662
-0.275605237379744
-0.254841558613919
-0.232998146493470
-0.211041265115148
0.0716965795933384
0.0764821539536290
-0.0936403156417951
-0.157717576726654
-0.133214664937849
-0.110069960149424
-0.0865891049919145
-0.0633416271526254
-0.0397879892182237
-0.0176910615931067
0.00326842032616937
0.0271563913186179
0.0505531737204151
0.0733766832581110
0.0960593155534623
0.119583483621447
0.142128284130404
0.163566158548945
0.185648633170897
0.208371875122534
0.230682840148698
0.253293625013851
0.274630936487212
0.295226648967110
0.316440981253545
0.339020293472258
0.425097666477411
0.501992485679691
0.456656892932159
0.402700403770124
0.416361440646560
0.436950954059802
0.457270975213096
0.477180471124984
0.496986390893799
0.515512140729222
0.532857392571277
0.551044315709444
0.569382292852428
0.586852265689496
0.603746952535364
0.620773205016293
0.637246217610067
0.652456367160085
0.667307678674816
0.682487058334609
0.697211805823267
0.711566915689005
0.724920431784878
0.737312378309709
0.749549704517354
0.762550629032636
0.794219204576581
0.840180073610816
0.833161132821134
0.803078820508718
0.799977611045199
0.809255288377649
0.818579927653472
0.827361024510086
0.835653226680068
0.843002972983326
0.849210399748163
0.855193526957221
0.861178920052387
0.866434197859605
0.870913547432407
0.875043699515304
0.878727659628745
0.881333037119310
0.883196580696536
0.884925155114117
0.886250778040169
0.886981342267978
0.886909425042976
0.885913041276143
0.884403926893772
0.883021814577213
0.887415133914702
0.900455394155998
0.895965597918773
0.873560446076606
0.857840707279401
0.851509682259424
0.846409102301007
0.840808393201238
0.834660536956174
0.827822790259544
0.820085096354081
0.811831543036709
0.803384814883056
0.794448117029922
0.784846296182915
0.774790549881062
0.764354574993534
0.753208578588078
0.741371766604571
0.729230372410579
0.716802879150967
0.703912230543401
0.690456813331584
0.676349785463680
0.661763368725582
0.647060158570083
0.634191593468330
0.625191361320799
0.611506488853829
0.587854307488775
0.563831674799151
0.544740773500145
0.527553367155516
0.510155432814913
0.492422034446852
0.474298295178912
0.455677416642725
0.436683638166289
0.417552360452518
0.398221465808565
0.378564372748107
0.358640468682160
0.338552641247719
0.318164840031961
0.297429364277158
0.276525539243717
0.255565535995831
0.234457888775860
0.213143613678486
0.191567505803647
0.169805832951614
0.148057442703204
0.127003803177574
0.107722481190460
0.0876606622471607
0.0631647028646840
0.0370858862797956
0.0131755781560113
-0.00907459068259053
-0.0309841872984115
-0.0528786070789966
-0.0747868430309191
-0.0967520716305611
-0.118742799274018
-0.140623795254078
-0.162368206997407
-0.184041257257597
-0.205636650166501
-0.227088427671106
-0.248427113755896
-0.269700344680623
-0.290832458627622
-0.311732274623492
-0.332416332103639
-0.352926151255207
-0.373286902768636
-0.393472898302879
-0.413379251381696
-0.432743913489946
-0.451077367312875
-0.469058994645910
-0.488490621604427
-0.508919524387991
-0.528396563430499
-0.546544935163708
-0.563984733288870
-0.581050972099584
-0.597782713726647
-0.614202315855641
-0.630300373036634
-0.646016535512721
-0.661305927259395
-0.676197135065967
-0.690694365058361
-0.704771889459644
-0.718421544021444
-0.731676860063154
-0.744509189169338
-0.756869969844409
-0.768743474233437
-0.780159777004602
-0.791129456977715
-0.801653263804521
-0.811676649523509
-0.821085057735151
-0.829679307197536
-0.837626089574483
-0.845676504454887
-0.853979939504623
-0.861708917265230
-0.868413425362938
-0.874287298136513
-0.879569676341923
-0.884313159133663
-0.888550266787792
-0.892287331025481
-0.895481895214402
-0.898105982422652
-0.900189684927172
-0.901742052568318
-0.902718092164982
-0.903178536024982
-0.903112532088729
-0.902478636045891
-0.901334114790351
-0.899594869791139
-0.897284837022402
-0.894488547735780
-0.891165833192715
-0.887278644284832
-0.882813073744440
-0.877675374724060
-0.871890573824547
-0.865787777132597
-0.859562835777802
-0.852910580056887
-0.845490195358159
-0.837379163273932
-0.828692921261250
-0.819505698322669
-0.809812396860687
-0.799664373850728
-0.789059132239855
-0.777934598684809
-0.766340665646176
-0.754272245580606
-0.741747288790489
-0.728794638635531
-0.715381748854601
-0.701537748583825
-0.687282789359449
-0.672580804132906
-0.657472181645076
-0.641994050989602
-0.626133375295193
-0.609881782875801
-0.593247070941729
-0.576184093833388
-0.558725202205348
-0.540982169882452
-0.523105777582735
-0.505009636880637
-0.486526166663918
-0.467633418294074
-0.448407038357817
-0.428902139584999
-0.409144412906007
-0.389142077657029
-0.368924840686832
-0.348474263565640
-0.327805127257973
-0.306940085306102
-0.285885429331169
-0.264653937488086
-0.243270852583904
-0.221736302051163
-0.200076233507496
-0.178286320803763
-0.156384884654471
-0.134400292055137
-0.112343523730408
-0.0902175063793668
-0.0680325550466778
-0.0457788187234668
-0.0234738533040152
-0.00116708866342819
0.0210597652952266
0.0432062022956470
0.0653415528044178
0.0874954663613336
0.109630388224142
0.131707434465448
0.153700377973002
0.175597600598887
0.197377943934284
0.219037587174146
0.240568744833622
0.261952391941067
0.283177578128817
0.304231993711429
0.325097765122948
0.345765570197755
0.366220863410612
0.386453894576916
0.406456132055202
0.426206358339982
0.445693120150807
0.464906658618312
0.483841194938461
0.502490677664397
0.520849333718383
0.538889077461297
0.556573046442101
0.573879363084355
0.590835480455398
0.607456568803219
0.623733269380766
0.639637449384035
0.655155450960922
0.670271717414977
0.684980016009211
0.699267902404649
0.713136423600050
0.726569889599377
0.739565666748621
0.752110485043202
0.764201265636693
0.775824451477715
0.786979776577830
0.797654082500413
0.807850053209628
0.817551575522497
0.826758569313829
0.835459047011648
0.843657904710639
0.851345212139275
0.858527064351969
0.865185868859819
0.871313984645921
0.876890926872627
0.881934238484177
0.886448226331549
0.890442442794952
0.893898916117551
0.896819697234410
0.899191454271943
0.901021937572813
0.902300151400939
0.903037520295484
0.903223514359367
0.902867783056644
0.901960384722479
0.900511903452158
0.898512310258973
0.895973723492397
0.892887073665837
0.889265954410425
0.885101129313757
0.880404857308725
0.875169270983197
0.869409632451751
0.863119889890734
0.856316241144834
0.848990448625791
0.841152918399515
0.832792415081314
0.823928310720706
0.814563043797228
0.804716905415882
0.794382895380024
0.783575107466065
0.772287647449206
0.760537803053360
0.748321753911608
0.735658509233972
0.722545470826183
0.709000961187915
0.695022617580393
0.680629278650753
0.665819033107891
0.650611208370475
0.635004908816432
0.619020025281318
0.602656251590122
0.585932761577834
0.568849850971949
0.551427908275783
0.533668754191826
0.515593113962900
0.497202548827462
0.478515133553723
0.459530755688915
0.440270009240835
0.420739615373936
0.400962280621186
0.380941630497950
0.360696115770031
0.340229209479136
0.319560463491172
0.298694953523381
0.277652725741993
0.256439926296298
0.235076041404255
0.213567458095421
0.191933413298483
0.170180851140533
0.148328715171124
0.126384710027085
0.104367580627142
0.0822856271157892
0.0601568206758740
0.0379898000483754
0.0158024817123999
-0.00639546970188499
-0.0285864462612196
-0.0507605805251848
-0.0729019166730108
-0.0950013914332729
-0.117043066760047
-0.139014767542662
-0.160899419058508
-0.182685485180562
-0.204358757357558
-0.225908231404563
-0.247319980038633
-0.268582058824267
-0.289680870161442
-0.310603850976031
-0.331338217837581
-0.351871302710980
-0.372191158071949
-0.392284831169704
-0.412141189926036
-0.431746951699366
-0.451091734021375
-0.470161990039651
-0.488948335076019
-0.507437179757357
-0.525619911726535
-0.543482524109378
-0.561017175059458
-0.578209813558042
-0.595053973827620
-0.611536154530117
-0.627650820967339
-0.643383359692864
-0.658728132460066
-0.673670620110373
-0.688207183706986
-0.702324008520608
-0.716018394147596
-0.729276284221427
-0.742095726185575
-0.754462581669636
-0.766375867898251
-0.777821653360270
-0.788800003464505
-0.799297135930208
-0.809314107433218
-0.818837286385366
-0.827868670351275
-0.836394808298943
-0.844418724158757
-0.851927291655683
-0.858924493046496
-0.865397358998846
-0.871350747726099
-0.876772005020213
-0.881667119494328
-0.886024076171297
-0.889849893506609
-0.893132539995811
-0.895879401886475
-0.898078716304147
-0.899739194779610
-0.900849919643966
-0.901420566120199
-0.901440546030349
-0.900920257066433
-0.899849491517107
-0.898239450511501
-0.896080460008271
-0.893384568437367
-0.890142633580975
-0.886367481629006
-0.882050504917063
-0.877205254044616
-0.871823667130393
-0.865920020536609
-0.859486875723545
-0.852539196773349
-0.845070100225062
-0.837095141522698
-0.828608045631627
-0.819625040421987
-0.810140622128500
-0.800171662304012
-0.789713181721863
-0.778782313770038
-0.767374603190896
-0.755507812964406
-0.743178383068301