-0.74743
-0.73419
-0.72087
-0.70745
-0.6932
-0.6785
-0.66372
-0.64854
-0.63254
-0.61647
-0.60034
-0.58317
-0.56591
-0.54861
-0.53067
-0.51232
-0.49393
-0.47502
-0.4561
-0.43689
-0.41699
-0.39716
-0.37731
-0.3567
-0.33608
-0.31554
-0.29451
-0.27321
-0.25203
-0.23071
-0.2089
-0.18721
-0.16542
-0.14354
-0.1214
-0.099284
-0.077251
-0.055004
-0.032693
-0.010511
0.011708
0.034061
0.056273
0.078426
0.10061
0.12262
0.14471
0.16666
0.18839
0.21015
0.23181
0.25319
0.27446
0.29567
0.3166
0.33729
0.35791
0.37827
0.39835
0.41821
0.43785
0.45724
0.47627
0.49505
0.51358
0.53175
0.54957
0.56713
0.58432
0.60113
0.6176
0.63367
0.64939
0.66473
0.67961
0.69411
0.70823
0.72187
0.73507
0.74787
0.7602
0.77204
0.78344
0.79439
0.80482
0.81477
0.82424
0.83322
0.84167
0.84961
0.85706
0.86399
0.87037
0.87625
0.8816
0.8864
0.89067
0.8944
0.89759
0.90025
0.90235
0.9039
0.90493
0.9054
0.9053
0.90468
0.90351
0.90178
0.89951
0.89671
0.89336
0.88946
0.88503
0.88007
0.87457
0.86853
0.86198
0.85491
0.84732
0.83921
0.83061
0.82149
0.81188
0.80177
0.79119
0.78013
0.76859
0.75658
0.74413
0.73121
0.71785
0.70406
0.68984
0.6752
0.66015
0.64471
0.62887
0.61266
0.59607
-0.14268
-0.14338
-0.14453
-0.14479
-0.20356
-0.34108
-1.0957
-1.0005
-0.96649
-0.90442
-0.75245
-0.6679
-0.66753
-0.70278
-0.70191
-0.70948
-0.69087
-0.64983
-0.622
-0.58702
-0.55731
-0.53149
-0.18163
-0.18793
-0.17834
-0.17072
-0.1844
-0.14736
0.17627
0.11863
0.11158
0.091358
0.23019
0.29012
0.56947
0.54315
0.51321
0.4734
0.44421
0.60257
0.74547
0.71001
0.63829
0.53066
0.22771
0.20124
0.17757
0.16048
0.20871
0.16218
0.019573
0.014431
-0.020746
-0.055623
-0.099397
-0.22653
-0.40058
-0.38891
-0.37896
-0.38018
-0.42799
-0.64529
-0.72023
-0.69036
-0.65552
-0.63177
-0.60645
-0.71622
-0.69597
-0.64487
-0.59747
-0.51634
-0.4357
-0.54386
-0.50396
-0.45041
-0.39312
-0.17635
-0.019118
-0.0064579
0.0059054
-0.00075998
0.0047382
0.14597
0.20667
0.2032
0.20017
0.2108
0.21775
0.3654
0.34935
0.31309
0.29647
0.27857
0.28535
0.42984
0.39321
0.33219
0.27588
0.16002
0.11231
0.12288
0.08696
0.038398
-0.022345
-0.16377
-0.16496
-0.14603
-0.15336
-0.17367
-0.22901
-0.41998
-0.41916
-0.40506
-0.38994
-0.36335
-0.39144
-0.49903
-0.46453
-0.42767
-0.39519
-0.34695
-0.35455
-0.37828
-0.32688
-0.27957
-0.23229
-0.15701
-0.19285
-0.20294
-0.15416
-0.099853
-0.018103
0.11927
0.12557
0.13629
0.16131
0.1952
0.27208
0.35593
0.32629
0.30055
0.28392
0.2751
0.3454
0.39326
0.36223
0.33373
0.2946
0.25371
0.30528
0.31059
0.26679
0.22881
0.17347
0.10631
0.1157
0.093708
0.052254
0.012774
-0.054246
-0.094102
-0.059575
-0.059392
-0.075757
-0.1017
-0.18644
-0.22641
-0.20365
-0.18957
-0.17867
-0.18047
-0.2369
-0.23108
-0.1816
-0.13916
-0.094492
-0.070051
-0.097728
-0.075194
-0.032443
0.0098544
0.070915
0.090777
0.067832
0.089117
0.12059
0.15672
0.22824
0.25625
0.25231
0.26758
0.28712
0.31656
0.36839
0.35594
0.32194
0.30552
0.29337
0.30832
0.34769
0.32745
0.2909
0.25949
0.22473
0.22851
0.24539
0.21183
0.16864
0.13164
0.12843
0.12272
0.11158
0.097058
0.10039
0.10676
0.11463
0.124
0.13828
0.15223
0.16304
0.169
0.17738
0.18283
0.17814
0.18299
0.20941
0.22442
0.2251
0.22709
0.23126
0.23388
0.23436
0.23402
0.23385
0.22774
0.22583
0.22907
0.23328
0.23818
0.24727
0.25819
0.25896
0.25654
0.25597
0.25943
0.26468
0.26266
0.25571
0.24926
0.24317
0.23855
0.24094
0.24192
0.23434
0.22646
0.22297
0.21925
0.21386
0.20694
0.19854
0.18935
0.18332
0.18011
0.17515
0.16939
0.16576
0.165
0.16079
0.15307
0.1455
0.13788
0.12948
0.12008
0.10941
0.097288
0.083864
0.070629
0.060547
0.051753
0.039169
0.024274
0.0097417
-0.0047166
-0.019805
-0.035226
-0.050866
-0.067356
-0.08357
-0.097963
-0.11181
-0.12597
-0.13978
-0.1523
-0.16549
-0.18033
-0.19504
-0.20946
-0.22419
-0.23939
-0.25519
-0.27139
-0.28768
-0.30382
-0.31897
-0.33313
-0.34821
-0.36435
-0.38035
-0.39606
-0.41182
-0.42772
-0.44372
-0.45962
-0.47504
-0.4895
-0.50341
-0.51719
-0.53056
-0.54301
-0.55517
-0.56792
-0.58077
-0.59321
-0.60536
-0.61734
-0.62917
-0.64091
-0.65248
-0.66364
-0.67395
-0.68329
-0.69248
-0.70191
-0.71108
-0.71968
-0.7278
-0.73559
-0.74307
-0.75019
-0.75675
-0.7625
-0.76746
-0.77193
-0.77593
-0.77923
-0.78192
-0.78439
-0.78665
-0.78843
-0.78971
-0.79056
-0.79102
-0.79107
-0.79066
-0.78975
-0.78818
-0.78581
-0.7829
-0.77975
-0.77624
-0.77217
-0.76757
-0.7625
-0.75696
-0.75095
-0.7444
-0.73719
-0.72932
-0.7209
-0.71199
-0.70251
-0.69248
