-0.069086
-0.091279
-0.11338
-0.13537
-0.1573
-0.17917
-0.20093
-0.22257
-0.24406
-0.26543
-0.28667
-0.30765
-0.32848
-0.34918
-0.36958
-0.38975
-0.40977
-0.42944
-0.44887
-0.46805
-0.48695
-0.50557
-0.52391
-0.54187
-0.55953
-0.5769
-0.59386
-0.61044
-0.62673
-0.64264
-0.65804
-0.67313
-0.6878
-0.70204
-0.71587
-0.72928
-0.74226
-0.75477
-0.76682
-0.77844
-0.78957
-0.80019
-0.81036
-0.82006
-0.82918
-0.83785
-0.84602
-0.85368
-0.86083
-0.86745
-0.87354
-0.87912
-0.88416
-0.88864
-0.89262
-0.89606
-0.89892
-0.90125
-0.90305
-0.90428
-0.90498
-0.90514
-0.90475
-0.90381
-0.90232
-0.90029
-0.89772
-0.89459
-0.89093
-0.88674
-0.88199
-0.87671
-0.8709
-0.86458
-0.85773
-0.85036
-0.84248
-0.83409
-0.8252
-0.81579
-0.8059
-0.79553
-0.78467
-0.77333
-0.76153
-0.74926
-0.73654
-0.72338
-0.70979
-0.69576
-0.68131
-0.66645
-0.65119
-0.63553
-0.61949
-0.60307
-0.58629
-0.56914
-0.55166
-0.53384
-0.51571
-0.49726
-0.47851
-0.45947
-0.44015
-0.42056
-0.40072
-0.38065
-0.36033
-0.3398
-0.31906
-0.29813
-0.27702
-0.25574
-0.23431
-0.21274
-0.19104
-0.16922
-0.1473
-0.12529
-0.1032
-0.081056
-0.058859
-0.036621
-0.014365
0.0079002
0.030158
0.0524
0.074609
0.096763
0.11886
0.14089
0.16283
0.18466
0.20639
0.22798
0.24944
0.27075
0.2919
0.67378
0.68625
0.69859
0.71009
0.75046
0.82982
0.072517
0.073944
0.10607
0.11879
0.27297
0.36696
0.37508
0.36084
0.38013
0.38062
0.40954
0.43215
0.45991
0.49717
0.52731
0.55539
0.41938
0.43415
0.46283
0.49352
0.53294
0.57935
0.93583
0.96895
0.97813
0.99506
1.1453
1.1805
1.0296
1.0204
1.0111
1.0026
1.0088
1.2
1.3304
1.2955
1.2819
1.2444
1.1669
1.1418
1.1288
1.1182
1.1244
1.0827
0.94379
0.91626
0.90512
0.88896
0.86111
0.90618
1.0149
1.0166
1.0152
1.0166
1.0235
0.78592
0.69867
0.70089
0.70174
0.67547
0.59507
0.66234
0.65225
0.65395
0.69974
0.73236
0.74467
0.60809
0.6025
0.59919
0.59611
0.62195
0.59104
0.5822
0.57867
0.54708
0.51701
0.64337
0.69842
0.68707
0.68069
0.69247
0.71003
0.59366
0.55426
0.52565
0.48431
0.43427
0.42353
0.5629
0.53231
0.49643
0.46945
0.46733
0.43906
0.37641
0.33787
0.28004
0.20568
0.087943
0.062517
0.056994
0.028038
-0.017106
-0.076956
-0.073812
-0.090612
-0.1171
-0.12564
-0.10486
-0.15854
-0.3124
-0.33157
-0.35669
-0.39013
-0.45371
-0.45252
-0.42091
-0.42566
-0.42039
-0.40545
-0.37949
-0.45543
-0.5083
-0.51015
-0.51493
-0.52441
-0.56392
-0.56779
-0.57419
-0.5861
-0.59229
-0.55751
-0.49718
-0.52579
-0.54896
-0.55577
-0.53606
-0.5603
-0.60788
-0.62996
-0.66152
-0.71572
-0.76451
-0.70593
-0.68745
-0.71007
-0.72208
-0.72124
-0.71648
-0.76178
-0.7947
-0.82118
-0.85585
-0.91297
-0.9511
-0.92874
-0.93834
-0.96216
-0.99157
-0.99048
-0.97959
-0.98479
-0.98179
-0.96951
-0.97103
-1.0381
-1.0595
-1.0446
-1.039
-1.0547
-1.0652
-1.0315
-1.0102
-0.9916
-0.95751
-0.90447
-0.89422
-0.92512
-0.91393
-0.8964
-0.88387
-0.88883
-0.87968
-0.85413
-0.8376
-0.82213
-0.79169
-0.73152
-0.71745
-0.71846
-0.70155
-0.66962
-0.64696
-0.65553
-0.65413
-0.65029
-0.65732
-0.67105
-0.64083
-0.58949
-0.58111
-0.57757
-0.56329
-0.55607
-0.54874
-0.5445
-0.54148
-0.55409
-0.56279
-0.53675
-0.51409
-0.49294
-0.47015
-0.44674
-0.42056
-0.38653
-0.35434
-0.32901
-0.30356
-0.28471
-0.2599
-0.22902
-0.20121
-0.17524
-0.14888
-0.12089
-0.089787
-0.055696
-0.026192
-0.0055724
0.014515
0.037188
0.061643
0.080372
0.093813
0.11151
0.1299
0.14657
0.1674
0.19199
0.21265
0.23165
0.25239
0.27462
0.29587
0.31236
0.32864
0.34807
0.36835
0.39049
0.41255
0.4346
0.45705
0.47948
0.50171
0.52288
0.54191
0.55933
0.57655
0.59288
0.60735
0.62269
0.63865
0.65367
0.66802
0.68229
0.69689
0.71173
0.72586
0.73898
0.75141
0.7622
0.77226
0.7832
0.79392
0.80371
0.81293
0.82187
0.83109
0.84055
0.84916
0.85633
0.86229
0.8678
0.87297
0.87728
0.88028
0.88299
0.88615
0.88926
0.8918
0.89382
0.89554
0.89696
0.89802
0.89872
0.89883
0.89764
0.89536
0.89316
0.89105
0.88835
0.88495
0.88105
0.87677
0.87213
0.8671
0.86143
0.85478
0.84732
0.8394
0.83098
0.82186
0.81223
0.80243
0.79233
0.78175
0.77076
0.75949
0.74797
0.7361
0.7238
0.71109
0.6978
0.68385
0.66962
0.65531
0.64069
0.62566
0.61032
0.59471
0.57881
0.5626
0.54601
0.52892
0.51139
0.49355
0.47539
0.45683
0.43795
0.41897
0.39988
0.38056
0.36101
0.34129
0.32143
0.30145
0.28133
0.26104
0.2405
0.21967
0.19872
0.17781
0.15687
0.1358
0.11463
0.093413
0.072176
0.05092
0.029626
0.0082327
-0.013265
-0.034785
-0.056279
-0.07778
-0.099282
