0.81652
0.82547
0.83424
0.84283
0.85051
0.85766
0.86464
0.87111
0.8766
0.8819
0.88702
0.89082
0.89439
0.89779
0.90025
0.90206
0.9037
0.90446
0.90498
0.90493
0.90394
0.90273
0.90122
0.89857
0.89561
0.89245
0.88836
0.88366
0.87876
0.87335
0.86693
0.86034
0.85323
0.84558
0.83727
0.82856
0.81951
0.80977
0.79951
0.78895
0.77786
0.76613
0.75409
0.74163
0.72858
0.71523
0.7013
0.68701
0.67244
0.6573
0.64173
0.62593
0.6097
0.59297
0.57602
0.55877
0.54101
0.52298
0.50471
0.48607
0.46713
0.4479
0.42848
0.40876
0.38874
0.36854
0.34815
0.32746
0.30661
0.28562
0.26438
0.24304
0.22151
0.19985
0.17812
0.15625
0.13425
0.11222
0.090126
0.067919
0.0457
0.023497
0.0012282
-0.021061
-0.043289
-0.065505
-0.087694
-0.10984
-0.13188
-0.15385
-0.17575
-0.19753
-0.21918
-0.24071
-0.26211
-0.28332
-0.30438
-0.32525
-0.34593
-0.36641
-0.38664
-0.40664
-0.42642
-0.44593
-0.46515
-0.48412
-0.50279
-0.52113
-0.53918
-0.55691
-0.57429
-0.59132
-0.60801
-0.62432
-0.64026
-0.65579
-0.67095
-0.68569
-0.70001
-0.71392
-0.7274
-0.74043
-0.75302
-0.76515
-0.77682
-0.78803
-0.79875
-0.80898
-0.81873
-0.82797
-0.8367
-0.84495
-0.85267
-0.85986
-0.86653
-0.87269
-0.87832
-0.88341
-0.88797
-0.5311
-0.54287
-0.55406
-0.5653
-0.5469
-0.48874
-1.2664
-1.2846
-1.2713
-1.2765
-1.1395
-1.0618
-1.0691
-1.0978
-1.0921
-1.1044
-1.0873
-1.0756
-1.0578
-1.0296
-1.0076
-0.98672
-1.129
-1.1196
-1.0953
-1.0681
-1.0311
-0.98628
-0.6304
-0.59696
-0.58648
-0.56732
-0.41394
-0.3746
-0.52053
-0.52372
-0.52615
-0.52686
-0.51187
-0.31102
-0.17008
-0.19342
-0.19463
-0.21887
-0.28223
-0.29229
-0.28935
-0.28313
-0.25929
-0.28242
-0.40204
-0.40943
-0.39968
-0.39411
-0.39949
-0.3312
-0.1985
-0.17208
-0.14808
-0.12047
-0.086772
-0.29693
-0.35604
-0.32511
-0.29484
-0.29114
-0.34098
-0.24256
-0.22096
-0.18705
-0.10853
-0.042701
0.0033171
-0.099105
-0.0701
-0.038384
-0.0060716
0.055514
0.060681
0.088244
0.12142
0.12678
0.13392
0.29774
0.39045
0.41693
0.44857
0.49848
0.55427
0.47624
0.47523
0.4851
0.48224
0.47071
0.49846
0.67627
0.68406
0.68646
0.69765
0.73359
0.7432
0.71827
0.7172
0.69659
0.65921
0.57821
0.58923
0.61983
0.62665
0.61692
0.59212
0.6299
0.6473
0.65458
0.67932
0.73285
0.71142
0.58929
0.6013
0.60681
0.60343
0.56928
0.59931
0.65911
0.68191
0.71407
0.7552
0.80666
0.75547
0.72661
0.74802
0.76574
0.77799
0.75943
0.7757
0.78864
0.79524
0.80674
0.85835
0.93465
0.92115
0.9122
0.91872
0.95087
0.93814
0.90118
0.88881
0.86604
0.81971
0.77786
0.84246
0.86602
0.84755
0.83874
0.84183
0.84789
0.80293
0.76942
0.7414
0.70425
0.64371
0.60122
0.61829
0.60245
0.57147
0.53397
0.52605
0.52701
0.51096
0.5022
0.50183
0.48677
0.40529
0.36854
0.3673
0.35595
0.32234
0.29317
0.30745
0.30839
0.3059
0.31809
0.34848
0.3353
0.28024
0.26655
0.25848
0.24472
0.21278
0.19429
0.19156
0.17917
0.1651
0.16541
0.19488
0.17768
0.14485
0.12943
0.12853
0.11788
0.075533
0.042726
0.011932
-0.030133
-0.079274
-0.084826
-0.069589
-0.097631
-0.13081
-0.15351
-0.18353
-0.21365
-0.2471
-0.28194
-0.33258
-0.37944
-0.39166
-0.40736
-0.42463
-0.44031
-0.45538
-0.46768
-0.4721
-0.47831
-0.4913
-0.50408
-0.52334
-0.53648
-0.54339
-0.55319
-0.56461
-0.57541
-0.58432
-0.58984
-0.59207
-0.59857
-0.61361
-0.62881
-0.64104
-0.65109
-0.66644
-0.68663
-0.70209
-0.71635
-0.73184
-0.74264
-0.74911
-0.75896
-0.76988
-0.77846
-0.78492
-0.79172
-0.80263
-0.81307
-0.81968
-0.82472
-0.82719
-0.829
-0.83007
-0.82998
-0.82914
-0.82771
-0.82653
-0.82667
-0.82761
-0.82791
-0.82824
-0.82958
-0.82919
-0.82729
-0.82546
-0.8234
-0.82051
-0.81639
-0.81112
-0.80563
-0.80023
-0.79459
-0.78965
-0.7845
-0.77753
-0.76985
-0.76214
-0.75407
-0.74532
-0.73534
-0.72419
-0.71293
-0.70217
-0.69168
-0.6807
-0.66912
-0.65748
-0.64622
-0.63432
-0.62106
-0.60693
-0.59247
-0.57763
-0.56221
-0.5462
-0.52967
-0.51265
-0.49536
-0.47853
-0.46195
-0.44448
-0.42611
-0.40753
-0.38887
-0.36993
-0.35062
-0.33093
-0.3109
-0.29079
-0.27097
-0.25128
-0.23139
-0.21134
-0.19137
-0.1713
-0.1508
-0.13002
-0.10916
-0.088178
-0.066959
-0.045478
-0.023874
-0.0022429
0.019418
0.040928
0.062169
0.083501
0.10511
0.12675
0.14829
0.1698
0.19131
0.21277
0.23415
0.25535
0.27623
0.29681
0.31722
0.33741
0.35729
0.3769
0.39646
0.41592
0.43514
0.4541
0.47283
0.49134
0.50964
0.52766
0.54536
0.56265
0.57945
0.59591
0.61217
0.62814
0.6437
0.65885
0.67363
0.68803
0.70205
0.71563
0.7287
0.74122
0.75327
0.76487
0.77597
0.78655
