-0.0689552398103694
-0.0911167961586639
-0.164774125486827
-0.170809987480146
-0.176875464695928
-0.178240393216967
-0.200011763309875
-0.221338512262643
-0.242723611657866
-0.263967432586145
-0.285751601927711
-0.306954473603969
-0.327784459085854
-0.348393844330379
-0.368793776588805
-0.388971747345844
-0.408958900991247
-0.428698055685583
-0.448177051132639
-0.467381601399416
-0.486288736631481
-0.504894332522891
-0.523193016943383
-0.541174787724941
-0.558684030470153
-0.576000599916558
-0.592972729397670
-0.609586660546666
-0.625831703549391
-0.641697658850118
-0.657172551986778
-0.672250219446067
-0.686522978875053
-0.699968596606006
-0.713720931644492
-0.727060001133395
-0.740126611691416
-0.752834712602756
-0.764922746074560
-0.776489280493880
-0.787585787126580
-0.798202375385485
-0.808347849620022
-0.818015440499965
-0.827187154330070
-0.835861075441030
-0.844008908479985
-0.851637641480937
-0.858748671054708
-0.865339042001345
-0.871372327464063
-0.876869610191069
-0.881881755538262
-0.886362446716354
-0.890304436936005
-0.893709726357985
-0.896570677490033
-0.898887474987677
-0.900523481082566
-0.901364706456654
-0.901953902652261
-0.902078334946797
-0.901709641785564
-0.900859680773620
-0.899412230440578
-0.897376413513934
-0.894786058066587
-0.891655545589911
-0.887985539055620
-0.883786842858984
-0.879053562248522
-0.873790489222815
-0.867991085262038
-0.861661180209498
-0.854806214168840
-0.847434165498303
-0.839536613666023
-0.831123342900631
-0.822222513817517
-0.812834203808225
-0.802951932698096
-0.792585990628550
-0.781738002673460
-0.770415183628709
-0.758577726571421
-0.746184387219090
-0.733389320897432
-0.720242494022137
-0.706684686818560
-0.692730316654684
-0.678347861939000
-0.663530643225370
-0.648299540533392
-0.632676561510827
-0.616669368095972
-0.600293600945242
-0.583555095435717
-0.566465721733103
-0.549030144211255
-0.531260622640748
-0.513166253229864
-0.494761967831506
-0.476052809881916
-0.457052402281495
-0.437778542276777
-0.418248025578637
-0.398464210015864
-0.378440837497497
-0.358187107784125
-0.337715911935816
-0.317022393614883
-0.296100252154207
-0.274997491675980
-0.253773574171458
-0.232418607872069
-0.210937322827944
-0.189329617568780
-0.167597345008808
-0.145754585902720
-0.123822426765543
-0.101814407637263
-0.0797465571061392
-0.0576310833996042
-0.0354820234627384
-0.0133103320519444
0.00887029958379252
0.0310473436055297
0.0532058349677605
0.0753329705121003
0.0974270714015814
0.119466958175024
0.141431785462283
0.163310077377775
0.185089723368167
0.206758003094576
0.228302580032204
0.249715831642244
0.270993245504782
0.292113513971620
0.313041392839502
0.333764367567740
0.354277655246056
0.374584162101935
0.394676680300388
0.414537536092169
0.434149239453332
0.453499756969292
0.472575150392144
0.491365246593512
0.509857433932578
0.528042023263194
0.545906693674659
0.563443707289464
0.580639396199568
0.597486315493741
0.613977441292328
0.630105947553662
0.645853180895808
0.661210371947432
0.676166400260318
0.690715353628459
0.704845982131237
0.718554539970093
0.731833272049064
0.744675628191922
0.757061586177927
0.768983047504734
0.780433012842589
0.791414056136461
0.801920595838202
0.811948377199954
0.821484950187066
0.830527049511864
0.839064923426209
0.847097077349262
0.854614733222771
0.861617455456199
0.868096910967290
0.874053980062509
0.879480633981094
0.884377986292540
0.888740634403508
0.892571397916504
0.895861454683499
0.898611357791048
0.900815096638803
0.902476146359004
0.903589192188705
0.904158811202456
0.904181496807959
0.903661784746462
0.902592003195869
0.900974570331161
0.898806571949986
0.896096747652747
0.892844625243812
0.889057013525205
0.884730240129803
0.879870707137492
0.874476342952951
0.868554925428365
0.862105341562070
0.855136176499540
0.847647050542069
0.839647323512947
0.831137306010447
0.822126723346984
0.812617124243640
0.802619413067017
0.792134602726699
0.781172408216539
0.769734815367710
0.757833272188435
0.745470552691135
0.732651829676596
0.719389592437981
0.705700672235444
0.691582694059508
0.677056451859145
0.662106974605334
0.646749543580983
0.631014419727145
0.614880382253144
0.598389677590514
0.581540922395794
0.564317638667075
0.546783699123332
0.528908515860759
0.510705646929003
0.492190976843385
0.473376363679911
0.454285549514514
0.434910094451796
0.415274321279424
0.395384490390635
0.375274475098860
0.354920073600228
0.334341600501691
0.313573318343863
0.292613277929379
0.271468426956343
0.250152614596929
0.228702505105320
0.207107228244448
0.185383148774328
0.163557377805482
0.141613392312438
0.119605328251682
0.0975063699763111
0.0753540716781605
0.0531543001753805
0.0309225764528977
0.00868867808525378
-0.0135694482768635
-0.0358167455289608
-0.0580442123533397
-0.0802265220403538
-0.102349670211523
-0.124417730622447
-0.146410618192194
-0.168313961515418
-0.190110166111482
-0.211795713326899
-0.233352831630835
-0.254770075810821
-0.276030475684396
-0.297122688907988
-0.318042615405118
-0.338767635357422
-0.359277279841422
-0.379557498364470
-0.399606595750752
-0.419420309794056
-0.438976198976289
-0.458267554204161
-0.477280579416149
-0.496005213899993
-0.514431910803684
-0.532542890314122
-0.550332544389031
-0.567793256538111
-0.584908548734075
-0.601666758667457
-0.618048295858064
-0.634057845275823
-0.649684408177882
-0.664917802485598
-0.679746135333143
-0.694164838633503
-0.708163006273119
-0.721734378071881
-0.734867279653078
-0.747555414378736
-0.759792759698301
-0.771571928437222
-0.782878602105784
-0.793707793421767
-0.804052694999667
-0.813915083225193
-0.823283511473180
-0.832155088016557
-0.840521787270753
-0.848381847442623
-0.855727775158840
-0.862557131664936
-0.868862256531149
-0.874645713739980
-0.879898091513651
-0.884618987119522
-0.888798218542228
-0.892440593685231
-0.895542154818341
-0.898104415606955
-0.900120740454732
-0.901595013893566
-0.902522340476488
-0.902906612266359
-0.902742599163373
-0.902034664277016
-0.900779690788475
-0.898983119750230
-0.896639199883665
-0.893753183740320
-0.890322797620072
-0.886357127919208
-0.881853834461289
-0.876819767289448
-0.871253344611675
-0.865162878728815
-0.858547363936452
-0.851415358864685
-0.843765971289943
-0.835609663780980
-0.826946251157748
-0.817784991287469
-0.808125419130537
-0.797978650939712
-0.787347540884826
-0.776243341379658
-0.764667579657238
-0.752632092640014
-0.740139761732747
-0.727202836456960
-0.713824349444703
-0.700016789396272
-0.685784245997876
-0.671140021541243
-0.656087789690901
-0.640640380948724
-0.624802958614582
-0.608590243649834
-0.592008265079825
-0.575070899651694
-0.557784265978778
-0.540162900421584
-0.522213581188547
-0.503950947455874
-0.485382083986838
-0.466522167488618
-0.447379083837496
-0.427967566983046
-0.408295408457003
-0.388377812798490
-0.368224171174092
-0.347850117719238
-0.327264719776447
-0.306483365881393
-0.285515853563701
-0.264377707234493
-0.243078954654438
-0.221634965454310
-0.200056272288278
-0.178358409049239
-0.156552004186721
-0.134652048970291
-0.112669687815495
-0.0906204796452152
-0.0685162255254482
-0.0463719584443476
-0.0241993845026669
-0.00201341258066155
0.0201738857935939
0.0423478684357401
0.0644963371283609
0.0866048484069556
0.108660851220762
0.130650361734151
0.152560970980659
0.174378994289027
0.196091451427436
0.217684724296356
0.239145952019772
0.260462166893262
0.281620376602388
0.302607949018016
0.323411897809899
0.344020132845875
0.364419641818592
0.384598732372052
0.404544464963664
0.424245862015744
0.443690048585424
0.462866317794269
0.481761647463318
0.500365977599719
0.518666600212565
0.536654085501368
0.554315813485135
0.571642965206511
0.588623136615982
0.605248141111431
0.621505715796652
0.637388356640412
0.652884168245824
0.667986354707045
0.682683128120872
0.696968209553221
0.710830132735963
0.724263456494441
0.737257055766757
0.749806162093154
0.761899997911863
0.773534563094270
0.784699461731013
0.795391400028610
0.805600381264996
0.815323933887937
0.824552519363192
0.833284325424849
0.841510134355627
0.849228884625744
0.856431910980188
0.863118959708487
0.869281837209016
0.874921038654346
0.880028891838920
0.884606657438718
0.888647167371939
0.892152436330416
0.895115889101041
0.897540323838161
0.899419675619077
0.900757402223927
0.901547994936623
0.901795701814861
0.901495631753189
0.900652745079184
0.899262741689305
0.897331310058213
0.894854769483261
0.891839498886409
0.888282430476291
0.884190652975614
0.879561748636935
0.874403446369221
0.868713901535106
0.862501470737790
0.855764975152455
0.848513431978293
0.840746302617042
0.832473203486084
0.823694238854865
0.814419613420651
0.804650064962264
0.794396352445224
0.783659867768137
0.772451921346118
0.760774527593132
0.748639465031001
0.736049357940941
0.723016479045024
0.709544096151412
0.695644929344061
0.681322856244974
0.666591017304260
0.651453902258715
0.635925034819129
0.620009496308473
0.603721169917421
0.587065732039847
0.570057378561021
0.552702330251455
0.535015050903480
0.517002322866143
0.498678875987655
0.480052035956454
0.461136743424124
0.441940843626157
0.422479456973473
0.402760928460868
0.382800516826912
0.362607052436609
0.342195906886569
0.321576368684651
0.300763861327279
0.279768097417525
0.258604533333618
0.237283305376406
0.215819865561479
0.194224736940740
0.172513326757770
0.150696524418529
0.128789655341420
0.106803944587225
0.0847545999177371
0.0626531616606041
0.0405146811453247
0.0183509712554844
-0.00382311878987103
-0.0259955223717324
-0.0481516112867219
-0.0702790897697496