0.816501764726486
0.825832990493554
0.312531906076559
0.316595112583346
0.320514995705529
0.873260355881870
0.879960179737225
0.881644549046336
0.887278344060222
0.892384880277992
0.901621367596002
0.904320913880365
0.907624427101087
0.910615891336528
0.913068577330114
0.916605449642582
0.917930056356239
0.918723688532037
0.918971924316068
0.918673940770757
0.917823875834736
0.916404999837554
0.914444560083405
0.911941924679871
0.909163761358018
0.905561695886397
0.901434847925997
0.896775662337781
0.891592590505886
0.885870034660046
0.879615233975148
0.872841925386737
0.870481147040558
0.870517267397119
0.861753755216929
0.852627060517472
0.844043583986580
0.834808401897305
0.823698313479652
0.812551077469828
0.800996824603130
0.789431519422557
0.777238987769451
0.764245673851643
0.750806602338953
0.736944635657558
0.722636013871931
0.707896624245668
0.692747161549791
0.677220393976262
0.661370415539746
0.645148871873085
0.628453373442200
0.611405505655859
0.594018847798515
0.576281669986733
0.558202032302399
0.539843808404555
0.522789254983977
0.507979391432228
0.488929231107688
0.469059458045339
0.449251230879311
0.429380559597273
0.408697451489933
0.387744171141211
0.366687867684978
0.345584180533060
0.324340359771665
0.302746761288178
0.280933350753743
0.258980073071976
0.236890470242309
0.214672372745508
0.192344930037983
0.169938075369461
0.147482660781201
0.124978330331453
0.102369716679765
0.0797068130619603
0.0570252271378829
0.0343281547392423
0.0116194343941564
-0.0110356619946935
-0.0331173976761139
-0.0541205525088200
-0.0759197243735638
-0.0986274763970412
-0.121180837808171
-0.143522908377327
-0.165913399869065
-0.188310513187524
-0.210525459951665
-0.232523928133083
-0.254315017824266
-0.275987310748295
-0.297527650522364
-0.318873170663595
-0.340003005517029
-0.360910198417447
-0.381580357303177
-0.401993899822067
-0.422127849214998
-0.441976279099983
-0.461555760076819
-0.480856591009261
-0.499846108204428
-0.518515987591498
-0.536860553096245
-0.554845481953278
-0.572283112523225
-0.588952888613211
-0.605344585686251
-0.621881102525458
-0.638147385345978
-0.653957720865760
-0.669385339885599
-0.684467926488830
-0.699121598842514
-0.713304561752993
-0.727011858159107
-0.740277246516979
-0.753110278318039
-0.765486189479788
-0.777382629469638
-0.788796757720839
-0.799719529163087
-0.810144275533382
-0.820053916973323
-0.829471113562234
-0.838387685365900
-0.846799530289153
-0.854688477981686
-0.862060790257925
-0.868881469193196
-0.875169652276763
-0.880848279753930
-0.885824196279066
-0.890221057875783
-0.894276695581796
-0.897918187303430
-0.901012414803141
-0.903538411749157
-0.905551958544412
-0.907024362196091
-0.907923374912606
-0.908251114708005
-0.908017557868064
-0.907242528035192
-0.905924275896950
-0.904045853629093
-0.901606955425727
-0.898622979255827
-0.895084814030580
-0.891002204446805
-0.886371036712915
-0.881216004701650
-0.875531634916107
-0.869317786731677
-0.862572634358748
-0.855297261887959
-0.847496374053110
-0.839155624333366
-0.830236644303309
-0.820778209192510
-0.810885058132577
-0.800584700601051
-0.789815555221908
-0.778562921098398
-0.766843740381359
-0.754671360954490
-0.742032836714336
-0.728935517122807
-0.715388051313843
-0.701411351127645
-0.687012325385609
-0.672197964690586
-0.656967465022083
-0.641340846443129
-0.625321748369435
-0.608923443160120
-0.592152956122124
-0.575028484692365
-0.557559988539398
-0.539757171598127
-0.521625227638435
-0.503176468398933
-0.484418197166269
-0.465358520459311
-0.445989228647242
-0.426329522687699
-0.406428225279452
-0.386323713594930
-0.366004832388264
-0.345466250571641
-0.324718574883144
-0.303780641854058
-0.282657139130717
-0.261358848163444
-0.239897686395667
-0.218292682857312
-0.196557331039086
-0.174704971960192
-0.152744014575676
-0.130690717402117
-0.108557614639336
-0.0863588913021265
-0.0641070810976000
-0.0418183810770977
-0.0195073066608220
0.00281278857981805
0.0251308894703851
0.0474337811255869
0.0697089901953934
0.0919380582082127
0.114122143869433
0.136253709028539
0.158299337222544
0.180230880022981
0.202037884462835
0.223718722616390
0.245264218296114
0.266657337818982
0.287889411282543
0.308949786532699
0.329820573230223
0.350498317341366
0.370951857573267
0.391177055692539
0.411170805990325
0.430921146551553
0.450413348153917
0.469627140680977
0.488559075290482
0.507191925186441
0.525526206862573
0.543533410575127
0.561203588492666
0.578545351954191
0.595532516213514
0.612153193858510
0.628408728014757
0.644288130239415
0.659789977138879
0.674877988544979
0.689545620040474
0.703793226231772
0.717626521052037
0.731006459618933
0.743958252203940
0.756450809831948
0.768490343485831
0.780076549004961
0.791156514308035
0.801777214515033
0.811908428605143
0.821530819106973
0.830666083743486
0.839286265054651
0.847392901069695
0.854992359269674
0.862060040553031
0.868617502103469
0.874647060519329
0.880146570472153
0.885116437624621
0.889556599463764
0.893445594243719
0.896806487485415
0.899606790444225
0.901874577013859
0.903588593765406
0.904752717749770
0.905366916920598
0.905431047549037
0.904953101707578
0.903929395304709
0.902357189048244
0.900243791312777
0.897579393507633
0.894373087488157
0.890628136702829
0.886337361172783
0.881495628589265
0.876123745155825
0.870215553246308
0.863786792626637
0.856831004301388
0.849360183806062
0.841377239078904
0.832887698486835
0.823893359020544
0.814408265224207
0.804424811978808
0.793960711389781
0.783011868201606
0.771591771688277
0.759706028476911
0.747359695651310
0.734559930933191
0.721317953921248
0.707639918743498
0.693539285533909
0.679017858535297
0.664090006575446
0.648758635587124
0.633036854239715
0.616932612094629
0.600456236309901
0.583609719502980
0.566411970873550
0.548869770293064
0.530999331912605
0.512807180215121
0.494307816874413
0.475510558075249
0.456429361344577
0.437072013478077
0.417455077299422
0.397585028604104
0.377477567227531
0.357141484254293
0.336591398702083
0.315838574476050
0.294896586638877
0.273775547252690
0.252491451938283
0.231055059002879
0.209482670598617
0.187784104273656
0.165974767320865
0.144065290472858
0.122070502805703
0.100002475175707
0.0778757353274458
0.0556999497195405
0.0334910690065380
0.0112621302250113
-0.0109716185758674
-0.0331977676746540
-0.0554019987160084
-0.0775713847205459
-0.0996916193221232
-0.121750468820094
-0.143733536748296
-0.165628464593330
-0.187421959378056
-0.209101036908589
-0.230652767587745
-0.252063758456335
-0.273321353545461
-0.294412916210515
-0.315325667523372
-0.336046384608956
-0.356562712651756
-0.376861756702331
-0.396932224465226
-0.416761216643585
-0.436337996248882
-0.455649491057286
-0.474685357285916
-0.493433521859119
-0.511884169579550
-0.530023965816747
-0.547843364467055
-0.565329637897785
-0.582474220400714
-0.599264611773637
-0.615692728908392
-0.631746534247393
-0.647418658447875
-0.662697211813238
-0.677575771804292
-0.692042693361034
-0.706092116814219
-0.719712627958868
-0.732898960625101
-0.745640278802539
-0.757932006234822
-0.769763350428037
-0.781130386128695
-0.792022801380032
-0.802437666793847
-0.812365164553431
-0.821803093648758
-0.830742002121179
-0.839180352227609
-0.847109405537791
-0.854528521795074
-0.861428948033457
-0.867810451154971
-0.873664898613874
-0.878993023323821
-0.883787281898084
-0.888049119780336
-0.891771574181217
-0.894956916765957
-0.897598704384927
-0.899700023764113
-0.901255038418743
-0.902267514607704
-0.902732151468580
-0.902653400912396
-0.902026610163089
-0.900856991577028
-0.899140377958966
-0.896882613320974
-0.894080167343117
-0.890739682512847
-0.886858325387663
-0.882443417627556
-0.877492727356146
-0.872014199029150
-0.866006300896639
-0.859477707675686
-0.852427381258428
-0.844864411197201
-0.836788389797279
-0.828209106546759
-0.819126853873847
-0.809551995286431
-0.799485468432090
-0.788938222257511
-0.777911834470810
-0.766417791185321
-0.754458329769575
-0.742045416059140
-0.729181888834353
-0.715880160795744
-0.702143700816415
-0.687985382691734
-0.673409254650885
-0.658428550316304
-0.643047918037801
-0.627281006177115
-0.611133098645241
-0.594618196240567
-0.577742150998731
-0.560519254740477
-0.542955938975426
-0.525066807438100
-0.506858806584909
-0.488346682235339
-0.469537876962011
-0.450447376955843
-0.431083177265125
-0.411460440178958
-0.391587656543194
-0.371480131099765
-0.351146836690111
-0.330603174030819
-0.309858579261691
-0.288928506539467
-0.267822809177127
-0.246556948432238
-0.225141183082764
-0.203590964325677
-0.181916925201038
-0.160134438520796
-0.138254484679143
-0.116292356808137
-0.0942593862858604
-0.0721707461604530
-0.0500380667832705
-0.0278763462064183
-0.00569749035035595
0.0164836918789764
0.0386550552588017
0.0608020691608442
0.0829124011300149
0.104971785825743
0.126967684831944
0.148886131632957
0.170714430819994
0.192438954178770
0.214046876703897
0.235524943774805
0.256860233093208
0.278039896909161
0.299050955561879
0.319881005894822
0.340517039223771
0.360947118185810
0.381158235303201
0.401138959340669
0.420876321092764
0.440359410587196
0.459575311913788
0.478513659411285
0.497161631119966
0.515509441243606
0.533544393923750
0.551257298772331
0.568635615797616
0.585670791414251
0.602350488209800
0.618666796351904
0.634607585631126
0.650165601236104
0.665328956397380
0.680091074361968
0.694440340257443
0.708370871546167
0.721871354442328
0.734936615606590
0.747555672755298
0.759724077862386
0.771431206608416
0.782673343480406
0.793440245974337
0.803728943721646
0.813529604628625