-0.747546524915774
-0.734716194334508
-0.147757780588499
-0.145785125102002
-0.143639531008429
-0.695019962663754
-0.679948416426224
-0.660306036782590
-0.644554732401768
-0.628417447690709
-0.615869765667150
-0.597366440275251
-0.579839968014084
-0.562222047005432
-0.544274800740192
-0.527633702295584
-0.508971155363810
-0.490025632845369
-0.470794873182532
-0.451292339370411
-0.431535139202302
-0.411510667313674
-0.391251543138995
-0.370767136953876
-0.350479730886759
-0.329561095968710
-0.308462118527157
-0.287189001789971
-0.265760886955281
-0.244172375808661
-0.222442681987071
-0.200591705939351
-0.183958168164156
-0.170548670789734
-0.148032823571026
-0.125567059382665
-0.103916972293729
-0.0819736892930873
-0.0587755674035983
-0.0360617969746526
-0.0134110374750957
0.00877085596457618
0.0311088618523531
0.0537697666500683
0.0763805519928636
0.0989164397852150
0.121372894609794
0.143741017236990
0.166001509506606
0.188118648026838
0.210001911926118
0.231720738319796
0.253428382097884
0.274956941062289
0.296285589139335
0.317428056373125
0.338368645189522
0.359043666585005
0.377734226100457
0.393385315026301
0.413024671546465
0.433018876903367
0.452458410908182
0.471479121178291
0.490714778952612
0.509632242374703
0.528098190383587
0.546071365058825
0.563645179285951
0.581040081572820
0.598120211496804
0.614810416152867
0.631100615021765
0.646988807466032
0.662461284132906
0.677496090130889
0.692053952886871
0.706145012571228
0.719852797139802
0.733127390748295
0.745926705562247
0.758257835891365
0.770118568281374
0.781450845625462
0.791695124249582
0.800304939729941
0.809309045273009
0.818869970421171
0.827865524628704
0.836253225033973
0.844261261810018
0.851841156414828
0.858825000486970
0.865200489645797
0.870984385922106
0.876280911695385
0.881082745959907
0.885338892398495
0.889033149730050
0.892170821059932
0.894746610534752
0.896755867655254
0.898180659098566
0.899028681383099
0.899334302355187
0.899104616589453
0.898310318221811
0.896956825090474
0.895047660881814
0.892561393890501
0.889305506139476
0.885053140768744
0.880342077363513
0.875654676698156
0.870565993219242
0.864895043694852
0.858714957455481
0.852065271498692
0.844876184746240
0.837126988519490
0.828826265797273
0.820023803623978
0.810741361718455
0.800968212943287
0.790692961522294
0.779926458137707
0.768672185558167
0.756938440566179
0.744720946461730
0.732044042161109
0.718920727191283
0.705367744827226
0.691378400604214
0.676971066890010
0.662123466098821
0.646867072244707
0.631132448111785
0.614830950774329
0.598107543904156
0.581235302742235
0.564153819735579
0.546734759556915
0.528954249647001
0.510875278243744
0.492486826103584
0.473774135458878
0.454751357738261
0.435442407475411
0.415877281441117
0.396066841963756
0.376003830365231
0.355700261750348
0.335179271965591
0.314445417830193
0.293515888952196
0.272393595419673
0.251110057147027
0.229678454019292
0.208107414783194
0.186406234097336
0.164581908258365
0.142650391920698
0.120601084362059
0.0984033722529962
0.0761025809993034
0.0538234719533310
0.0316016530949653
0.00938254237793557
-0.0128511350394766
-0.0350768554582851
-0.0572770162469331
-0.0794521134742243
-0.101591532390576
-0.123676872113910
-0.145685726223181
-0.167602407838747
-0.189419490767217
-0.211129445946829
-0.232713133621019
-0.254158885613313
-0.275454543134087
-0.296587678283064
-0.317542913225830
-0.338301466145801
-0.358854186194631
-0.379189869002086
-0.399299677961794
-0.419170995024163
-0.438800290744875
-0.458192268162450
-0.477332262060495
-0.496163777918147
-0.514650856737958
-0.532801739563445
-0.550630497082823
-0.568126050362378
-0.585276371672849
-0.602073101000780
-0.618511858975730
-0.634578656558953
-0.650262242572708
-0.665548010524625
-0.680431204540973
-0.694903035968002
-0.708956606112419
-0.722579691372680
-0.735767832046407
-0.748510043147567
-0.760801031991423
-0.772627296067358
-0.783985196797811
-0.794865704839524
-0.805267053315424
-0.815179542887902
-0.824589887886154
-0.833511736308728
-0.841954381265269
-0.849882031283306
-0.857287331883346
-0.864144859069357
-0.870468266198528
-0.876278638024379
-0.881537720073213
-0.886279088874106
-0.890490708929506
-0.894138211898274
-0.897282016465637
-0.899860373434927
-0.901882702622403
-0.903361782834532
-0.904297510232246
-0.904698897669173
-0.904537235133473
-0.903833396570566
-0.902576415577694
-0.900800681962010
-0.898453484175889
-0.895545188994846
-0.892118670298502
-0.888145794143299
-0.883621620815216
-0.878561342612004
-0.872990635345011
-0.866897205383559
-0.860261137319496
-0.853102997846101
-0.845406618544311
-0.837231849303776
-0.828512829595257
-0.819312323882070
-0.809605110007254
-0.799412919938611
-0.788765227090054
-0.777587066030968
-0.765960468985825
-0.753864216251513
-0.741304297066287
-0.728316413531589
-0.714868534431790
-0.700982282877044
-0.686678397753759
-0.671949874441011
-0.656821788775992
-0.641294228887875
-0.625376494660675
-0.609085961939529
-0.592433910555042
-0.575402978837820
-0.558038852127174
-0.540329510601936
-0.522317078648487
-0.503981998013707
-0.485332407954722
-0.466390717943273
-0.447163493343796
-0.427672522290306
-0.407924181403551
-0.387925278243353
-0.367700900997406
-0.347246849117312
-0.326579830948717
-0.305719587967386
-0.284670602503918
-0.263447332729756
-0.242065899878522
-0.220531145066910
-0.198868990139501
-0.177084868966672
-0.155195345170966
-0.133214232804159
-0.111153320413311
-0.0890260793658039
-0.0668528508437907
-0.0446320522788106
-0.0223887829508444
-0.000133266094076970
0.0221160217352509
0.0443466665245465
0.0665553875757030
0.0887235805418380
0.110837134097184
0.132881868529159
0.154842561910643
0.176709916625499
0.198467125091469
0.220103620946026
0.241608859502281
0.262965479421061
0.284162750811672
0.305188499041322
0.326028622813764
0.346672384527369
0.367105083696451
0.387313560241721
0.407287197021271
0.427011782403372
0.446477250923920
0.465670585687451
0.484579586979759
0.503194662186551
0.521505552524889
0.539497715631571
0.557161785040445
0.574484223146238
0.591460541282552
0.608078287210825
0.624328315353390
0.640198285611023
0.655680208132422
0.670763259665019
0.685440591546038
0.699700680819297
0.713539160977480
0.726943775984235
0.739909255962207
0.752425469413174
0.764487581935340
0.776085410661972
0.787214959957672
0.797865347334026
0.808034091358142
0.817711146455398
0.826894455781173
0.835574818266869
0.843750326146620
0.851412710593239
0.858561980921309
0.865188826601479
0.871293148538432
0.876866717072856
0.881911597197204
0.886421181292223
0.890396567176917
0.893830650589556
0.896725613075127
0.899075337892634
0.900883171922821
0.902143300632111
0.902860163739152
0.903028574896397
0.902652924270538
0.901728930317660
0.900261982379537
0.898248136992294
0.895693482187705
0.892594357675602
0.888957586283432
0.884780465338618
0.880070436144116
0.874825488903017
0.869053623903321
0.862753484102604
0.855934180854569
0.848594697548741
0.840744165785444
0.832382315775245
0.823519440271148
0.814156504328770
0.804303964679900
0.793962734931385
0.783143798709986
0.771848915587017
0.760089798358634
0.747868827425547
0.735198245242226
0.722081150900790
0.708529990493778
0.694548434557402
0.680149527506264
0.665337496606185
0.650125726858725
0.634518946594163
0.618530856430566
0.602166905295652
0.585441170762224
0.568359676371161
0.550936783919865
0.533179062566047
0.515101291391715
0.496710573454665
0.478021652591479
0.459042102882611
0.439787083117515
0.420264962699094
0.400491013976571
0.380473777745600
0.360228527818743
0.339764353857059
0.319096717305354
0.298235188770640
0.277195276515028
0.255987011558341
0.234625842387530
0.213122132649553
0.191491352967340
0.169744253136202
0.147896201642591
0.125958257059879
0.103945650050846
0.0818697981055718
0.0597458331917281
0.0375854705186467
0.0154036591616302
-0.00678762726185761
-0.0289736088449857
-0.0511420514971601
-0.0732785178305757
-0.0953706305306587
-0.117404164630961
-0.139366433541105
-0.161243501935941
-0.183022656331269
-0.204690409394181
-0.226233919173246
-0.247640032479285
-0.268895793195763
-0.289988461200259
-0.310905016375346
-0.331633181592096
-0.352159950127799
-0.372473516402262
-0.392560869036382
-0.412410719990816
-0.432010117976863
-0.451348324861289
-0.470412454490355
-0.489192304902535
-0.507675085148436
-0.525851178960786
-0.543707932795502
-0.561236324857952
-0.578423851216972
-0.595262146438527
-0.611738939462195
-0.627846497939370
-0.643572718454732
-0.658910506414502
-0.673848049953805
-0.688378993459880
-0.702491817940280
-0.716180846680319
-0.729434852571367
-0.742248867262549
-0.754611998181338
-0.766520006241140
-0.777962377420105
-0.788935613227404
-0.799429582854231
-0.809441534194125
-0.818961759073220
-0.827988264873012
-0.836511780985581
-0.844531060979221
-0.852037287067148
-0.859029971485185
-0.865500778964742
-0.871449978596036
-0.876869729403754
-0.881761066828623
-0.886116687603738
-0.889938384457820
-0.893219369477170
-0.895962169091197
-0.898160558171216
-0.899817835330158
-0.900928357051014
-0.901496154013076
-0.901516155541662
-0.900993116386431
-0.899922559582465
-0.898309958072105
-0.896151446361902
-0.893453205660394
-0.890211984483717
-0.886434652742929
-0.882118585628676
-0.877271329686821
-0.871890891008781
-0.865985466798779
-0.859553693339265
-0.852604401120829
-0.845136864677009
-0.837160526888569
-0.828675299030479
-0.819691215525200
-0.810208834416723
-0.800238759008477
-0.789782177864613
-0.778850224691193
-0.767444723603209
-0.755577332435474
-0.743250514859372