0.817158452240329
0.826464676127604
0.312333362063216
0.316395707751333
0.859913346043349
0.863009415235285
0.869732513915491
0.879559284604986
0.885661111628876
0.889549528811434
0.894207382647893
0.899940426505228
0.903488150308031
0.906509194203298
0.909002027928501
0.910930577328738
0.912319016932615
0.913178674174324
0.913467727169744
0.913234787799363
0.912430423258596
0.911090435923330
0.909203654488274
0.907196855256096
0.904234657369314
0.900691289488184
0.896635546439484
0.892036542304380
0.886909083942542
0.881231040354411
0.875038884753569
0.868317938889380
0.867897872651703
0.860331362992391
0.853592427774967
0.843975754981351
0.834432614396374
0.825106097947461
0.814821302075572
0.803878817582869
0.792467210063522
0.780572712450467
0.768243115805177
0.755443114829687
0.742194670298266
0.728509950903818
0.714385800310985
0.699848673106455
0.684899861963843
0.669777462072323
0.654050081178741
0.637914032185745
0.621396373602665
0.604521943025750
0.587286628279717
0.569708926456371
0.551791374977281
0.533551153712222
0.516766307640147
0.499588886646124
0.481074306638430
0.461355597749428
0.441348539036915
0.421410764302132
0.401218351699088
0.380603746864882
0.359775004346454
0.338732284125639
0.317511975415422
0.296102587405871
0.274527145695406
0.252796569543348
0.230923641961218
0.208926586898404
0.186817052518516
0.164707059280896
0.142449151268611
0.120078671687999
0.0976396807207996
0.0751562902016535
0.0526364173292731
0.0300985883373859
0.00754915926323559
-0.0149934381870220
-0.0370582325704694
-0.0584085215390169
-0.0805224426218845
-0.102958066669838
-0.125499290911406
-0.147815589082355
-0.169964149022200
-0.192099129459243
-0.214119560344550
-0.236003718745328
-0.257727255395334
-0.279284680787390
-0.300663294232830
-0.321849483723141
-0.342830299770614
-0.363591345256656
-0.384120155076974
-0.404366848790516
-0.424361535954736
-0.444120915039948
-0.463608790736838
-0.482807241786248
-0.501704614752520
-0.520288514675418
-0.538550189954223
-0.556478109193479
-0.573942323274502
-0.590618323572346
-0.607235606563560
-0.623709989028304
-0.639941111559885
-0.655739356780479
-0.671077687692103
-0.686036534037542
-0.700589645691862
-0.714713434120493
-0.728394319606579
-0.741624981740018
-0.754400223497393
-0.766711733113630
-0.778551604050393
-0.789912531665342
-0.800786882397503
-0.811155652313867
-0.821013164741265
-0.830378605585569
-0.839251783478795
-0.847614001693708
-0.855457377938433
-0.862778081854570
-0.869570171433418
-0.875833875910422
-0.881529917672495
-0.886493183328776
-0.890971784304505
-0.895051475464064
-0.898672916895750
-0.901759496770179
-0.904243924608798
-0.906194390839288
-0.907605124044166
-0.908465037298022
-0.908769924727076
-0.908519681710206
-0.907715616239053
-0.906359155818380
-0.904449883035357
-0.901989917837414
-0.898979617370125
-0.895416775210023
-0.891299752477519
-0.886637967593573
-0.881451574661109
-0.875732852380343
-0.869483655234585
-0.862704739537259
-0.855402865743895
-0.847581221826609
-0.839238110821773
-0.830306782131254
-0.820858307337503
-0.810983625180457
-0.800671914018924
-0.789889980773016
-0.778612112944475
-0.766856852535845
-0.754646035855757
-0.741978619271266
-0.728861618907716
-0.715300684563282
-0.701306364271343
-0.686886136523683
-0.672049888672508
-0.656805286886806
-0.641162724561486
-0.625128650767262
-0.608711935414497
-0.591923033669783
-0.574782535165471
-0.557296690586578
-0.539475746909500
-0.521326839024179
-0.502863914541049
-0.484095751392000
-0.465034402589552
-0.445662139438918
-0.426000650776390
-0.406109953434604
-0.386006942326656
-0.365683425608598
-0.345135717759749
-0.324372347632602
-0.303417802787622
-0.282280651825203
-0.260974082918278
-0.239508385659040
-0.217898751822906
-0.196156741684481
-0.174297268932908
-0.152331744194703
-0.130275104942022
-0.108138420901779
-0.0859354968573761
-0.0636785576870180
-0.0413866266408630
-0.0190720523233137
0.00325157151432179
0.0255733265082371
0.0478780034796611
0.0701533999563182
0.0923781328195996
0.114557565337749
0.136686106458689
0.158723247618790
0.180645612703185
0.202448514891594
0.224127477450732
0.245674397304491
0.267070672935896
0.288302392832152
0.309360720806704
0.330233494601297
0.350900365333881
0.371352830905651
0.391576146506248
0.411570699383308
0.431315862106696
0.450800023078810
0.470006081308521
0.488933372400266
0.507574187378847
0.525896965980131
0.543895246931811
0.561567913559567
0.578903749572422
0.595887354461774
0.612499089593593
0.628743326949830
0.644617796630505
0.660107002015589
0.675188020033141
0.689848440386011
0.704077480461554
0.717897176274052
0.731303252088646
0.744243563282569
0.756732570677532
0.768766950458865
0.780328113374935
0.791422291171185
0.802036987302452
0.812160937812223
0.821783470527427
0.830907642484628
0.839518887543332
0.847620094333899
0.855213638231650
0.862282032572579
0.868833595210410
0.874851206020627
0.880350232851721
0.885311048757444
0.889726248111925
0.893625750328399
0.896977749978699
0.899776434246652
0.902037956403154
0.903743834917988
0.904898723703743
0.905505478129827
0.905580028073720
0.905095592100160
0.904067901475846
0.902490229752354
0.900368993998623
0.897705279650028
0.894496239288174
0.890746450251145
0.886451990361716
0.881604524058468
0.876228461184911
0.870316587416743
0.863883977336197
0.856926648874199
0.849452386515594
0.841463700767024
0.832970541164714
0.823974866822158
0.814477600299535
0.804494241462355
0.794027397706255
0.783076938196190
0.771653112319391
0.759764682257027
0.747413760471538
0.734609571521694
0.721370113759939
0.707692138960176
0.693588772981906
0.679065021389900
0.664133892265986
0.648802106367631
0.633079353690105
0.616973912996594
0.600496272486842
0.583646555266824
0.566447743223144
0.548903726520660
0.531032236442070
0.512839589044318
0.494339181477841
0.475540255208834
0.456457375564473
0.437100110209224
0.417479612802496
0.397608005371267
0.377501125023078
0.357164889998505
0.336613806048759
0.315861023515484
0.294917844250825
0.273795321391818
0.252512575131636
0.231077731400680
0.209505468297096
0.187806470749368
0.165996959314000
0.144087655023425
0.122093745709508
0.100026045435591
0.0779001920647341
0.0557235866474106
0.0335153119689432
0.0112862391911045
-0.0109467358176359
-0.0331724477323644
-0.0553757810042654
-0.0775451367657525
-0.0996648906014175
-0.121723195741282
-0.143705966095203
-0.165601552725386
-0.187393383514510
-0.209071745833452
-0.230622514586276
-0.252032876826905
-0.273289455416508
-0.294381192681153
-0.315292301794539
-0.336011592613090
-0.356526247844953
-0.376824965543996
-0.396894136941050
-0.416722664451277
-0.436297697683104
-0.455608552814726
-0.474642619973090
-0.493390628454375
-0.511839928231595
-0.529979356533872
-0.547797225081273
-0.565282946598201
-0.582425878773494
-0.599215910966242
-0.615642625099013
-0.631695991485139
-0.647366654336661
-0.662645338344574
-0.677522171909919
-0.691988445405029
-0.706036294945827
-0.719656377823844
-0.732841106991474
-0.745582343365312
-0.757872483088087
-0.769703040313767
-0.781068242477275
-0.791960359064432
-0.802373742288464
-0.812300972328411
-0.821737270118196
-0.830675817810340
-0.839112523977798
-0.847041392706631
-0.854459226435264
-0.861359488579654
-0.867739615558248
-0.873593837405818
-0.878920540315438
-0.883714659359621
-0.887975241040853
-0.891697584544123
-0.894881653115023
-0.897523550021562
-0.899623652935177
-0.901178426812249
-0.902189666097090
-0.902654219046973
-0.902574275374664
-0.901947523613638
-0.900776857217063
-0.899060020733053
-0.896801028609493
-0.893998522840517
-0.890657067057081
-0.886775711995403
-0.882359819528121
-0.877409077520519
-0.871929585049921
-0.865921680937917
-0.859392349718528
-0.852342089401063
-0.844778369165547
-0.836702369190999
-0.828122339889847
-0.819040125616046
-0.809464633332091
-0.799398169191834
-0.788850312216285
-0.777824045843815
-0.766329493468872
-0.754370007276061
-0.741956546689275
-0.729093051120807
-0.715790845807510
-0.702054440468468
-0.687895764754854
-0.673319599771772
-0.658338448726029
-0.642957792428111
-0.627190590118636
-0.611042695402004
-0.594527532342045
-0.577651453633431
-0.560428323865823
-0.542864962710912
-0.524975720325039
-0.506767719208545
-0.488255508822113
-0.469446653570300
-0.450356083520453
-0.430991811229536
-0.411369071847436
-0.391496213039061
-0.371388715276288
-0.351055336727176
-0.330511773376783
-0.309767024923301
-0.288837028114359
-0.267731168628740
-0.246465439185199
-0.225049495797798
-0.203499477770725
-0.181825220210799
-0.160042898772383
-0.138162686670945
-0.116200803185085
-0.0941675829252515
-0.0720792172527011
-0.0499462465043402
-0.0277848177896664
-0.00560564018341293
0.0165751931622983
0.0387468647071312
0.0608935025829513
0.0830041868639421
0.105063187169712
0.127059471129843
0.148977501324297
0.170806200365569
0.192530288208833
0.214138635402238
0.235616232033592
0.256951982399987
0.278131190212525
0.299142736224217
0.319972301812477
0.340608841281518
0.361038405552220
0.381250048210491
0.401230272617292
0.420968198227992
0.440450758707942
0.459667222895677
0.478605025445770
0.497253584499551
0.515600846018013
0.533636406721695
0.551348744348662
0.568727663217760
0.585762257058440
0.602442577528474
0.618758307180039
0.634699737798097
0.650257167582437
0.665421168865792
0.680182696899689
0.694532618992501
0.708462552135379
0.721963699381003
0.735028376000467
0.747648108360343
0.759815923223202
0.771523727013838
0.782765268736524
0.793532842634616
0.803820957381389
0.813622300413569