-0.747862911717015
-0.735017191929508
-0.147672702493633
-0.145701996437790
-0.703306725500804
-0.684918536506726
-0.669991784074716
-0.657765099199757
-0.642217110219100
-0.624610159651901
-0.608103251071590
-0.592902880959146
-0.575596933278536
-0.557962542390274
-0.540009408496348
-0.521719359719067
-0.503122605529994
-0.484241596936448
-0.465058479010739
-0.445617717532577
-0.425900098536833
-0.405932864663536
-0.385724857496653
-0.365817011128779
-0.345171006559673
-0.324291482384662
-0.303238712312130
-0.282007095448643
-0.260614624443870
-0.239058380852810
-0.217370763794994
-0.195554347980816
-0.181606442366328
-0.159763282024645
-0.138905758727433
-0.115796144312525
-0.0932659088756336
-0.0714496725927778
-0.0490860171393438
-0.0265270572576892
-0.00395810270875954
0.0186067916149565
0.0411292157609234
0.0636291334191910
0.0860797078486071
0.108464822819966
0.130774135891000
0.152990465017215
0.175103419309629
0.196815911088354
0.218661348807240
0.240388909759376
0.261965271615357
0.283367041809917
0.304587748484531
0.325611097826661
0.346430479879283
0.367030585838516
0.385326622358961
0.403486066182866
0.422848329710794
0.442809791261166
0.462465045816904
0.481478082988275
0.500206432851305
0.518819102370644
0.537104537969205
0.555059748605273
0.572651221215269
0.589891889625837
0.606761390462891
0.623251484124197
0.639349327548131
0.655045256946152
0.670331122766890
0.685076476903528
0.699468773665076
0.713473905439977
0.727039439671252
0.740153080844853
0.752806383145930
0.764990270128781
0.776701864967925
0.787933458520673
0.798138851421911
0.807051404857456
0.816500537009657
0.825848009357325
0.834831781538613
0.843145821621460
0.850868019833146
0.858170217024648
0.864954248771623
0.871209346377750
0.876917215288343
0.882083779636223
0.886705523949505
0.890779504491146
0.894300878776690
0.897268257934787
0.899679742466875
0.901488953055666
0.902744618533879
0.903483892638105
0.903671429629862
0.903304309590052
0.902379693025076
0.900898836037045
0.898863178544452
0.896276390709394
0.892998194774716
0.888663831347741
0.884171755971546
0.879412942961828
0.874241487346475
0.868485138185604
0.862135433514177
0.855293039040361
0.847941549601027
0.840072482172799
0.831682960645890
0.822780168677277
0.813371688505592
0.803463442815824
0.793059301182944
0.782166802124077
0.770791407138344
0.758925709804075
0.746579202888805
0.733793271546493
0.720568175606609
0.706903513291666
0.692804170063477
0.678280151997069
0.663337646163066
0.647991575470060
0.632209478365317
0.615811016128134
0.599110521058724
0.582220844561123
0.565060422590706
0.547560255288834
0.529677699880962
0.511480042533032
0.492979991894300
0.474180031427202
0.455087236370316
0.435712944033727
0.416070364808430
0.396172358354741
0.376029332586899
0.355654483275133
0.335059367024283
0.314251616396241
0.293240093592398
0.272051527871980
0.250706524545019
0.229209397563243
0.207572086258943
0.185805629872743
0.163924467320396
0.141942195429056
0.119863082633879
0.0976177143690910
0.0752979377547721
0.0530217134889988
0.0307698767317739
0.00851083913608766
-0.0137711572766099
-0.0360527007548032
-0.0583064809340952
-0.0805246271232650
-0.102695534520445
-0.124807169240139
-0.146844933272308
-0.168795051059515
-0.190644632105084
-0.212380438354789
-0.233989368973612
-0.255460127242256
-0.276782448127863
-0.297938211031597
-0.318908448743480
-0.339683773569381
-0.360252878528317
-0.380604731974735
-0.400726386787601
-0.420605707319056
-0.440232475227522
-0.459626446398743
-0.478766127746371
-0.497578661276910
-0.516053832148892
-0.534203720971806
-0.552034976315616
-0.569538316744596
-0.586694480782379
-0.603493819659355
-0.619927963264932
-0.635987279635348
-0.651662338007036
-0.666942526953332
-0.681819475996626
-0.696283492575188
-0.710326680462800
-0.723940243028927
-0.737118426465093
-0.749850658254972
-0.762126657021185
-0.773938490786329
-0.785281273175357
-0.796147720533523
-0.806532437501560
-0.816427343303496
-0.825814579655306
-0.834714420474612
-0.843137050930749
-0.851034944557173
-0.858402481959794
-0.865230236466862
-0.871542342257771
-0.877330468706623
-0.882583675737495
-0.887289397459695
-0.891475407272610
-0.895130196509259
-0.898218628064519
-0.900783372097388
-0.902786642325745
-0.904251907275670
-0.905167032022791
-0.905535171808440
-0.905336723597676
-0.904610204426163
-0.903363350592254
-0.901540317913093
-0.899159019519098
-0.896242585505908
-0.892795376786671
-0.888799518136521
-0.884241541473215
-0.879159719752333
-0.873557062340416
-0.867435894335631
-0.860785804277160
-0.853591555797317
-0.845858294748728
-0.837644119450034
-0.828961163162451
-0.819730160043478
-0.810006161117407
-0.799800771858085
-0.789091413437455
-0.777927025953234
-0.766283302205838
-0.754163313990015
-0.741594230967330
-0.728579247859028
-0.715112652637938
-0.701205188243120
-0.686890060348986
-0.672149648829730
-0.657002037406952
-0.641449534912467
-0.625524675504453
-0.609213295151352
-0.592518230038261
-0.575494165926099
-0.558113109784293
-0.540392631674288
-0.522368917122745
-0.504016950050874
-0.485349497556341
-0.466390831678682
-0.447176136818251
-0.427670717804404
-0.407911323836025
-0.387903947274885
-0.367661506380070
-0.347205472143985
-0.326533934237749
-0.305662607680445
-0.284606180058051
-0.263373365910746
-0.241985025126597
-0.220441869776016
-0.198775674094727
-0.176987546591118
-0.155091157348255
-0.133100672175771
-0.111035618143691
-0.0889057799127367
-0.0667159918643527
-0.0444944887442165
-0.0222495149205582
9.78226786746828e-06
0.0222605221446297
0.0444936514056737
0.0667071097542648
0.0888807874569223
0.110987632062433
0.133030982595367
0.154993488045336
0.176861706443414
0.198621028775744
0.220256733236068
0.241759026748276
0.263115522310426
0.284312179068993
0.305338262567705
0.326176258830976
0.346820079221460
0.367249730588041
0.387455556341984
0.407427102889559
0.427151328244228
0.446614520321977
0.465804257309027
0.484713840740598
0.503327850652032
0.521633134468258
0.539622553927360
0.557282437167898
0.574600446912389
0.591573705971318
0.608189799676169
0.624432837484812
0.640296444853021
0.655773716339718
0.670853164580710
0.685525900487294
0.699781991455507
0.713614115504287
0.727014118939885
0.739974412695704
0.752486839346876
0.764543193738668
0.776137064464105
0.787260831311381
0.797906070773726
0.808069143410601
0.817742270929055
0.826920402189603
0.835595677269455
0.843766433812599
0.851425676061045
0.858568404912050
0.865190414822759
0.871289025774154
0.876857224640037
0.881896634951234
0.886402572477130
0.890371744705949
0.893799740124727
0.896688831986898
0.899034279481638
0.900836744176333
0.902092627909323
0.902803645054417
0.902967458420825
0.902586536269517
0.901658618184465
0.900186515119031
0.898168706368983
0.895609140690874
0.892505752001272
0.888864047293504
0.884683355610430
0.879968985402398
0.874720237538332
0.868944081755557
0.862641164451387
0.855817443152181
0.848474302815421
0.840619672683307
0.832254222514099
0.823387328512858
0.814021696240383
0.804165430450475
0.793820501351715
0.782997723370742
0.771700092389434
0.759937749320889
0.747714211559161
0.735040394255472
0.721920642024288
0.708366570244661
0.694382796886797
0.679981293436987
0.665167110412531
0.649952989929493
0.634344087841745
0.618353679434734
0.601987960905561
0.585260383370133
0.568177193257631
0.550752513356617
0.532993556367350
0.514914265856727
0.496521983761234
0.477831640727453
0.458850678159177
0.439594322686552
0.420071196115325
0.400296329139573
0.380277772766366
0.360031457321046
0.339566369628541
0.318898137955806
0.298035868915635
0.276995457596574
0.255786442338180
0.234424951124267
0.212920721604152
0.191289874494587
0.169542327679933
0.147694363444786
0.125756039975839
0.103743566368901
0.0816674720227433
0.0595439254454626
0.0373834165773892
0.0152020710760249
-0.00698919841561192
-0.0291744922484436
-0.0513430213260972
-0.0734787982129854
-0.0955709245255760
-0.117603712147599
-0.139565856397585
-0.161441913217744
-0.183221015164271
-0.204887873000831
-0.226431218792488
-0.247836181479479
-0.269091676345553
-0.290183134471339
-0.311099442097078
-0.331826336320648
-0.352352775697174
-0.372664946509882
-0.392751940022063
-0.412600342952282
-0.432199362284887
-0.451536114366258
-0.470599848893791
-0.489378131916814
-0.507860472633829
-0.526034996761372
-0.543891288302230
-0.561418020608734
-0.578605127501466
-0.595441812923919
-0.611918190627148
-0.628024140921567
-0.643749930924922
-0.659086011964419
-0.674023141241259
-0.688552476873315
-0.702664901476455
-0.716352239393260
-0.729605805969267
-0.742418132966659
-0.754780857880934
-0.766687197924077
-0.778129157035196
-0.789100706450268
-0.799594266844823
-0.809604552471945
-0.819124382656955
-0.828149261075992
-0.836672408600657
-0.844690059681263
-0.852195909620301
-0.859187004703795
-0.865657457796959
-0.871605074218409
-0.877024495408827
-0.881914323462445
-0.886269644333633
-0.890089878333519
-0.893370581832961
-0.896111922121378
-0.898310033034582
-0.899965938821284
-0.901076220992606
-0.901642660287702
-0.901662407624562
-0.901138052507307
-0.900067265950912
-0.898453405762801
-0.896294673650552
-0.893595210695211
-0.890353773747132
-0.886575272908973
-0.882259002785931
-0.877410637226676
-0.872030014749116
-0.866123527091757
-0.859691565494106
-0.852741265827202
-0.845273555150428
-0.837296256455400
-0.828810858711666
-0.819825886830520
-0.810343351497063
-0.800372448027836
-0.789915719409126
-0.778982980161556
-0.767577319937982
-0.755709213475310
-0.743382253832879