-0.0692955405244472
-0.0914474841992105
-0.164660659568895
-0.170693711312839
-0.156606620541856
-0.178090878727884
-0.199740729841863
-0.221794185405395
-0.243444001409930
-0.264939369160549
-0.286104131577113
-0.307037545546654
-0.327891217030016
-0.348546651813947
-0.368992619433045
-0.389211217610547
-0.409196411403483
-0.428937077238721
-0.448409248159809
-0.467617070267559
-0.486530324722522
-0.505157571260515
-0.523478796992308
-0.541379844127974
-0.559063650810269
-0.576399807104085
-0.593396834127896
-0.610029446856191
-0.626294459499105
-0.642172659502001
-0.657668120958943
-0.672763590908940
-0.686291430285714
-0.700568080968037
-0.714686669047800
-0.728179610669077
-0.741166705520948
-0.753656425354854
-0.765735284936370
-0.777351760325196
-0.788509107354727
-0.799179504065364
-0.809372331565816
-0.819072248248600
-0.828274378146581
-0.836974773723509
-0.845159936201904
-0.852839138123489
-0.860003281273219
-0.866593373160463
-0.872711429985784
-0.878302941944850
-0.883361645217722
-0.887888984835376
-0.891874376763930
-0.895320024282680
-0.898221854856179
-0.900581739550322
-0.902092929998653
-0.903074952828499
-0.903922636348704
-0.904165389010042
-0.903813584853231
-0.902888847289785
-0.901424784549739
-0.899422849234834
-0.896879542314935
-0.893792032730152
-0.890163196629897
-0.885994477030886
-0.881288536157448
-0.876048053666677
-0.870272969508457
-0.863971843843632
-0.857148175284457
-0.849783536183453
-0.841917924932691
-0.833552577126953
-0.824679120391005
-0.815309371045429
-0.805442800474099
-0.795088858465038
-0.784251024229993
-0.772940020332464
-0.761080618850243
-0.748642883317232
-0.735978094386575
-0.722889942686276
-0.709332490625973
-0.695330232537863
-0.680903870809697
-0.666071087564139
-0.650834688425793
-0.635205627631135
-0.619189959891713
-0.602799098847527
-0.586042229715358
-0.568930020766681
-0.551470579004743
-0.533676912676789
-0.515559587388553
-0.497122104263797
-0.478383082577784
-0.459362977596795
-0.440062638891658
-0.420497067802434
-0.400675078271185
-0.380610321360256
-0.360312988588859
-0.339798281514547
-0.319055871498849
-0.298045507774035
-0.276936149406631
-0.255702953932176
-0.234300375785247
-0.212745781403792
-0.191057745820749
-0.169256505001502
-0.147351903907860
-0.125359048051011
-0.103288641038027
-0.0811551869359881
-0.0589714650069387
-0.0367517097009487
-0.0145076971313223
0.00774572954247643
0.0299954752603503
0.0522299425109644
0.0744339618536148
0.0965853340402127
0.118683607873301
0.140710488403137
0.162653207876030
0.184497929858553
0.206232525271381
0.227842300441367
0.249320439308160
0.270682167201601
0.291861263246714
0.312830630903848
0.333612494305925
0.354199241482200
0.374566224728664
0.394714348307055
0.414625132150637
0.434285005871562
0.453682688357473
0.472806737677162
0.491645251431276
0.510186797464262
0.528420550449049
0.546335434562840
0.563920250346370
0.581165158814276
0.598059658885583
0.614586439722023
0.630745050116487
0.646523454817463
0.661911568975972
0.676899109664811
0.691478398423761
0.705639026397781
0.719375028188087
0.732689067762323
0.745560369582856
0.757961911691548
0.769902037287204
0.781379141636948
0.792383270221070
0.802909553290599
0.812952516789768
0.822503246394412
0.831557153428008
0.840107853803234
0.848151297543430
0.855681187582942
0.862694520777303
0.869185725241272
0.875152093534741
0.880588778009127
0.885494383541937
0.889861244700924
0.893690983908463
0.896980464155438
0.899728625437264
0.901931570998330
0.903590301328035
0.904701458710409
0.905266877816397
0.905288585836954
0.904766778522024
0.903688614710748
0.902060774474754
0.899887146579581
0.897170694074514
0.893910664376321
0.890112283569097
0.885774471483627
0.880902046182254
0.875495665293407
0.869561089828939
0.863099268636784
0.856116744928482
0.848615236768818
0.840601785403727
0.832078663929589
0.823053923321333
0.813529215940833
0.803513283660873
0.793010543108449
0.782029701659824
0.770574394024058
0.758654434020657
0.746273943345919
0.733436446834433
0.720156855135577
0.706450944470761
0.692311696937072
0.677756869255287
0.662781721573934
0.647414864805697
0.631656071400781
0.615513002800240
0.598987004626177
0.582114686464534
0.564896701906584
0.547318262729254
0.529430541190350
0.511210495818107
0.492681207890971
0.473851169914703
0.454735148728236
0.435330642287762
0.415676832024506
0.395789163212018
0.375643351931577
0.355263772585905
0.334674671944964
0.313891627212877
0.292912163673381
0.271742451878264
0.250416392801153
0.228939265708571
0.207328892318711
0.185597784242698
0.163743115409996
0.141780814285877
0.119746943174697
0.0976579110725330
0.0754865967596515
0.0532735904386337
0.0310338213979950
0.00876330006131139
-0.0134952652191422
-0.0357536850977877
-0.0579976238233622
-0.0801892395612321
-0.102328394626715
-0.124406234906488
-0.146414906091851
-0.168323577883715
-0.190132383743877
-0.211831557804462
-0.233401671109140
-0.254825557348223
-0.276097753607022
-0.297208018074568
-0.318131584403177
-0.338864640195258
-0.359383802573188
-0.379669039281205
-0.399726884867882
-0.419549226148140
-0.439114646451854
-0.458403891256149
-0.477424874296406
-0.496156577640441
-0.514586282478057
-0.532707487619111
-0.550499807506570
-0.567962305050920
-0.585083842571162
-0.601845810304095
-0.618231158148120
-0.634243436058679
-0.649874717641058
-0.665108303241768
-0.679939102283346
-0.694361229167570
-0.708363028591449
-0.721934923021187
-0.735069086909550
-0.747761608435278
-0.759999752718199
-0.771777882785724
-0.783086720464049
-0.793913634463980
-0.804258333662625
-0.814120870225694
-0.823490358978472
-0.832357745822195
-0.840723121555342
-0.848582261027007
-0.855926727833055
-0.862754921041438
-0.869058839603384
-0.874838380438033
-0.880089435306649
-0.884808451555433
-0.888984817834106
-0.892624002053674
-0.895723805741655
-0.898281967029626
-0.900295145385797
-0.901766284366875
-0.902691583452519
-0.903071895885888
-0.902904367517671
-0.902193453542496
-0.900935856022684
-0.899134259490705
-0.896787443925233
-0.893896243216011
-0.890461470427226
-0.886491550221483
-0.881985121067328
-0.876945412615776
-0.871374176253030
-0.865279184636131
-0.858659635329400
-0.851522859800619
-0.843869646478263
-0.835707861213130
-0.827040164374818
-0.817874604759785
-0.808210425993641
-0.798058505706957
-0.787423303654564
-0.776314095493093
-0.764733623040717
-0.752693362405685
-0.740197134162663
-0.727255511587541
-0.713872481527526
-0.700060467716745
-0.685824123335007
-0.671175021396883
-0.656118668988650
-0.640666511187218
-0.624824347812472
-0.608607179534067
-0.592021379795320
-0.575079442910754
-0.557788147510983
-0.540162584141293
-0.522209313936991
-0.503942607234619
-0.485369963457384
-0.466505947370641
-0.447358905605428
-0.427943916295748
-0.408267989729415
-0.388346586886752
-0.368189349834416
-0.347811915608899
-0.327222805402360
-0.306438168519291
-0.285467444643464
-0.264326360302654
-0.243024246052457
-0.221577427418157
-0.199995826106071
-0.178295271241519
-0.156485857409648
-0.134583377736736
-0.112597844689511
-0.0905462215206384
-0.0684393528743250
-0.0462929473616423
-0.0241174610372053
-0.00192948089272552
0.0202602666757343
0.0424359929683096
0.0645867607699808
0.0866968758634512
0.108755175786774
0.130745953733855
0.152658595820545
0.174477932998981
0.196192378167818
0.217786625629442
0.239249749564750
0.260566860881371
0.281726698454715
0.302714857671363
0.323520391287122
0.344129139759023
0.364529993654817
0.384709387079040
0.404656443051589
0.424358025370196
0.443803540888338
0.462979952688637
0.481876327498822
0.500480528077981
0.518782247967158
0.536769571288900
0.554432153212408
0.571758929101688
0.588739843080159
0.605364361931916
0.621622635182685
0.637504633925977
0.653000959334063
0.668102475224215
0.682799761721379
0.697084005720984
0.710946329215358
0.724378773521117
0.737372653593446
0.749920707886746
0.762014752614535
0.773648241140321
0.784813244259461
0.795503985717321
0.805713028602135
0.815435344902209
0.824663975646302
0.833394557954999
0.841620296865922
0.849337677972438
0.856540614935864
0.863226321726651
0.869389011220370
0.875026771597854
0.880134371747278
0.884710666813075
0.888750895730181
0.892254660186124
0.895217738407721
0.897640666834537
0.899519659230205
0.900855851773973
0.901646015854748
0.901892197886253
0.901591660122853
0.900747203763757
0.899356685672381
0.897423712037136
0.894946625028879
0.891929793984977
0.888372152424224
0.884278841037721
0.879649359255331
0.874489580106196
0.868799426722150
0.862585489734562
0.855848361451480
0.848595375645121
0.840827588146829
0.832553042577776
0.823773388893954
0.814497350218797
0.804727104384719
0.794472015713178
0.783734797218049
0.772525513287401
0.760847402137130
0.748711049888423
0.736120195792452
0.723086073905711
0.709612937470242
0.695712558356386
0.681389709254148
0.666656716494373
0.651518822394129
0.635988842184220
0.620072513008242
0.603783133249319
0.587126908108815
0.570117576520440
0.552761740550841
0.535073516568556
0.517059984823489
0.498735666203375
0.480108022763994
0.461191901579129
0.441995184728253
0.422533027060896
0.402813681450721
0.382852559744137
0.362658266928194
0.342246466345875
0.321626110528689
0.300813015849840
0.279816425256758
0.258652330045929
0.237330276950304
0.215866359508601
0.194270396627590
0.172558568926787
0.150740936157199
0.128833704319290
0.106847159329930
0.0847975108293179
0.0626952431359842
0.0405565248038979
0.0183919923945531
-0.00378228857570300
-0.0259555226973659
-0.0481117439068089
-0.0702400465814187