0.816278402827784
0.825596806727403
0.836112682084300
0.844469935892889
0.852291626885859
0.858122877124907
0.866421288898676
0.872737618741841
0.878506177883063
0.883757424564735
0.888476655633655
0.892641822228993
0.896277089757624
0.899372262366285
0.901923315780295
0.903930896441925
0.905391559230770
0.906306647950162
0.906673341785465
0.906489981994052
0.905752373933041
0.904612988455425
0.902775125144229
0.900408681547553
0.897501243145490
0.894049114084597
0.890059663741664
0.885529749301437
0.880467971179253
0.874871465819339
0.868749523023803
0.862099935440247
0.855613572561993
0.848639188504084
0.840408542051387
0.831667862541005
0.822429365073682
0.812692127775104
0.802465808536224
0.791757482487349
0.780571918618916
0.768916702944444
0.756797966333568
0.744229851783075
0.731209508532693
0.717751415831728
0.703843400328001
0.689550299140507
0.674848998896612
0.659703767203576
0.644165788113272
0.628237760150977
0.611933549478314
0.595258484281251
0.578227338445712
0.560847152711118
0.543130824784126
0.525088991952126
0.506921918975426
0.488700328136249
0.469773042403137
0.450495064536580
0.430948976902218
0.411143362771673
0.391091491544751
0.370804542208244
0.350297734575095
0.329579776140146
0.308666699611601
0.287569460601965
0.266304167082605
0.244875481566432
0.223299914486166
0.201597171448334
0.179789587439666
0.157856809792494
0.135827733240444
0.113717626689317
0.0915416924645971
0.0693110660709017
0.0470413934240228
0.0247448418114525
0.00243623207790814
-0.0198696388068125
-0.0420996230066292
-0.0641861673207043
-0.0863341908135888
-0.108529795202202
-0.130662488646042
-0.152713969087955
-0.174671195911238
-0.196521086540287
-0.218249073625429
-0.239843193198878
-0.261289569483790
-0.282575412899184
-0.303686640799073
-0.324613251723044
-0.345342859609770
-0.365859886112420
-0.386147265839408
-0.406203617453245
-0.426017925421619
-0.445573036667893
-0.464857250224860
-0.483858563226704
-0.502566046597946
-0.520967368962914
-0.539052231953997
-0.556807381380254
-0.574203818440932
-0.591203394554345
-0.607858396939642
-0.624202623463948
-0.640184703589621
-0.655777236801017
-0.670972538295781
-0.685759760362250
-0.700131295819919
-0.714076689144543
-0.727589519573443
-0.740659418277589
-0.753280274443058
-0.765442982029774
-0.777143341118697
-0.788370707007736
-0.799118656495522
-0.809381211468447
-0.819153430773490
-0.828422345762302
-0.837208816259655
-0.845471400576852
-0.853229071714122
-0.860471380858778
-0.867190401771304
-0.873385012291870
-0.879041212075753
-0.884148056706122
-0.888714181735887
-0.892768204389355
-0.896295419971896
-0.899286528307339
-0.901720377345479
-0.903615884082821
-0.904964123190421
-0.905764279467384
-0.906015520114632
-0.905717888289403
-0.904871258339246
-0.903476471049480
-0.901534787987591
-0.899047211551051
-0.896019315179070
-0.892442317648797
-0.888331147685608
-0.883665574903908
-0.878472702314901
-0.872753561882213
-0.866505503792937
-0.859736315936795
-0.852443966457551
-0.844638064016314
-0.836315461305592
-0.827482257290736
-0.818141408603730
-0.808316506131900
-0.798009857987668
-0.787226568265505
-0.775961486881436
-0.764229754739631
-0.752034244154500
-0.739386178497326
-0.726287914361856
-0.712752575686730
-0.698783102588150
-0.684393165421646
-0.669586552236013
-0.654377450179650
-0.638770782237280
-0.622779764868711
-0.606408202855865
-0.589670508269003
-0.572570964954915
-0.555132297634858
-0.537355923203671
-0.519257427802302
-0.500842730493662
-0.482127016357143
-0.463116607239178
-0.443825303789673
-0.424261106604968
-0.404444596253586
-0.384386746826670
-0.364101068069104
-0.343593027078518
-0.322878388235571
-0.301967345653781
-0.280875517877288
-0.259612035248469
-0.238193099974860
-0.216628365608026
-0.194934077649588
-0.173120347723957
-0.151203485523900
-0.129194048761308
-0.107107999037844
-0.0849552070146911
-0.0627518651803624
-0.0405080069136754
-0.0182423337278886
0.00403441475287776
0.0263073649882269
0.0485651017856245
0.0707923408323519
0.0929709385269360
0.115093754142072
0.137155749347032
0.159134064027874
0.181014203505886
0.202782100010784
0.224427832856162
0.245937739539847
0.267297128728538
0.288498034290871
0.309522016978363
0.330360140510999
0.350995568188101
0.371415057794232
0.391607182841425
0.411567907640580
0.431283459470654
0.450732023083621
0.469921394021473
0.488814386581058
0.507418626192596
0.525716027185921
0.543690667155228
0.561334236749434
0.578646904383676
0.595604285601100
0.612195769244313
0.628417329587638
0.644247290653610
0.659713652862371
0.674781795520054
0.689416822963919
0.703661577136551
0.717462786047044
0.730840912548339
0.743772706430159
0.756242065759371
0.768268666590430
0.779825491120530
0.790902660820357
0.801506952495988
0.811634049773127
0.821238797145768
0.830355568101783
0.838965824680337
0.847063571722394
0.854651607483086
0.861715686384571
0.868261614504997
0.874284871998729
0.879779586877422
0.884740762593443
0.889162259836887
0.893040879809251
0.896389942566647
0.899198369585113
0.901458175599121
0.903173264326949
0.904337578978336
0.904953568739783
0.905019187777347
0.904543411996302
0.903516175359544
0.901950535948240
0.899835774382652
0.897180111555899
0.893976583848547
0.890241008161250
0.885952695910303
0.881117014442873
0.875747864190365
0.869849986814711
0.863424960917825
0.856479878837962
0.849015316252732
0.841042186325138
0.832559593416252
0.823576322373723
0.814092934084507
0.804117663715003
0.793657082658623
0.782723526804898
0.771312474854126
0.759439720741171
0.747103643539177
0.734317576831849
0.721086183572267
0.707422394587298
0.693330751081145
0.678823544374215
0.663906245462032
0.648589877772223
0.632880013546021
0.616791498305547
0.600326492861772
0.583494090503540
0.566306829641487
0.548780035945421
0.530920825509115
0.512743846803520
0.494256290554710
0.475473880084468
0.456404232144811
0.437061808551341
0.417454627815198
0.397597164020151
0.377499438352703
0.357178234943081
0.336640598773823
0.315902240488029
0.294972137516227
0.273865506429667
0.252593135417538
0.231170821499233
0.209609426145924
0.187924058947245
0.166125962770114
0.144229682249779
0.122246306713189
0.100191378986652
0.0780755693546184
0.0559116513842146
0.0337127255523869
0.0114954035694917
-0.0107282510821655
-0.0329433147803771
-0.0551376877425522
-0.0772965207920187
-0.0994073895567576
-0.121456255400563
-0.143430838554894
-0.165317393263245
-0.187103062700470
-0.208773466275774
-0.230316378918413
-0.251718903280069
-0.272968347310454
-0.294052076519212
-0.314957056786991
-0.335670582100414
-0.356179704325829
-0.376472459525216
-0.396536051104126
-0.416359151815193
-0.435929281355722
-0.455235357804496
-0.474265023068101
-0.493008722519004
-0.511453970780174
-0.529589972648773
-0.547404172040535
-0.564887213316689
-0.582026994883196
-0.598814751162941
-0.615238517729187
-0.631290327635609
-0.646958667502164
-0.662236244751244
-0.677111663840241
-0.691577913759327
-0.705623958958452
-0.719244010936006
-0.732427406283135
-0.745168899483348
-0.757458064607799
-0.769290134503433
-0.780655020746029
-0.791548801891670
-0.801961887874618
-0.811891154384735
-0.821327546060912
-0.830268636694228
-0.838705773727437
-0.846637601175052
-0.854056021032763
-0.860959752941758
-0.867340790981763
-0.873198911259074
-0.878526855144900
-0.883325180960457
-0.887587125458727
-0.891314043196300
-0.894499815951836
-0.897146583615089
-0.899248731181961
-0.900808990948615
-0.901822268554583
-0.902292232301944
-0.902214482370309
-0.901593352232938
-0.900424966518620
-0.898714278133493
-0.896457962013699
-0.893661720066613
-0.890322893898672
-0.886447914616155
-0.882034786373115
-0.877090622136920
-0.871614023657261
-0.865612858359818
-0.859086436129524
-0.852043045167386
-0.844482365103168
-0.836413357992616
-0.827836474279293
-0.818761321683755
-0.809188970562220
-0.799129614846672
-0.788584993027042
-0.777565878886647
-0.766074616045056
-0.754122444327278
-0.741712278957469
-0.728855918177434
-0.715556959355369
-0.701827662519863
-0.687672185333549
-0.673103183120994
-0.658125367795055
-0.642751813741250
-0.626987838267828
-0.610846916065878
-0.594334949312464
-0.577465767473425
-0.560245815083991
-0.542689258819484
-0.524803120400793
-0.506601781651653
-0.488092653749936
-0.469290341134214
-0.450202818482674
-0.430844938694189
-0.411225160969887
-0.391358512733032
-0.371253930243706
-0.350926593688055
-0.330385876303662
-0.309647034550303
-0.288719833042274
-0.267619604117916
-0.246356541252345
-0.224946010701602
-0.203398556676813
-0.181729511354734
-0.159949741870847
-0.138074530433485
-0.116115072279013
-0.0940865766206126
-0.0720005377153962
-0.0498720485705207
-0.0277128632288236
-0.00553792180974433
0.0166407713490044
0.0388084863274595
0.0609530707283490
0.0830600526615651
0.105117084585441
0.127109934209510
0.149026102081662
0.170851654509939
0.192573971616833
0.214179444684588
0.235655368258454
0.256988508500217
0.278166119152501
0.299175364182213
0.320003460148668
0.340637991635476
0.361066189282770
0.381276108173500
0.401255028859629
0.420991497763890
0.440472861274216
0.459688175036979
0.478624880909458
0.497272573337542
0.515618824941560
0.533653796344247
0.551365215011354
0.568743835655617
0.585777598733568
0.602457891077845
0.618772869811049
0.634714542819632
0.650271309216999
0.665435829153851
0.680196776275300
0.694547478302175
0.708476911165933
0.721979093054205
0.735043336392576
0.747664363272468
0.759831837557742
0.771541190744909
0.782782469131733
0.793551835230186
0.803839746572940
0.813643103402235