-0.0690741285820763
-0.0912182385844120
-0.113021796536788
-0.135058517093040
-0.157013414211283
-0.179042517852808
-0.200638963449278
-0.222290864102860
-0.243809283114003
-0.265180387757371
-0.286390837993406
-0.307426081171283
-0.328276324047899
-0.348928022116820
-0.369368296345989
-0.389585246658660
-0.409566119098875
-0.429299411857906
-0.448772552222058
-0.467971052101093
-0.486880673005089
-0.505429825731603
-0.523746159083767
-0.541751635717786
-0.559430364910309
-0.576769086172805
-0.593760244238537
-0.610390566645613
-0.626652934617528
-0.642534440594498
-0.658028679053288
-0.673122961337244
-0.687640005665755
-0.701725379861801
-0.715577528542538
-0.728995552180206
-0.741971088840975
-0.754499090993836
-0.766570832256751
-0.778178530055722
-0.789315154969851
-0.799973932382411
-0.810148437194653
-0.819835534718423
-0.829021607674969
-0.837709012053936
-0.845876803005945
-0.853520514066442
-0.860649049355017
-0.867280607776977
-0.873389621504646
-0.878968085168524
-0.884016342455394
-0.888527659581482
-0.892502956070867
-0.895935706408315
-0.898828207853747
-0.901173817011365
-0.902928311568876
-0.904067914012221
-0.904766999794035
-0.904933581075582
-0.904552972216650
-0.903623517393026
-0.902149594150153
-0.900127534288662
-0.897562530008129
-0.894451998217191
-0.890802064917701
-0.886611353266533
-0.881885377724147
-0.876622359134126
-0.870828666594115
-0.864498359760141
-0.857645061520659
-0.850281023111885
-0.842408347667447
-0.834023568404247
-0.825135919218498
-0.815746652498625
-0.805865542783705
-0.795494227243047
-0.784643252040055
-0.773314309051473
-0.761503688336848
-0.749199591210271
-0.736469463111711
-0.723317109715198
-0.709729780481751
-0.695710583468495
-0.681272577797360
-0.666420092924290
-0.651165983817516
-0.635515459884387
-0.619482010763605
-0.603071550975287
-0.586297635107544
-0.569166079779877
-0.551691030465444
-0.533876998859239
-0.515739736762264
-0.497291816207989
-0.478547977786486
-0.459513016994951
-0.440201334950567
-0.420621324921603
-0.400788070434932
-0.380710275662589
-0.360403215145157
-0.339875763665174
-0.319138447754277
-0.298193948268159
-0.277073263219409
-0.255798138204231
-0.234373219095733
-0.212804774752394
-0.191108642313390
-0.169295413881655
-0.147380527903926
-0.125374899790873
-0.103294094325854
-0.0811493780013024
-0.0589561248584743
-0.0367255936522582
-0.0144730756946479
0.00779051300880344
0.0300499992573994
0.0522914205535354
0.0744968044633783
0.0966542394034003
0.118756947887049
0.140790687831608
0.162738351851925
0.184588338584819
0.206326662368731
0.227941196105567
0.249419570615243
0.270752755314739
0.291922861056577
0.312911202096152
0.333705892770794
0.354298488623828
0.374669178887684
0.394820695445808
0.414734731931937
0.434398453873755
0.453799556772123
0.472926645591966
0.491767810854254
0.510312081463103
0.528547917858042
0.546464870595623
0.564052679036499
0.581298561797464
0.598191357031702
0.614717557437900
0.630874612632376
0.646653660636263
0.662040924942777
0.677028719288414
0.691606364472353
0.705766958127583
0.719500522245422
0.732802038175737
0.745660427180366
0.758067117753929
0.770011652979068
0.781490816914183
0.792493591664405
0.803019680616942
0.813060512598759
0.822611367134863
0.831663360524807
0.840214052004348
0.848255113943641
0.855784961481240
0.862795698407077
0.869286615139696
0.875250516390444
0.880686964160038
0.885587859000344
0.889953539152035
0.893778847643123
0.897067386829383
0.899811774412888
0.902014002336267
0.903668683863910
0.904779047347851
0.905340366294778
0.905357072179065
0.904824710576700
0.903746786746731
0.902118772418916
0.899946629928904
0.897227029366736
0.893966994082837
0.890164915456049
0.885827149362186
0.880951360395222
0.875545189823458
0.869607153100891
0.863145621249379
0.856159712159700
0.848658489683619
0.840641755431920
0.832119100289570
0.823090331552442
0.813565500413249
0.803545822078224
0.793043201440378
0.782058963269626
0.770604156773456
0.758680891659886
0.746300931719911
0.733460229564255
0.720186458436266
0.706476831195800
0.692336087430799
0.677781030895006
0.662801661028257
0.647438926680957
0.631683643439213
0.615523781113786
0.599025946960406
0.582143017667960
0.564919726049041
0.547340161191330
0.529450919217222
0.511233167193810
0.492700359148928
0.473872126598444
0.454744148649838
0.435375290414377
0.415707601016291
0.395802786917731
0.375663197371708
0.355288235190210
0.334697164100372
0.313917296502370
0.292937709172063
0.271775559331533
0.250449069685823
0.228960804804899
0.207352428591752
0.185625891793473
0.163763188472127
0.141823270708802
0.119782999874762
0.0976808431308295
0.0755181650468199
0.0533021026965579
0.0310638619541063
0.00879771358918840
-0.0134712803118112
-0.0357275606502402
-0.0579619878860970
-0.0801564772666408
-0.102299015821663
-0.124370713814033
-0.146375359398639
-0.168288436633443
-0.190097296457372
-0.211794577063523
-0.233360364334012
-0.254783059245655
-0.276053557376877
-0.297157980402156
-0.318086406040029
-0.338822486216473
-0.359338062398983
-0.379622113005986
-0.399683749686605
-0.419495738399776
-0.439060592669679
-0.458355748376880
-0.477375182603655
-0.496104393289683
-0.514534055540290
-0.532652099462406
-0.550448966725389
-0.567911253360443
-0.585028129137321
-0.601787945554839
-0.618175307894901
-0.634185908469252
-0.649813619446327
-0.665048229858969
-0.679879972649499
-0.694299936534002
-0.708300362540103
-0.721870363800861
-0.735004637573609
-0.747693922952595
-0.759933537508037
-0.771712666815742
-0.783020812431399
-0.793846720506187
-0.804193644046267
-0.814052098452749
-0.823420550372922
-0.832289523887418
-0.840656399748612
-0.848513313470860
-0.855858936627062
-0.862685215818673
-0.868992006773789
-0.874771297452879
-0.880022366804560
-0.884738354273684
-0.888917765657450
-0.892555822486783
-0.895655880574279
-0.898213087516600
-0.900228977833703
-0.901698636730451
-0.902625325927132
-0.903003977951709
-0.902838747463381
-0.902126045013710
-0.900870785312123
-0.899069238823858
-0.896724656707509
-0.893832552611150
-0.890401135480311
-0.886429547645683
-0.881924535692373
-0.876884781948428
-0.871317217157859
-0.865221025970179
-0.858604340264210
-0.851466711732791
-0.843816992153861
-0.835655235888326
-0.826990397281294
-0.817823127920590
-0.808162681870357
-0.798010537791331
-0.787378185713170
-0.776268254836506
-0.764691664632004
-0.752651015604162
-0.740157994972324
-0.727215751276752
-0.713836347582736
-0.700023889358156
-0.685791031241871
-0.671142198243372
-0.656089565407672
-0.640637307634828
-0.624799224222122
-0.608581897743030
-0.591999157952972
-0.575057341495503
-0.557770313745536
-0.540144806942952
-0.522195163332565
-0.503928645351615
-0.485359822471959
-0.466496439762260
-0.447353102716023
-0.427937935963651
-0.408265679045618
-0.388344937109608
-0.368191201399688
-0.347814005643952
-0.327228629421653
-0.306444608472802
-0.285477283047972
-0.264336631579620
-0.243037974911516
-0.221591773345065
-0.200013457463052
-0.178313756374905
-0.156507719679288
-0.134605984664331
-0.112623823694577
-0.0905730342357976
-0.0684689626966111
-0.0463233041492597
-0.0241510344353380
-0.00196400072603551
0.0202229661368559
0.0423977629718819
0.0645457932806011
0.0866547807196890
0.108710445814765
0.130700426380498
0.152610751088727
0.174428929747331
0.196141107748948
0.217734427740787
0.239195428230130
0.260511397804044
0.281669338120257
0.302656484965556
0.323460271373355
0.344067906442394
0.364467215984817
0.384645451350921
0.404591047565111
0.424291508122489
0.443735733969863
0.462910965773778
0.481806430276171
0.500409602310110
0.518710412685712
0.536696549736002
0.554358530111929
0.571684199047953
0.588664678832255
0.605288031902742
0.621546030193260
0.637427008581013
0.652923400105432
0.668023803645531
0.682721247403368
0.697004495730491
0.710867228728011
0.724298615137311
0.737293095927578
0.749840190664885
0.761935050779832
0.773567563408247
0.784733579091472
0.795423378156217
0.805633591251936
0.815355004443242
0.824585002504806
0.833314683609857
0.841542048334627
0.849258668593776
0.856463371347966
0.863148257384049
0.869312918804249
0.874949951891874
0.880059699939606
0.884635283925827
0.888677810198529
0.892180952827761
0.895146578801009
0.897568914674730
0.899450549449915
0.900786221135687
0.901579228638533
0.901824915114126
0.901527350092224
0.900682479194819
0.899295094589512
0.897361741293961
0.894887914379434
0.891870763099407
0.888316496794227
0.884222917200033
0.879596933380424
0.874436924511838
0.868750398572194
0.862536342798308
0.855802944101147
0.848549845390864
0.840785872591595
0.832511296013735
0.823735545751666
0.814459520669099
0.804693238648726
0.794438230666741
0.783705079585853
0.772495938639636
0.760821915702466
0.748685757482574
0.736099059937346
0.723065183946901
0.709596223353846
0.695696151303884
0.681377513288312
0.666644874153918
0.651511196347916
0.635981622954670
0.620069509915981
0.603780584107237
0.587128568547795
0.570119732074347
0.552768089887592
0.535080433764236
0.517071077443702
0.498747351359218
0.480123832047097
0.461208356824727
0.442015720354571
0.422554246445715
0.402838914752666
0.382878518368016
0.362688186841089
0.342277159102716
0.321660671923055
0.300848377584371
0.279855576485582
0.258692318866124
0.237373949684223
0.215910901276457
0.194318520547336
0.172607589816379
0.150793417679379
0.128887108947519
0.106903899206357
0.0848551962837985
0.0627561304447295
0.0406183760291427
0.0184569025484349
-0.00371638528185304
-0.0258867007448627
-0.0480419194143857
-0.0701674687929325