-0.747204274244612
-0.734378568141916
-0.723090885548248
-0.709411418798795
-0.695278212673546
-0.679080359271125
-0.665782325448809
-0.650446754638050
-0.634696894768151
-0.618577036806468
-0.602085817639380
-0.585215741056872
-0.568000765708913
-0.550444240248680
-0.532555019433549
-0.514345649782537
-0.495825440131197
-0.477007236091588
-0.457900789562769
-0.438518929892352
-0.418871700927375
-0.399183162723277
-0.379028966059949
-0.358657045829282
-0.338070878234724
-0.317280027911389
-0.296299419502713
-0.275139182655441
-0.253815036561377
-0.232337025224533
-0.210720843970236
-0.188976974102757
-0.167973566896026
-0.146913808642105
-0.124831013508706
-0.102672310360691
-0.0804582762326332
-0.0581930367812274
-0.0358949762794693
-0.0135789524317670
0.00874323635083028
0.0310572294378311
0.0533504708607994
0.0756056829351222
0.0978120991420973
0.119957596221986
0.142033402677664
0.163970214925637
0.185800050458081
0.207576840573049
0.229223833390989
0.250730325017128
0.272082792976628
0.293269175299745
0.314275617624637
0.335088553696647
0.355697383069038
0.376084825058624
0.396006392592804
0.415367585875296
0.434993957390191
0.454438516538264
0.473603995313661
0.492480154620557
0.511058102604578
0.529322992079561
0.547264795432158
0.564872222076146
0.582135365305173
0.599041892663615
0.615581210640563
0.631746877566692
0.647528752106923
0.662901188310756
0.677855474079919
0.692424213318295
0.706580614425886
0.720305941713792
0.733594226752742
0.746435586426537
0.758824149358476
0.770749385430375
0.782207019960902
0.793183947857026
0.803603311342220
0.813385758529705
0.822803653924012
0.831846904916099
0.840392269126481
0.848424552555130
0.855943773707267
0.862941179463236
0.869415057441594
0.875358653081905
0.880771580246029
0.885646963873097
0.889984275905237
0.893779331501536
0.897033890073825
0.899736884970267
0.901887002600279
0.903495433659839
0.904565903206709
0.905086053661449
0.905058585174033
0.904479888146915
0.903354117031489
0.901677644624120
0.899455447097775
0.896683145044054
0.893342266193841
0.889397342821144
0.884931660157700
0.880000761666836
0.874557922684021
0.868582011552088
0.862081180607861
0.855055174242605
0.847511823722559
0.839451588934142
0.830883613898038
0.821808796277648
0.812236399300304
0.802168575680822
0.791616416812155
0.780580193997761
0.769068657236969
0.757089790913779
0.744656626308999
0.731768106357810
0.718451868371537
0.704680712744198
0.690490719861173
0.675883042272960
0.660863739401598
0.645443816185353
0.629621641459585
0.613395301390484
0.596791320678439
0.579857002292359
0.562589527200286
0.544988039682723
0.527051198457036
0.508795188636283
0.490229391257783
0.471365825592960
0.452215963341870
0.432791242696830
0.413103447484416
0.393164389585832
0.372986870129035
0.352582340954947
0.331966636142122
0.311143755850918
0.290139790653524
0.268948017465659
0.247598089682210
0.226099901245669
0.204464578849913
0.182707596648167
0.160837601985020
0.138871105888587
0.116814939060060
0.0946802191149234
0.0724809814233243
0.0502493883779657
0.0279982050086294
0.00573575135138510
-0.0165321047828703
-0.0387899258771776
-0.0610262684440921
-0.0832251886373348
-0.105375446162715
-0.127461476317347
-0.149472011355186
-0.171391796059257
-0.193209146170694
-0.214909164959642
-0.236479734152726
-0.257907199290858
-0.279179656143977
-0.300283030882498
-0.321207882687643
-0.341935089193928
-0.362455851208589
-0.382756574533306
-0.402825953369559
-0.422652030989988
-0.442223759054851
-0.461531768388614
-0.480563603970924
-0.499302190492310
-0.517732025591383
-0.535845561858909
-0.553634002287301
-0.571088605846325
-0.588197569801299
-0.604951631483906
-0.621339325145735
-0.637352089847557
-0.652978787491803
-0.668211543598706
-0.683039364434635
-0.697455004158590
-0.711447706669462
-0.725011101250558
-0.738135124536564
-0.750813635231682
-0.763037815163326
-0.774800867711250
-0.786093378021249
-0.796911521760414
-0.807245993444225
-0.817093272550964
-0.826431168089881
-0.835280212577016
-0.843632580541498
-0.851470151457328
-0.858795234399537
-0.865583761037678
-0.871866759535748
-0.877621382977682
-0.882820909840939
-0.887523981249888
-0.891665034644928
-0.895279866558642
-0.898335729378030
-0.900865977010051
-0.902840350033830
-0.904268266788103
-0.905155586067694
-0.905476171732056
-0.905296684434449
-0.904521987595950
-0.903221413108933
-0.901379224556238
-0.898978902344054
-0.896031400848429
-0.892564200884676
-0.888541994771802
-0.883971328574492
-0.878866399272120
-0.873208095457178
-0.867066081452801
-0.860407687312218
-0.853180011434750
-0.845484847844071
-0.837245785920539
-0.828521755677916
-0.819290871475742
-0.809544168454710
-0.799332528543333
-0.788623204708534
-0.777431380507381
-0.765779391844603
-0.753672061885905
-0.741082319878022
-0.728056552279038
-0.714595110865243
-0.700688212322718
-0.686363170848630
-0.671618389926210
-0.656467037440510
-0.640924507663778
-0.624996527630853
-0.608687205215679
-0.592004279433872
-0.574954473768390
-0.557567456349369
-0.539860307185354
-0.521836062592387
-0.503489514639627
-0.484841840577873
-0.465892976069447
-0.446663439399840
-0.427168229392053
-0.407411782069297
-0.387416480407418
-0.367183674919746
-0.346731144830042
-0.326065330487669
-0.305212879023527
-0.284164750355095
-0.262941706547637
-0.241561955720812
-0.220036367368116
-0.198376731058621
-0.176599906188263
-0.154715379718564
-0.132741823784903
-0.110689229615294
-0.0885716848000518
-0.0663990111318840
-0.0441841262069725
-0.0219444158429214
0.000297285626425252
0.0225342456519506
0.0447539233049529
0.0669484549133948
0.0891029735408625
0.111203340314906
0.133234005161036
0.155182562389405
0.177035392252506
0.198778970356266
0.220402129001159
0.241891283906420
0.263230868498545
0.284411861411414
0.305423675153382
0.326248992844738
0.346875844628271
0.367292262006869
0.387485131029541
0.407442346175072
0.427151445841968
0.446599745806176
0.465776938911293
0.484671417197739
0.503273621291175
0.521569800470335
0.539546421763584
0.557191953836460
0.574498894991392
0.591457410128544
0.608059029261772
0.624291646529935
0.640146395657651
0.655611599823260
0.670680281315952
0.685340748961644
0.699587309903031
0.713408929174068
0.726799018293556
0.739747558564869
0.752251030485024
0.764297812237811
0.775882782142530
0.786996505917510
0.797634979411207
0.807788703345528
0.817454515763144
0.826623140832301
0.835292602982079
0.843454727911822
0.851108424503878
0.858245260942597
0.864863031682193
0.870953686551983
0.876518127500927
0.881550245052215
0.886051234470911
0.890014398281218
0.893440895844671
0.896324511267500
0.898667622856501
0.900464696454461
0.901718974285873
0.902425721116703
0.902588460519242
0.902202959030478
0.901274401563352
0.899798907888516
0.897781174047201
0.895218177683226
0.892115842737081
0.888471603354737
0.884292034209654
0.879575149307551
0.874328302545872
0.868550440845980
0.862249702213051
0.855425420213907
0.848085633437384
0.840229943621558
0.831867834629367
0.823000440517725
0.813637862178762
0.803781368755871
0.793441168937595
0.782619021470902
0.771325835753664
0.759564124901600
0.747345361103013
0.734672765340123
0.721558190878386
0.708005347345886
0.694026850085295
0.679627091284426
0.664818645191827
0.649606363240020
0.634003483028013
0.618015457339953
0.601655842839324
0.584930640492321
0.567853771822124
0.550431909508649
0.532679367629506
0.514603279830303
0.496217943382797
0.477530760431418
0.458556498331434
0.439303516595915
0.419786921956182
0.400015364207955
0.380003865447256
0.359761412277200
0.339303189954218
0.318638694850284
0.297783235783496
0.276746754470003
0.255544591943320
0.234187015075941
0.212689458254112
0.191062632483751
0.169321797763809
0.147477869372501
0.125546129264461
0.103537859141874
0.0814682257561012
0.0593487798972930
0.0371945640668316
0.0150174296188217
-0.00716770020476352
-0.0293487621110666
-0.0515111469245287
-0.0736427254856081
-0.0957290843271745
-0.117757724254256
-0.139714385814498
-0.161586483259928
-0.183360188226640
-0.205022889588630
-0.226561105062604
-0.247962113623618
-0.269212783873270
-0.290300334612874
-0.311212042724585
-0.331935137743222
-0.352457319980947
-0.372765794273330
-0.392848767797628
-0.412693567385091
-0.432288887503632
-0.451622096630740
-0.470682411397296
-0.489457318224168
-0.507936581855693
-0.526107811049442
-0.543961320690543
-0.561484886794886
-0.578669462243043
-0.595503084156855
-0.611977329261583
-0.628080383258547
-0.643804387869624
-0.659137786120508
-0.674073432745407
-0.688600103518991
-0.702711342157066
-0.716396223733659
-0.729648969129973
-0.742458982952607
-0.754821190077094
-0.766725367436791
-0.778167157774966
-0.789136709987485
-0.799630402028756
-0.809638828209740
-0.819159112597717
-0.828182268531137
-0.836706157562141
-0.844722253384323
-0.852229167797019
-0.859218845769510
-0.865690641031255
-0.871636991211870
-0.877058018414936
-0.881946703258473
-0.886303932728739
-0.890123192221743
-0.893406081521793
-0.896146623045728
-0.898347185615925
-0.900002380217570
-0.901115329809710
-0.901681218097667
-0.901703895390275
-0.901179127353902
-0.900111488088940
-0.898497343308312
-0.896341983184078
-0.893642374112812
-0.890404507577412
-0.886625976316681
-0.882313467562171
-0.877465188675919
-0.872088492502605
-0.866182210492209
-0.859754349699945
-0.852804366090442
-0.845340895980324
-0.837364020112229
-0.828882992259348
-0.819898532675169
-0.810420493716002
-0.800450213585700
-0.789998093292170
-0.779066083848718
-0.767665134484175
-0.755797827157421
-0.743475634608185