0.81646
0.82535
0.83405
0.8426
0.85066
0.85765
0.86444
0.87105
0.87683
0.88178
0.88655
0.89114
0.89453
0.89741
0.90012
0.90264
0.9036
0.90439
0.905
0.90469
0.90393
0.90295
0.90114
0.8985
0.89564
0.89254
0.88837
0.88363
0.87871
0.87347
0.86702
0.86025
0.85331
0.84582
0.83758
0.82874
0.81953
0.80998
0.79982
0.78901
0.7779
0.76645
0.75431
0.74166
0.72875
0.71547
0.70143
0.68724
0.67262
0.6574
0.64189
0.62612
0.60988
0.59312
0.57614
0.55893
0.54121
0.5231
0.50484
0.48632
0.46739
0.44814
0.42864
0.40895
0.389
0.36873
0.34828
0.32768
0.30685
0.28575
0.26455
0.24324
0.2217
0.20004
0.17831
0.1564
0.1344
0.11239
0.090294
0.068075
0.045843
0.023642
0.0013925
-0.020915
-0.043159
-0.065333
-0.087501
-0.10965
-0.13173
-0.15371
-0.17558
-0.19738
-0.21906
-0.24058
-0.26195
-0.2832
-0.30426
-0.32512
-0.3458
-0.36628
-0.38651
-0.40653
-0.42631
-0.44582
-0.46504
-0.48401
-0.50269
-0.52104
-0.53908
-0.55682
-0.57421
-0.59123
-0.6079
-0.62422
-0.64016
-0.65571
-0.67085
-0.6856
-0.69994
-0.71385
-0.72732
-0.74036
-0.75296
-0.76509
-0.77675
-0.78796
-0.79868
-0.80892
-0.81868
-0.82793
-0.83666
-0.84489
-0.85263
-0.85985
-0.86655
-0.87273
-0.87836
-0.88348
-0.88806
-0.89211
-0.89564
-0.5425
-0.45314
-0.49811
-0.53431
-0.54328
-0.54704
-1.3145
-1.2881
-1.1225
-1.1845
-1.18
-1.1541
-1.1305
-1.1162
-1.1014
-1.084
-1.0661
-1.0485
-1.0346
-1.018
-0.99837
-0.98096
-0.96151
-0.94228
-1.0482
-1.0782
-1.0357
-0.97224
-0.94163
-0.91817
-0.79347
-0.528
-0.39066
-0.33693
-0.34436
-0.33996
-0.33818
-0.48711
-0.48454
-0.48834
-0.49279
-0.46998
-0.46044
-0.36971
-0.10439
-0.22169
-0.25743
-0.20369
-0.19368
-0.15014
-0.14977
-0.17118
-0.17542
-0.16416
-0.15315
-0.26093
-0.29047
-0.29489
-0.25299
-0.21748
-0.19504
-0.12761
-0.0064644
0.027374
0.054181
0.064784
0.069162
0.059031
-0.16714
-0.21777
-0.25668
-0.22741
-0.17565
-0.16521
-0.10924
-0.0065065
0.030967
0.058002
0.084924
0.13131
0.19461
0.12037
0.13242
0.22687
0.24554
0.25124
0.22595
0.22724
0.24716
0.28035
0.32259
0.36194
0.46154
0.62077
0.68355
0.71971
0.72272
0.73114
0.73409
0.66546
0.62234
0.61889
0.63126
0.64261
0.63731
0.72006
0.85496
0.86427
0.86494
0.83836
0.83838
0.86744
0.83413
0.81183
0.80754
0.79637
0.7819
0.70092
0.682
0.70636
0.68189
0.67437
0.70085
0.7427
0.80498
0.8302
0.83912
0.82962
0.824
0.8092
0.68142
0.6184
0.59612
0.60652
0.62755
0.62726
0.66262
0.72587
0.75243
0.76502
0.77278
0.79752
0.8284
0.76342
0.73663
0.75022
0.75861
0.76532
0.72928
0.70747
0.71755
0.72013
0.72396
0.73015
0.77843
0.85679
0.85948
0.86055
0.85588
0.83157
0.79517
0.72801
0.67203
0.63568
0.61575
0.60057
0.56997
0.59578
0.66046
0.65607
0.63559
0.59812
0.5727
0.56021
0.50715
0.45781
0.42355
0.39385
0.35502
0.27881
0.24519
0.24809
0.21875
0.19436
0.17613
0.17941
0.18653
0.17225
0.14144
0.12196
0.11071
0.09256
0.027794
0.021414
0.012902
0.0078364
-0.0015592
-0.015081
-0.026717
-0.033187
-0.055069
-0.08289
-0.10411
-0.12397
-0.1422
-0.15856
-0.1771
-0.1906
-0.1969
-0.21291
-0.2342
-0.25268
-0.26444
-0.28682
-0.31422
-0.33902
-0.35934
-0.37695
-0.39372
-0.41476
-0.43152
-0.44243
-0.4564
-0.47052
-0.48206
-0.49045
-0.50157
-0.51744
-0.53297
-0.54761
-0.56114
-0.57481
-0.59419
-0.60771
-0.61914
-0.63025
-0.64155
-0.65186
-0.65875
-0.66964
-0.68366
-0.69776
-0.70907
-0.71853
-0.72702
-0.73452
-0.74192
-0.74894
-0.75489
-0.76157
-0.76859
-0.77458
-0.78064
-0.78868
-0.79637
-0.80253
-0.80781
-0.81251
-0.81656
-0.82053
-0.82377
-0.82558
-0.82715
-0.82789
-0.82648
-0.82537
-0.82596
-0.82655
-0.82602
-0.82437
-0.82182
-0.81861
-0.81562
-0.81166
-0.80686
-0.80168
-0.79592
-0.7894
-0.78257
-0.77634
-0.7701
-0.76304
-0.75511
-0.74653
-0.73744
-0.72778
-0.71764
-0.70708
-0.696
-0.68439
-0.67196
-0.65919
-0.64686
-0.63457
-0.62159
-0.60768
-0.59306
-0.57792
-0.56236
-0.54646
-0.53022
-0.51355
-0.49649
-0.47895
-0.46104
-0.44321
-0.42544
-0.40729
-0.38871
-0.36978
-0.35058
-0.33109
-0.31141
-0.29145
-0.27121
-0.25069
-0.22978
-0.20863
-0.18767
-0.1669
-0.14597
-0.12469
-0.10311
-0.081339
-0.059472
-0.037538
-0.015579
0.0063838
0.028373
0.050416
0.072459
0.094334
0.11599
0.13758
0.15921
0.18084
0.20242
0.22391
0.24529
0.26655
0.28766
0.30866
0.32956
0.35032
0.37079
0.39085
0.41064
0.43028
0.44976
0.46902
0.48802
0.50672
0.52511
0.54316
0.56089
0.5783
0.59537
0.61204
0.62823
0.64399
0.6594
0.67444
0.68909
0.70333
0.71713
0.7305
0.74341
0.75587
0.76789
0.77945
0.79051
