-0.069069
-0.091266
-0.11336
-0.13538
-0.15731
-0.17919
-0.20096
-0.22261
-0.24411
-0.26544
-0.28665
-0.30773
-0.32852
-0.34912
-0.36958
-0.3899
-0.40974
-0.42942
-0.44896
-0.46815
-0.48705
-0.50568
-0.52398
-0.54194
-0.55961
-0.57699
-0.59392
-0.61049
-0.62677
-0.64272
-0.6581
-0.67315
-0.68789
-0.7022
-0.71601
-0.7294
-0.74236
-0.7549
-0.76695
-0.77852
-0.78965
-0.80033
-0.81047
-0.82011
-0.8293
-0.83803
-0.84615
-0.85381
-0.86094
-0.86755
-0.87364
-0.87923
-0.88426
-0.88873
-0.8927
-0.89615
-0.89901
-0.90132
-0.90313
-0.90441
-0.9051
-0.90524
-0.90484
-0.90391
-0.90242
-0.90037
-0.89779
-0.89468
-0.89101
-0.8868
-0.88206
-0.8768
-0.871
-0.86466
-0.8578
-0.85043
-0.84254
-0.83415
-0.82525
-0.81584
-0.80595
-0.79557
-0.78471
-0.77336
-0.76156
-0.74931
-0.7366
-0.72343
-0.70983
-0.6958
-0.68135
-0.66648
-0.65121
-0.63556
-0.61952
-0.60309
-0.5863
-0.56917
-0.55169
-0.53387
-0.51573
-0.49728
-0.47852
-0.45948
-0.44016
-0.42057
-0.40073
-0.38065
-0.36034
-0.3398
-0.31906
-0.29814
-0.27703
-0.25575
-0.23432
-0.21275
-0.19104
-0.16922
-0.1473
-0.12529
-0.10321
-0.081057
-0.058858
-0.036626
-0.014373
0.0078931
0.030154
0.052396
0.074606
0.096765
0.11886
0.14088
0.16283
0.18468
0.20642
0.22803
0.24949
0.27081
0.29197
0.31296
0.33376
0.71047
0.8226
0.79959
0.78457
0.79597
0.81179
0.063183
0.1075
0.29014
0.24445
0.26435
0.30481
0.34211
0.36916
0.39581
0.42415
0.45202
0.47872
0.50081
0.52463
0.55059
0.57335
0.59728
0.62004
0.51666
0.48834
0.53158
0.59472
0.62404
0.6453
0.76683
1.0282
1.1605
1.2083
1.194
1.1906
1.1837
1.0251
1.0172
1.0019
0.98505
0.99455
0.98989
1.0656
1.315
1.1809
1.1275
1.1627
1.1534
1.1769
1.1564
1.1133
1.0866
1.0746
1.0616
0.92908
0.8741
0.84354
0.85863
0.86665
0.86095
0.89962
0.99138
0.99524
0.99148
0.97094
0.9436
0.90122
0.64228
0.5584
0.48579
0.4809
0.49805
0.47349
0.4941
0.56111
0.56252
0.55317
0.5434
0.5528
0.57886
0.46715
0.44152
0.49812
0.47879
0.44635
0.38278
0.3457
0.32718
0.3219
0.32564
0.32648
0.38757
0.50831
0.53267
0.53051
0.49532
0.46567
0.43072
0.32438
0.24378
0.20309
0.17845
0.15309
0.11138
0.15799
0.2571
0.23097
0.19658
0.13534
0.10113
0.096418
0.0298
-0.025298
-0.061867
-0.1048
-0.15047
-0.26211
-0.31112
-0.31628
-0.36966
-0.40542
-0.40651
-0.39157
-0.35554
-0.35588
-0.37176
-0.40529
-0.43417
-0.47149
-0.62106
-0.70511
-0.74761
-0.75663
-0.75418
-0.77222
-0.75375
-0.70657
-0.6952
-0.6969
-0.70255
-0.69031
-0.67103
-0.74674
-0.78334
-0.77867
-0.77825
-0.77858
-0.82069
-0.84768
-0.84182
-0.84252
-0.84105
-0.83621
-0.78835
-0.70945
-0.7053
-0.70185
-0.70319
-0.72324
-0.7544
-0.81543
-0.8643
-0.89264
-0.90364
-0.90896
-0.9288
-0.89129
-0.81401
-0.80493
-0.81104
-0.83326
-0.84256
-0.8381
-0.87335
-0.90403
-0.91884
-0.92827
-0.94606
-1.0004
-1.0114
-0.98505
-0.99024
-0.98979
-0.98244
-0.95289
-0.9188
-0.90544
-0.90796
-0.89848
-0.88021
-0.86821
-0.90226
-0.87734
-0.854
-0.8267
-0.80321
-0.78337
-0.76118
-0.73341
-0.72063
-0.71336
-0.69911
-0.68315
-0.66523
-0.6451
-0.6269
-0.60336
-0.57238
-0.55086
-0.53443
-0.51499
-0.48868
-0.47284
-0.46193
-0.4483
-0.43014
-0.40923
-0.38745
-0.36995
-0.3482
-0.32063
-0.2962
-0.27201
-0.24537
-0.21574
-0.18901
-0.16719
-0.14526
-0.12267
-0.099238
-0.076207
-0.059196
-0.036661
-0.012371
0.011882
0.035552
0.059806
0.08705
0.10983
0.12903
0.14766
0.16857
0.19078
0.21343
0.2365
0.25908
0.28143
0.30424
0.32567
0.34611
0.36689
0.38689
0.40425
0.42123
0.43899
0.45686
0.47458
0.49216
0.50904
0.52583
0.54323
0.56004
0.57685
0.59498
0.61194
0.6263
0.63983
0.65358
0.66754
0.68149
0.6952
0.7078
0.72043
0.73297
0.74496
0.7566
0.76806
0.77889
0.78816
0.7965
0.80473
0.81288
0.82071
0.82811
0.83513
0.8417
0.84774
0.85335
0.85856
0.86366
0.86818
0.87132
0.8735
0.87548
0.87747
0.87928
0.8807
0.88168
0.88212
0.88203
0.88152
0.88056
0.87924
0.87747
0.87482
0.8713
0.86738
0.86313
0.85845
0.85331
0.84773
0.84164
0.83511
0.8282
0.82089
0.81332
0.80537
0.79661
0.78707
0.77711
0.76694
0.75654
0.7458
0.73466
0.72311
0.71112
0.6987
0.68588
0.67272
0.65918
0.64512
0.63051
0.61552
0.60028
0.58478
0.56898
0.55286
0.53644
0.51972
0.50271
0.48544
0.46797
0.45029
0.43224
0.41375
0.39498
0.37607
0.35703
0.33783
0.31844
0.29886
0.27909
0.25913
0.23903
0.21879
0.19844
0.17792
0.15719
0.13631
0.11539
0.094425
0.073425
0.052381
0.031303
0.010196
-0.010925
-0.032046
-0.053131
-0.074169
-0.095206
