-0.74739
-0.73408
-0.72069
-0.70722
-0.69335
-0.67845
-0.66348
-0.64844
-0.63272
-0.61634
-0.5999
-0.58341
-0.56601
-0.54829
-0.53053
-0.51273
-0.49386
-0.47496
-0.45604
-0.43655
-0.41688
-0.39727
-0.37717
-0.35656
-0.33603
-0.31556
-0.29445
-0.27315
-0.25194
-0.23075
-0.20892
-0.18711
-0.16542
-0.14362
-0.12158
-0.099345
-0.077168
-0.055086
-0.032873
-0.010495
0.01175
0.033881
0.056157
0.078447
0.10055
0.12256
0.14472
0.16656
0.18832
0.21015
0.23176
0.25311
0.27438
0.29561
0.31655
0.33722
0.3578
0.37822
0.39829
0.41808
0.4377
0.4571
0.47621
0.49496
0.51342
0.53164
0.54951
0.567
0.58417
0.60104
0.6175
0.63356
0.6493
0.66462
0.67949
0.69402
0.70814
0.72176
0.73496
0.74777
0.7601
0.77193
0.78332
0.79428
0.80472
0.81464
0.8241
0.83308
0.84156
0.84951
0.85693
0.86386
0.87027
0.87613
0.88146
0.88629
0.89057
0.89429
0.89749
0.90015
0.90224
0.90381
0.90484
0.9053
0.9052
0.90458
0.90342
0.90169
0.89942
0.89662
0.89327
0.88937
0.88493
0.87997
0.87448
0.86846
0.8619
0.85483
0.84724
0.83914
0.83053
0.82142
0.81181
0.80171
0.79113
0.78007
0.76853
0.75653
0.74408
0.73116
0.7178
0.70401
0.6898
0.67517
0.66013
0.6447
0.62887
0.61266
0.59608
0.57915
0.56188
-0.16797
-0.36946
-0.30147
-0.25026
-0.25269
-0.26474
-1.0249
-0.98416
-0.80877
-0.8635
-0.8514
-0.81757
-0.78989
-0.76937
-0.74891
-0.72517
-0.70139
-0.67837
-0.64429
-0.61609
-0.59299
-0.56773
-0.54654
-0.52412
-0.25109
-0.17689
-0.19312
-0.25954
-0.25595
-0.23472
-0.11584
0.13616
0.26236
0.30478
0.28491
0.27626
0.26655
0.56543
0.54487
0.54247
0.54794
0.5003
0.47898
0.49762
0.70632
0.53767
0.45428
0.46062
0.37125
0.21058
0.2008
0.23834
0.22058
0.17765
0.13723
-0.010502
-0.079713
-0.12286
-0.11521
-0.11716
-0.13212
-0.25013
-0.44515
-0.47737
-0.52338
-0.52439
-0.5129
-0.50886
-0.72012
-0.75823
-0.79054
-0.75591
-0.6944
-0.62186
-0.60777
-0.68772
-0.64157
-0.58176
-0.52853
-0.45577
-0.3759
-0.43134
-0.40635
-0.30378
-0.27722
-0.25314
-0.074034
0.0066631
0.027158
0.033874
0.035849
0.036963
0.10752
0.24107
0.28295
0.30171
0.28745
0.26886
0.25599
0.36864
0.41009
0.40638
0.37507
0.33286
0.28094
0.30414
0.38837
0.34808
0.30475
0.23613
0.14558
0.040303
0.042137
0.032813
-0.0029252
-0.022355
-0.051321
-0.15788
-0.19632
-0.19088
-0.23073
-0.25067
-0.22705
-0.2792
-0.39339
-0.40858
-0.40031
-0.37672
-0.35417
-0.3341
-0.42262
-0.44838
-0.4388
-0.39886
-0.34296
-0.26395
-0.24545
-0.27714
-0.24464
-0.20794
-0.15863
-0.086634
-0.0092448
-0.030623
-0.020403
0.026959
0.063153
0.112
0.21418
0.27044
0.27823
0.28771
0.2917
0.28867
0.32774
0.39965
0.39911
0.40003
0.39699
0.36304
0.32466
0.38242
0.40747
0.39121
0.35879
0.31785
0.26238
0.26002
0.30132
0.27779
0.24523
0.19832
0.12844
0.046031
0.043031
0.03644
0.017545
0.00065257
-0.028825
-0.092115
-0.11347
-0.099046
-0.1135
-0.11966
-0.11166
-0.14032
-0.15527
-0.13608
-0.094923
-0.075532
-0.063374
-0.068933
-0.12186
-0.11759
-0.11364
-0.10376
-0.094814
-0.088497
-0.090872
-0.10552
-0.093802
-0.068966
-0.054493
-0.043074
-0.031925
-0.018456
-0.007163
0.0081693
0.031561
0.046485
0.058354
0.055958
0.045113
0.057271
0.08177
0.10165
0.11355
0.1216
0.12797
0.12919
0.13445
0.14642
0.15632
0.16631
0.175
0.17837
0.19023
0.21132
0.22811
0.24013
0.25124
0.26123
0.26485
0.27316
0.28288
0.29273
0.30242
0.30743
0.30442
0.30976
0.32133
0.33264
0.33929
0.34252
0.34416
0.34551
0.34598
0.34642
0.34772
0.34785
0.3456
0.33993
0.33605
0.33676
0.33757
0.33592
0.33281
0.32894
0.32465
0.31927
0.31345
0.30827
0.30258
0.29519
0.28453
0.27496
0.26959
0.26465
0.25724
0.24729
0.23593
0.22399
0.21089
0.19803
0.18546
0.17265
0.15921
0.14445
0.12938
0.11622
0.10378
0.090244
0.075752
0.060724
0.045369
0.02978
0.013877
-0.0022572
-0.01848
-0.035336
-0.053627
-0.07217
-0.088856
-0.10456
-0.12085
-0.13817
-0.15618
-0.17446
-0.19276
-0.21106
-0.22923
-0.24716
-0.26511
-0.28333
-0.30152
-0.31884
-0.33532
-0.35184
-0.36867
-0.38563
-0.40253
-0.41927
-0.43591
-0.45232
-0.46843
-0.48442
-0.50058
-0.51666
-0.53181
-0.54597
-0.55986
-0.57388
-0.58795
-0.60184
-0.61541
-0.62859
-0.64133
-0.65364
-0.66555
-0.67717
-0.68844
-0.69902
-0.70876
-0.71797
-0.72691
-0.73552
-0.74372
-0.75146
-0.75873
-0.7655
-0.77178
-0.77758
-0.78301
-0.78805
-0.79235
-0.79576
-0.79856
-0.801
-0.80313
-0.80484
-0.80605
-0.80671
-0.80679
-0.8063
-0.80524
-0.80367
-0.80158
-0.79885
-0.7954
-0.79132
-0.78676
-0.78175
-0.77625
-0.77023
-0.76369
-0.75664
-0.74906
-0.74098
-0.73245
-0.72348
-0.71395
