-0.0690147125293127
-0.0911697280643758
-0.165044381907855
-0.171088041837007
-0.177161308276618
-0.183260070136842
-0.189381821291542
-0.195521678488268
-0.201674610306904
-0.265445748844160
-0.286793149655487
-0.307662982967005
-0.328351983264244
-0.348844796897379
-0.369128267722142
-0.389191617148208
-0.409021077859911
-0.429498302901358
-0.449059145810198
-0.468270837960302
-0.487122522290789
-0.505685405326639
-0.523941171391597
-0.541891115852136
-0.559507626916971
-0.576864634834730
-0.593905617049753
-0.610524953589564
-0.626631205988139
-0.642483539676529
-0.658030089415061
-0.673149565344211
-0.685502286570019
-0.690032736713905
-0.698005872052853
-0.724958212460857
-0.742639496611120
-0.755123465291046
-0.767088075025156
-0.778607267339921
-0.789671892864068
-0.800220815955205
-0.810293348942084
-0.820142651181943
-0.829580725429610
-0.838311851693898
-0.846449645324166
-0.854074104056607
-0.861187226606519
-0.867762877738092
-0.873803846081264
-0.879354224553688
-0.884458414133820
-0.888979276343720
-0.892888640434569
-0.896276955773857
-0.899182131454328
-0.901554730887958
-0.902427520545213
-0.899841822445403
-0.897624409649334
-0.900934839473990
-0.905289134130363
-0.904753753408679
-0.903209399520670
-0.901121693166554
-0.898503835220194
-0.895323555897464
-0.891594691273921
-0.887423746176574
-0.882826045201403
-0.877612226132962
-0.871803109548052
-0.865444908604238
-0.858567184407093
-0.851159986905479
-0.843225651598452
-0.834797285138033
-0.825919267853545
-0.816543854066502
-0.806632817061564
-0.796214637949141
-0.785348624771757
-0.774014318234567
-0.761860081331792
-0.748172552953957
-0.733898597554628
-0.721357787003402
-0.710054748885934
-0.696926039975340
-0.682470768832044
-0.667559354947214
-0.652254142034549
-0.636548812239694
-0.620450518829081
-0.604012231232892
-0.587273193128863
-0.570169725266036
-0.552679031154924
-0.534833077036562
-0.516662494172525
-0.498174764716590
-0.479378197214318
-0.460295858847031
-0.440964651012027
-0.421382146755861
-0.401528017153215
-0.381411681950176
-0.361074905462730
-0.340526331958073
-0.319645810757486
-0.298167204663818
-0.276307840315032
-0.255009567802139
-0.234492160473152
-0.213625717543249
-0.192026732327274
-0.170165378919063
-0.148202620304995
-0.126150112940786
-0.104017434294672
-0.0818334273492061
-0.0596325217790967
-0.0374055033167049
-0.0151374499661205
0.00715593252549461
0.0294484995901386
0.0517253228537853
0.0739724045805564
0.0961711880324840
0.118302513203512
0.140349246068904
0.162314147496414
0.184192740396380
0.205959864407955
0.227598305673178
0.249137660677765
0.270690561938036
0.292197812990254
0.313308368239148
0.333787421983223
0.353970356066681
0.374218230084259
0.394389255923609
0.414341011268524
0.434040652545131
0.453479162809138
0.472639381266262
0.491498903538347
0.510050300364597
0.528298450895865
0.546236478925182
0.563848285087782
0.581120033284947
0.598041658454467
0.614596681545535
0.630776844412205
0.646569092812954
0.661968272806824
0.676972749285849
0.691569842084851
0.705747433893556
0.719511365195363
0.732899384191884
0.745908371064939
0.758406567768410
0.770256682184843
0.781538260063663
0.792432574276478
0.802952342421822
0.813014993088702
0.822587845981534
0.831662309089704
0.840233096320042
0.848288265299729
0.855824053306634
0.862841143441313
0.869341785353845
0.875318865336835
0.880768368218006
0.885684600942552
0.890064798275052
0.893902934210220
0.897198100283489
0.899947264207990
0.902154943243340
0.903817922510297
0.904935227328350
0.905508566886414
0.905557127630093
0.905086876270686
0.904058386588760
0.902406461527564
0.900144059088005
0.897350966776060
0.894069847373930
0.890274019694361
0.885945372475253
0.881079385268700
0.875681125375522
0.869749047480077
0.863288253865053
0.856302502544383
0.848801875120457
0.840788507513738
0.832268803571286
0.823244562595053
0.813723374807733
0.803707249697886
0.793204488289768
0.782218976236263
0.770761980021632
0.758838623073054
0.746457817365485
0.733618617136931
0.720346386828181
0.706656031479952
0.692539923664250
0.677975276433403
0.662967063345804
0.647551919901783
0.631772599157789
0.615630882119137
0.599111060235889
0.582238555660305
0.565002292024257
0.547440635569167
0.529541824608262
0.511307043139560
0.492797050450524
0.473949915864047
0.454834385027977
0.435444501860519
0.415781238095646
0.395886844743983
0.375726304834224
0.355347721198344
0.334749185274829
0.313957890236625
0.292991680018117
0.271824556674732
0.250493783547144
0.229018924977567
0.207419680969781
0.185684351147414
0.163809447595364
0.141834879443819
0.119780526795084
0.0976754995433640
0.0755032368760750
0.0532875151706107
0.0310405689587637
0.00878209321032876
-0.0134866154495168
-0.0357475182580839
-0.0579919177395011
-0.0801913388855527
-0.102330474844743
-0.124410104567079
-0.146419394959915
-0.168332585184881
-0.190151545706451
-0.211847854345335
-0.233417444023489
-0.254849852094783
-0.276118385502428
-0.297226669272402
-0.318157499279508
-0.338889684468980
-0.359405240535918
-0.379688808166607
-0.399755053466840
-0.419586919346974
-0.439161204435122
-0.458460492429585
-0.477480248844549
-0.496211573594673
-0.514642783404232
-0.532760866312215
-0.550555099449778
-0.568018984861378
-0.585140397354681
-0.601902081409540
-0.618290273291555
-0.634301690747132
-0.649932109718616
-0.665167284207958
-0.680000821757744
-0.694421974174136
-0.708422408467721
-0.721995434554991
-0.735129714521137
-0.747818362595649
-0.760058115284481
-0.771835065591956
-0.783141019717589
-0.793965705471962
-0.804312897059770
-0.814177926875667
-0.823550859297457
-0.832421338912934
-0.840786751960872
-0.848643029566320
-0.855987040323675
-0.862812077380550
-0.869115459081496
-0.874893273852946
-0.880143720802953
-0.884859432768059
-0.889036942020611
-0.892673627526125
-0.895772247614198
-0.898328374578561
-0.900342214217108
-0.901810869016689
-0.902734993523143
-0.903112782084194
-0.902945336818592
-0.902230376850207
-0.900972194633095
-0.899168001619136
-0.896819409805489
-0.893924723427709
-0.890490492496076
-0.886519236764352
-0.882014118351166
-0.876973523027057
-0.871402752018492
-0.865304010565500
-0.858683737232722
-0.851543347550604
-0.843889341634724
-0.835724487483805
-0.827056342484361
-0.817886922033545
-0.808222934220869
-0.798068083911612
-0.787432237122618
-0.776319823689992
-0.764739612499751
-0.752696405051741
-0.740199686778834
-0.727254859287438
-0.713871952012460
-0.700056524213427
-0.685819706034605
-0.671167734431739
-0.656110814713998
-0.640655360567507
-0.624813586991204
-0.608594302343902
-0.592009339381595
-0.575065616314622
-0.557775109406969
-0.540146633448455
-0.522193209645667
-0.503923665155950
-0.485350898263247
-0.466484346308546
-0.447337472474506
-0.427919729198471
-0.408244124689618
-0.388320655976375
-0.368163625116223
-0.347783878401439
-0.327195321935229
-0.306408770091605
-0.285438355078007
-0.264295233546364
-0.242993664703613
-0.221544976704119
-0.199963638883160
-0.178261408996660
-0.156452362467472
-0.134548136444937
-0.112563330928469
-0.0905106748995667
-0.0684047817064816
-0.0462575830673763
-0.0240831643128401
-0.00189408340489011
0.0202951743232575
0.0424719899867118
0.0646222361706445
0.0867332197000143
0.108790839361138
0.130782440306488
0.152694415744151
0.174514145103165
0.196227842590868
0.217822549826174
0.239284867052666
0.260602115231311
0.281761208206472
0.302749510489879
0.323554254120181
0.344162938555337
0.364563124195346
0.384742359796466
0.404688701259671
0.424390053399300
0.443834755388553
0.463010514758478
0.481905957094771
0.500509344129911
0.518810092424524
0.536796613584718
0.554458555411942
0.571784546609490
0.588764845712255
0.605388427518867
0.621646042280417
0.637527004018033
0.653022740924089
0.668122989627790
0.682819625501151
0.697102578821557
0.710964315490535
0.724395281173488
0.737388607390538
0.749935158813813
0.762028697876627
0.773660550668201
0.784825126535897
0.795514190662951
0.805722837660695
0.815443408405085
0.824671658469278
0.833400283236600
0.841625610784926
0.849340956306540
0.856543511298836
0.863227151270440
0.869389657014077
0.875025398322703
0.880132888073240
0.884707099148093
0.888747243729258
0.892248872870818
0.895211951077879
0.897632664767064
0.899511652309455
0.900845615975786
0.901635870239007
0.901879767477197
0.901579363783377
0.900732632218441
0.899342326798553
0.897407046607841
0.894930240490391
0.891911121712344
0.888353826114211
0.884258226334135
0.879629142298251
0.874467018431685
0.868777275745029
0.862561000239447
0.855824338879900
0.848569035192665
0.840801834233915
0.832525058135041
0.823746071433908
0.814467826704379
0.804698292106211
0.794441023380377
0.783704584309930
0.772493149599930
0.760815837930951
0.748677375457239
0.736087394996424
0.723051208357773
0.709578984282556
0.695676605056029
0.681354730240826
0.666619792634896
0.651482918460600
0.635951070571834
0.620035812265971
0.603744634136183
0.587089518123443
0.570078435714121
0.552723720302500
0.535033818510050
0.517021444902609
0.498695529319650
0.480069099196445
0.461151500889415
0.441956045153032
0.422492499530099
0.402774435930099
0.382812012158704
0.362619028715918
0.342206019354729
0.321586976682441
0.300772761729937
0.279777509906558
0.258612396545884
0.237291689196297
0.215826856750354
0.194232256230957
0.172519616972739
0.150703350571371
0.128795416969162
0.106810245592690
0.0847600024228235
0.0626591054122882
0.0405198889963179
0.0183567072404485
-0.00381796805299295
-0.0259898583967203
-0.0481463653308144
-0.0702733294536948