-0.747250265579895
-0.734423635931392
-0.148002836611101
-0.146024803885964
-0.143873587046938
-0.141550056822402
-0.139041669682272
-0.136350218544834
-0.133478306348229
-0.648596014606385
-0.626479548857517
-0.609494925534043
-0.592148264885699
-0.574461532593513
-0.556445398038240
-0.538115836371050
-0.519477298514953
-0.505295262245184
-0.484875437922128
-0.464548871040466
-0.444696770856024
-0.424589182788152
-0.404239667475009
-0.383679281140513
-0.362895631824485
-0.342706863386631
-0.322258459091843
-0.300828759196168
-0.278534434112367
-0.256852758415428
-0.235855277508949
-0.214230827149914
-0.104167947428471
0.0786434357293704
0.0705761282033120
-0.114387995982682
-0.143853600398225
-0.119122298063648
-0.0957169230114556
-0.0725127949345619
-0.0493473628211160
-0.0252303148622145
-0.00188186627548150
0.0196140934088015
0.0412522948974831
0.0647115595575847
0.0878029658243105
0.110749881715230
0.133610263629851
0.156840082979197
0.179787509456683
0.201968891642049
0.223096223509985
0.244867623480400
0.267311164164307
0.289107285439156
0.310083117338094
0.331385676737526
0.382600570778139
0.484572932194894
0.500865076270311
0.450345025228541
0.409333326416848
0.426004064298789
0.446695896205470
0.466639774431056
0.486213836994307
0.505962556543603
0.525193973396741
0.543068246422191
0.559974038733323
0.577459162633734
0.594837435681803
0.611774512267582
0.628312221338427
0.644697099772272
0.660765596799125
0.675910005253861
0.689917718374542
0.703620378555172
0.717496642034318
0.730962725581161
0.743464549551029
0.756033391855273
0.778453919057298
0.820763410109735
0.842963280908513
0.826683065664403
0.802141490705331
0.800953842329260
0.810326174089159
0.819288724753899
0.827599882745966
0.835575970861317
0.843060672218728
0.849461409130802
0.854809360091411
0.859836505229776
0.864655832918953
0.868953630936423
0.872689113662339
0.875977838899863
0.878817581087495
0.880852947964250
0.881878239363123
0.882213692614942
0.882314300272065
0.882029304933036
0.880964673020100
0.879553769338907
0.881250310480237
0.890349143279615
0.895833629386076
0.883856183368869
0.862827063592203
0.848513622974768
0.842065856286045
0.836655424995684
0.830625122392079
0.824112412181549
0.817130650173591
0.809389161432464
0.800794289331754
0.791656820694451
0.782209906792616
0.772345462109113
0.761992129023068
0.751194217790977
0.739982048384644
0.728201385985942
0.715707067552315
0.702598075939668
0.689156297531037
0.675424089071848
0.661210145241722
0.646630979476952
0.632838754713400
0.621996110068410
0.610828278308388
0.592894346038216
0.568885285832223
0.545649285752208
0.526761161772926
0.509306087310649
0.491673870630554
0.473718370947869
0.455494067445700
0.436862433783422
0.417766388262049
0.398314295324072
0.378676629588120
0.358867195362231
0.338839900090077
0.318608256652810
0.298205065256471
0.277564535722507
0.256614232881262
0.235381658636654
0.214007666165073
0.192580740301786
0.171035566956785
0.149389384630828
0.128090338373140
0.107941933642214
0.0882593718925309
0.0663027693601661
0.0412654480070831
0.0157505557731005
-0.00788097757486219
-0.0300660496731503
-0.0519356185451046
-0.0737762329187088
-0.0955739189084067
-0.117360663479556
-0.139184648936660
-0.161003742052074
-0.182721647561531
-0.204290717776831
-0.225723284510588
-0.247016833999223
-0.268152165145864
-0.289140715808873
-0.310022894170034
-0.330793151896263
-0.351384240759099
-0.371726103434535
-0.391822841674806
-0.411677686499116
-0.431125599859537
-0.449838500782641
-0.467923460270874
-0.486416354737661
-0.506030288921336
-0.525959961557523
-0.544936535397429
-0.562729005774799
-0.579845294395215
-0.596572064655441
-0.612939593869946
-0.628953072310496
-0.644635175881150
-0.659976617456695
-0.674928384781860
-0.689452066319766
-0.703541732465944
-0.717199681585920
-0.730416565990066
-0.743193660101601
-0.755547708642795
-0.767484984297746
-0.778975933990988
-0.789981133551381
-0.800487545042657
-0.810499884741353
-0.819947348687933
-0.828715760235574
-0.836805277044090
-0.844576099379513
-0.852436891660443
-0.860215229849611
-0.867327834187632
-0.873498811366794
-0.878874126062354
-0.883640240054763
-0.887878967359761
-0.891572157815186
-0.894765993941132
-0.897432499131311
-0.899547531162431
-0.901160501779371
-0.902165996433759
-0.902636492012338
-0.902558638977946
-0.901920373770079
-0.900771907501240
-0.899067505135579
-0.896838530681770
-0.894052384070956
-0.890736286612443
-0.886885153761989
-0.882436641395822
-0.877378806189616
-0.871684365422015
-0.865524914169933
-0.859084137896053
-0.852375931969599
-0.845162174277532
-0.837230621294488
-0.828639007859225
-0.819467275447082
-0.809791066375516
-0.799620026591772
-0.789005507860859
-0.777905937929382
-0.766346652710563
-0.754308755582914
-0.741790094015664
-0.728851809429924
-0.715440859462580
-0.701597590814130
-0.687335469800068
-0.672649995540211
-0.657595464415704
-0.642131921873724
-0.626267488497425
-0.610029317450722
-0.593391509500467
-0.576367824228081
-0.558958667619403
-0.541212367400139
-0.523250361149091
-0.505100242194131
-0.486676710371480
-0.467887125066142
-0.448715644472140
-0.429227847236358
-0.409469337224908
-0.389464247935672
-0.369229473255451
-0.348786632736342
-0.328128414975012
-0.307276592783651
-0.286226119768780
-0.264997631687250
-0.243610179266983
-0.222070260641352
-0.200400432574026
-0.178612505059594
-0.156727353022196
-0.134753191009196
-0.112691846603523
-0.0905633219201459
-0.0683735137833012
-0.0461281587125832
-0.0238414557973386
-0.00153830944870396
0.0207257331597541
0.0429126069581036
0.0650425923407784
0.0871534153210673
0.109258220344260
0.131327435166104
0.153325714097820
0.175230510832346
0.197025041182766
0.218692059155906
0.240223838275254
0.261607952628665
0.282835613064285
0.303894954804384
0.324768682852462
0.345446232197636
0.365912209695532
0.386153062674388
0.406154540478012
0.425904810033914
0.445397110118809
0.464619865253613
0.483561906821356
0.502216420455368
0.520572033592060
0.538613902055112
0.556314558053601
0.573649202233977
0.590614902505318
0.607226016680798
0.623488815836871
0.639392540981966
0.654915651842343
0.670042892405951
0.684761395699186
0.699061633831003
0.712934756320131
0.726375231494176
0.739374971562890
0.751928678073733
0.764025985664810
0.775660703692887
0.786823951813183
0.797509316782330
0.807708151143247
0.817415644551250
0.826626305094320
0.835337330542897
0.843541907484571
0.851238331812667
0.858420981418548
0.865085669784332
0.871220489226289
0.876816238954785
0.881868348137871
0.886385686958983
0.890373331899415
0.893832792085137
0.896755539675444
0.899137556019912
0.900973307275783
0.902262883224159
0.903003381912665
0.903197418608920
0.902843435354021
0.901944555108807
0.900498850565609
0.898509050025483
0.895973952551490
0.892896894685177
0.889277040718554
0.885118803798582
0.880423060820702
0.875195819999937
0.869438135290699
0.863156345326974
0.856352409024007
0.849032287011823
0.841195715559513
0.832846428265570
0.823986296074525
0.814626794307039
0.804776278658360
0.794445204680699
0.783636126412600
0.772355598298336
0.760606712580882
0.748398299085830
0.735735305098121
0.722628045792460
0.709082617629826
0.695109855477000
0.680716014834025
0.665911836833871
0.650703946905328
0.635103550307413
0.619117692538686
0.602758126470372
0.586032871747737
0.568954577913597
0.551531743594992
0.533777131506857
0.515699716549431
0.497312282076756
0.478623109132653
0.459643922359614
0.440383558728744
0.420856750818236
0.401075900173636
0.381056250212155
0.360808000575505
0.340343981555156
0.319674043881916
0.298811861300990
0.277768363184329
0.256557901887923
0.235192072362114
0.213685422935662
0.192049670290397
0.170299154322494
0.148445667794292
0.126503565776257
0.104484827695682
0.0824038428965813
0.0602729734711126
0.0381068268554372
0.0159179983322833
-0.00627908834828429
-0.0284717737507566
-0.0506458537354849
-0.0727890149235310
-0.0948878178133068
-0.116930023559450
-0.138901379169158
-0.160788081466441
-0.182575528942994
-0.204250814394639
-0.225800930137985
-0.247213652447683
-0.268476088986028
-0.289575681287630
-0.310499526396158
-0.331234937366810
-0.351769257439479
-0.372089962824519
-0.392184892272287
-0.412041781881701
-0.431648901052839
-0.450994174400882
-0.470066283807109
-0.488853281873144
-0.507344178793125
-0.525527196751644
-0.543391859934572
-0.560926707871386
-0.578121823883171
-0.594966210571557
-0.611450754592565
-0.627564911510998
-0.643299786008291
-0.658644491568132
-0.673590284527290
-0.688126894787507
-0.702246803354782
-0.715940581897149
-0.729201356041390
-0.742019941033393
-0.754389909836790
-0.766302391427119
-0.777751535290164
-0.788728936588408
-0.799229457851527
-0.809245240379517
-0.818771847096854
-0.827801929096510
-0.836331724065658
-0.844354370439508
-0.851866736692670
-0.858862454061941
-0.865339092430348
-0.871290864205610
-0.876716073302182
-0.881609565816371
-0.885970470345392
-0.889794294786424
-0.893080775508344
-0.895825717145229
-0.898029316658699
-0.899688005532203
-0.900802958993581
-0.901371475303060
-0.901395512690355
-0.900872921252238
-0.899806264513519
-0.898193937638026
-0.896039155465861
-0.893340928142802
-0.890103179955204
-0.886325579950400
-0.882012752109145
-0.877164999658976
-0.871787611228306
-0.865881502597245
-0.859452589345942
-0.852502386089377
-0.845037443755355
-0.837059910480794
-0.828576978774888
-0.819591440813845
-0.810111145333247
-0.800139537586115
-0.789685028130785
-0.778751543423450
-0.767347930330810
-0.755478679664468
-0.743153287390270