0.816264978109385
0.825593363995983
0.313047218520189
0.317112845724238
0.321034895324798
0.324810126960460
0.328423490975006
0.331871897034269
0.335152916656276
0.914041763451567
0.913272698513955
0.917157908501978
0.920500248150854
0.923306329491335
0.925573665760865
0.927307453520359
0.928498376375969
0.934793565147651
0.933934583733437
0.932819709001881
0.931819293147929
0.930274588115852
0.928180838867301
0.925570396993727
0.922403258742542
0.919571498222457
0.916164076142718
0.911353712786883
0.905165640101690
0.899336298093148
0.893885366924929
0.887380392495076
0.789670233999499
0.611389300985407
0.627429743850527
0.839346208444682
0.886493097010465
0.874245763355919
0.862804998037832
0.851120062275558
0.839019255686228
0.825451130818620
0.812175215218887
0.800528557774490
0.788328430533449
0.773600292137595
0.758646679501128
0.743324222342648
0.727576962977953
0.710922794760158
0.694016336625825
0.677385332912892
0.661362190625098
0.644111652864595
0.625577476271607
0.607169670336084
0.589099014117534
0.570169054151692
0.519826949768331
0.415268890251770
0.396759333380290
0.450589814246747
0.495955807714800
0.478749689111252
0.456513503316584
0.434481918736847
0.412289998227191
0.389360999355161
0.366400717878498
0.344355499755696
0.322852006469352
0.300153063500474
0.276965673867484
0.253670396337859
0.230254963069883
0.206462887134451
0.182460054800566
0.158887279885402
0.136001549480229
0.112923475512546
0.0891361750284719
0.0652519123692083
0.0418840752219192
0.0179809263804400
-0.0165938377243835
-0.0725908571546767
-0.109064683352801
-0.105325278659932
-0.0920867418183408
-0.104027802352869
-0.127855405256075
-0.151729369805673
-0.175345740710445
-0.199027158620678
-0.222610153388712
-0.245449177896988
-0.267536166961659
-0.289666779962888
-0.311976801763209
-0.334120553899065
-0.356026619489040
-0.377803074182517
-0.399439383872443
-0.420557089116503
-0.440913588350400
-0.460831545858411
-0.480786283118203
-0.500617622982240
-0.519889767556793
-0.539027437380308
-0.561604499722267
-0.592181938615347
-0.619525789070626
-0.628846615566346
-0.628334903118695
-0.634887905431186
-0.650039123958462
-0.666490046076347
-0.682422502086852
-0.697962299240572
-0.713113215878760
-0.727555734083130
-0.741161767552566
-0.754251317377698
-0.767072456826487
-0.779501394634636
-0.791440628613270
-0.802919540644860
-0.813954452965333
-0.824372574018590
-0.834009580756026
-0.842947322008804
-0.851470445027714
-0.859616829468525
-0.867170009650014
-0.874229285150511
-0.881976415391586
-0.892686672006904
-0.903026091299136
-0.906202714277892
-0.902672707816007
-0.899619641819480
-0.900979391857807
-0.903695343234911
-0.906014881899766
-0.907759023493725
-0.908973230255597
-0.909501815050474
-0.909265291801218
-0.908364595689526
-0.906975080484877
-0.905103674288335
-0.902688185178812
-0.899728289938739
-0.896246723711948
-0.892161217269077
-0.887391077294527
-0.881950751450694
-0.875975938973007
-0.869553489588770
-0.862605409042799
-0.855136818525574
-0.847601703569720
-0.840841317835339
-0.834167742958733
-0.824709337129861
-0.811522130193232
-0.797288815838087
-0.784551596702957
-0.772886292750029
-0.761079374544974
-0.748811613064220
-0.736088390182707
-0.722872432841910
-0.709103616364507
-0.694820311256012
-0.680119495881248
-0.665051067578492
-0.649595580827735
-0.633751534220280
-0.617532435798194
-0.600924082467692
-0.583880040041705
-0.566404948388749
-0.548563023450418
-0.530428839810336
-0.511995080837025
-0.493257540830772
-0.474382967028418
-0.455718626848994
-0.437163416001353
-0.417642031852639
-0.396376172607764
-0.374184097532013
-0.352414431380157
-0.331340841600651
-0.310428725300659
-0.289373307821318
-0.268139791400252
-0.246728053066515
-0.225113871600406
-0.203311636409826
-0.181374117763978
-0.159349808802134
-0.137246775049223
-0.115069121986780
-0.0928279966063850
-0.0705297147075121
-0.0481595410564536
-0.0257195039933658
-0.00324304224659880
0.0192191535284457
0.0416489219683201
0.0640420673746071
0.0863287315497618
0.108369373406176
0.130149245562945
0.152036175714094
0.174461615225898
0.197248166502690
0.219775914284760
0.241726212207944
0.263243243942184
0.284529179817870
0.305640411698482
0.326569865789984
0.347325358371050
0.367890674522168
0.388240488022019
0.408363451328028
0.428216080568926
0.447802106983608
0.467114137116709
0.486139135673749
0.504885062756609
0.523341200300742
0.541490809482848
0.559303198795586
0.576778396375313
0.593893473743404
0.610612084720658
0.626885022642076
0.642665440444092
0.658105233199831
0.673399786748357
0.688566484373991
0.703327294833507
0.717450094499238
0.730963508315733
0.743964038570917
0.756503551204853
0.768579457632996
0.780223414650558
0.791392553378964
0.802094170968751
0.812300673322557
0.821981432901398
0.831182284274886
0.839850964029916
0.848016985774340
0.855668054985282
0.862801541247033
0.869443318761448
0.875549365897660
0.881117340592691
0.886147702953669
0.890618178773424
0.894525323508179
0.897848352089010
0.900617607936719
0.902939169316395
0.904855295661702
0.906263629719220
0.907048329502062
0.907176136902556
0.906708096081771
0.905680910820476
0.904107031340832
0.901990339568625
0.899341732187110
0.896147399837408
0.892416990139379
0.888128201179395
0.883287904979910
0.877911870015246
0.872002370361126
0.865567716783166
0.858613326818547
0.851149327197565
0.843175599478172
0.834687281159793
0.825693036442583
0.816191876380272
0.806186273998406
0.795676521390655
0.784679329167672
0.773239972313605
0.761400290103081
0.749135334536319
0.736397443977835
0.723163118570134
0.709459316796241
0.695317315469985
0.680756529492826
0.665787036199292
0.650423399927108
0.634669435579218
0.618535768175823
0.602023819705315
0.585141987217758
0.567904944675200
0.550326015418084
0.532416164884538
0.514189151544214
0.495656328540155
0.476830183490688
0.457715671966826
0.438325471566400
0.418668470030252
0.398755774179106
0.378595968028433
0.358205507751710
0.337610165375416
0.316841290263381
0.295904334260290
0.274788101671594
0.253484707191386
0.232010211037692
0.210388358724295
0.188640844827877
0.166781951852494
0.144827707804763
0.122789731164686
0.100681110991160
0.0785119504715966
0.0562942561480409
0.0340420982476700
0.0117715334305598
-0.0105041281224006
-0.0327697042818294
-0.0550117460907963
-0.0772159577717481
-0.0993714458062575
-0.121465378529857
-0.143485383270607
-0.165418625777570
-0.187253246986362
-0.208974855069936
-0.230565128658429
-0.252002651963280
-0.273274045793716
-0.294376347577189
-0.315307715584645
-0.336057682678074
-0.356608906226948
-0.376944346374259
-0.397049642119898
-0.416911984961032
-0.436519035604293
-0.455859946134642
-0.474923706155830
-0.493700430419523
-0.512178194589621
-0.530345424909701
-0.548190074150543
-0.565701572750495
-0.582868270627547
-0.599680448721227
-0.616127827275017
-0.632202155297030
-0.647893158587314
-0.663192706444577
-0.678091000028140
-0.692579924545172
-0.706647579115425
-0.720283097337980
-0.733475621175868
-0.746222012601497
-0.758518695591953
-0.770362040368859
-0.781742043008738
-0.792650772622652
-0.803078702568680
-0.813020535257590
-0.822468524799280
-0.831418885154773
-0.839865057937517
-0.847804271222381
-0.855230159938439
-0.862139679426005
-0.868526496732786
-0.874388417361378
-0.879719807771315
-0.884519334678179
-0.888782382238967
-0.892508832035144
-0.895694682151712
-0.898340255703600
-0.900442076347310
-0.902000983337854
-0.903013162533394
-0.903478677749621
-0.903394073488689
-0.902762707914485
-0.901585244305037
-0.899866342638181
-0.897604614161736
-0.894802536968620
-0.891458590492932
-0.887576707014774
-0.883156790704729
-0.878203944169877
-0.872719076381686
-0.866708163861294
-0.860172659919734
-0.853118779825195
-0.845548246617401
-0.837467881268347
-0.828880108870727
-0.819792450288680
-0.810208132286488
-0.800135524733628
-0.789578549002049
-0.778546038189179
-0.767042416913761
-0.755076983926777
-0.742654393483121
-0.729783840657539
-0.716470259678716
-0.702724231617332
-0.688552874841661
-0.673967982357401
-0.658976336877358
-0.643588726877644
-0.627811745876568
-0.611656799088755
-0.595131417862002
-0.578247717334617
-0.561013935505519
-0.543442693639887
-0.525542701944008
-0.507326760038607
-0.488803834095498
-0.469986969187555
-0.450885593077675
-0.431513079977603
-0.411879350346603
-0.391998148006705
-0.371879849857445
-0.351538380557035
-0.330984413842144
-0.310232002232193
-0.289292015763700
-0.268178387706774
-0.246902106921743
-0.225477489737759
-0.203916508672302
-0.182234054353563
-0.160442140406078
-0.138555030880019
-0.116584476238742
-0.0945447153933322
-0.0724478856717647
-0.0503083822701611
-0.0281386319539617
-0.00595304902042928
0.0162357869878532
0.0384136199199916
0.0605678649217338
0.0826844520999286
0.104750720738276
0.126752739782685
0.148677765383104
0.170512006451513
0.192242661426757
0.213856173969507
0.235339793633580
0.256680261036065
0.277864931680087
0.298880952221898
0.319715859072303
0.340357055205895
0.360791898635281
0.381007871756243
0.400992476212756
0.420733859797391
0.440219974413948
0.459439467537679
0.478380421722544
0.497031828583877
0.515381925479828
0.533420126750500
0.551134908788677
0.568516203273419
0.585552818221165
0.602235242203339
0.618552603113869
0.634495922032811
0.650054645847717
0.665220333115836
0.679982769117515
0.694334093184886
0.708264493512560
0.721766733183153
0.734831438392003
0.747452039921967
0.759619648590832
0.771328320891399
0.782569511477532
0.793337788728645
0.803625044996423
0.813426616845131