-0.76736
-0.75479
-0.74185
-0.72854
-0.71468
-0.70041
-0.68578
-0.6707
-0.655
-0.63905
-0.62292
-0.60623
-0.5892
-0.57205
-0.55419
-0.53615
-0.51799
-0.49913
-0.48018
-0.46113
-0.44147
-0.4217
-0.40184
-0.38133
-0.36085
-0.34022
-0.31908
-0.29801
-0.27683
-0.25533
-0.23355
-0.21172
-0.18978
-0.16773
-0.14551
-0.1232
-0.10093
-0.078595
-0.05613
-0.033731
-0.011277
0.011241
0.033652
0.056102
0.078555
0.10085
0.12313
0.14539
0.16746
0.18951
0.21147
0.23321
0.2549
0.27643
0.29769
0.31882
0.33981
0.36062
0.38117
0.40149
0.42158
0.44144
0.46099
0.48023
0.49922
0.51789
0.53623
0.55428
0.57198
0.58932
0.60634
0.62296
0.63918
0.65506
0.67052
0.68557
0.70025
0.71447
0.72826
0.74164
0.75453
0.76696
0.77895
0.79049
0.80155
0.81211
0.82218
0.83177
0.84085
0.8494
0.85744
0.86497
0.87196
0.87844
0.88438
0.88978
0.89465
0.89898
0.90276
0.90599
0.90868
0.91082
0.91241
0.91346
0.91394
0.91388
0.91326
0.91208
0.91035
0.90809
0.90528
0.90192
0.89801
0.89356
0.88857
0.88304
0.87696
0.87037
0.86324
0.85559
0.84742
0.83875
0.82956
0.81988
0.80969
0.79901
0.78786
0.77623
0.76412
0.75156
0.73854
0.72507
0.71118
0.69684
0.68208
0.66692
0.65135
0.63539
0.61905
0.60233
0.58525
0.56782
0.55003
0.53191
0.51347
0.49473
0.47568
0.45634
0.43673
0.41685
0.39673
0.37636
0.35576
0.33495
0.31393
0.29273
0.27134
0.2498
0.22811
0.20628
0.18431
0.16224
0.14008
0.11783
0.095509
0.07313
0.050706
0.028255
0.0057838
-0.016696
-0.039164
-0.061607
-0.084013
-0.10637
-0.12866
-0.15087
-0.17299
-0.19501
-0.21691
-0.23868
-0.26031
-0.28177
-0.30307
-0.32418
-0.3451
-0.36581
-0.3863
-0.40655
-0.42656
-0.4463
-0.46578
-0.48498
-0.50388
-0.52248
-0.54076
-0.55872
-0.57634
-0.59361
-0.61053
-0.62707
-0.64323
-0.65901
-0.67438
-0.68935
-0.7039
-0.71803
-0.73172
-0.74497
-0.75777
-0.77011
-0.78198
-0.79339
-0.80431
-0.81474
-0.82467
-0.8341
-0.84304
-0.85147
-0.85939
-0.86678
-0.87365
-0.87999
-0.88581
-0.89108
-0.89581
-0.90001
-0.90367
-0.90676
-0.90931
-0.91133
-0.91277
-0.91368
-0.91402
-0.9138
-0.91306
-0.91178
-0.90991
-0.90749
-0.90454
-0.90105
-0.89698
-0.89237
-0.88721
-0.88157
-0.87535
-0.86863
-0.86136
-0.8536
-0.84531
-0.8365
-0.82719
-0.81736
-0.80708
-0.79628
-0.785
-0.77325
-0.76102
-0.74833
-0.73519
-0.7216
-0.70757
-0.69314
-0.67826
-0.66299
-0.6473
-0.63124
-0.61477
-0.59795
-0.58076
-0.56322
-0.54537
-0.52717
-0.50866
-0.48984
-0.47074
-0.45133
-0.43167
-0.41173
-0.39156
-0.37114
-0.35051
-0.32967
-0.30861
-0.28737
-0.26595
-0.24437
-0.22265
-0.20079
-0.17882
-0.15674
-0.13456
-0.11231
-0.089985
-0.067603
-0.045191
-0.022749
-0.0003026
0.022142
0.044574
0.066977
0.089335
0.11164
0.13387
0.15603
0.17809
0.20003
0.22186
0.24355
0.26509
0.28648
0.30769
0.32872
0.34954
0.37015
0.39054
0.41069
0.43058
0.45022
0.46958
0.48866
0.50744
0.52592
0.54407
0.56189
0.57936
0.59649
0.61326
0.62965
0.64566
0.66128
0.6765
0.69131
0.7057
0.71966
0.73318
0.74626
0.7589
0.77107
0.78277
0.79401
0.80475
0.81502
0.82478
0.83405
0.84281
0.85107
0.85881
0.86602
0.87271
0.87888
0.88451
0.8896
0.89416
0.89817
0.90165
0.90457
0.90695
0.90878
0.91006
0.91079
0.91096
0.91059
0.90967
0.9082
0.90617
0.9036
0.90048
0.89682
0.89262
0.88787
0.88259
0.87677
0.87043
0.86355
0.85616
0.84824
0.83982
0.83088
0.82144
0.81151
0.80109
0.79018
0.77879
0.76693
0.75461
0.74183
0.72861
0.71494
0.70084
0.68632
0.67138
0.65604
0.6403
0.62418
0.60767
0.5908
0.57358
0.556
0.53809
0.51986
0.50131
0.48245
0.46331
0.44389
0.42419
0.40424
0.38405
0.36363
0.34298
0.32213
0.30109
0.27986
0.25846
0.23691
0.21521
0.19339
0.17145
0.1494
0.12727
0.10506
0.082784
0.060459
0.038099
0.015716
-0.0066769
-0.029065
-0.051435
-0.073774
-0.096068
-0.1183
-0.14047
-0.16255
-0.18453
-0.20639
-0.22814
-0.24974
-0.27119
-0.29248
-0.3136
-0.33452
-0.35524
-0.37574
-0.39602
-0.41605
-0.43584
-0.45536
-0.4746
-0.49356
-0.51222
-0.53057
-0.5486
-0.5663
-0.58365
-0.60065
-0.61729
-0.63355
-0.64943
-0.66492
-0.68001
-0.69468
-0.70893
-0.72276
-0.73615
-0.74909
-0.76158
-0.77361
-0.78517
-0.79625
-0.80685
-0.81697
-0.82659
-0.83571
-0.84433
-0.85243
-0.86002
-0.86709
-0.87364
-0.87966
-0.88514
-0.89009
-0.8945
-0.89837
-0.9017
-0.90448
-0.90671
-0.9084
-0.90954
-0.91013
-0.91016
-0.90965
-0.90858
-0.90697
-0.90481
-0.9021
-0.89884
-0.89505
-0.89071
-0.88583
-0.88041
-0.87447
-0.86799
-0.86099
-0.85347
-0.84544
-0.83689
-0.82783
-0.81828
-0.80823
-0.79769
-0.78667
-0.77518
-0.76321
