-0.046559
-0.068974
-0.091335
-0.11363
-0.13587
-0.15802
-0.18008
-0.20203
-0.22383
-0.24552
-0.2671
-0.2885
-0.30973
-0.33081
-0.35162
-0.37225
-0.39271
-0.41281
-0.43275
-0.45227
-0.47161
-0.49068
-0.50947
-0.52794
-0.54613
-0.56399
-0.58146
-0.59865
-0.61547
-0.63188
-0.64781
-0.66343
-0.67865
-0.69345
-0.70783
-0.72179
-0.73534
-0.74845
-0.7611
-0.7733
-0.78503
-0.79628
-0.80705
-0.81733
-0.8271
-0.83639
-0.8451
-0.85335
-0.86109
-0.86832
-0.87503
-0.88122
-0.88686
-0.89197
-0.89656
-0.90059
-0.90404
-0.90694
-0.90932
-0.91114
-0.91241
-0.91313
-0.91331
-0.91294
-0.91202
-0.91055
-0.90852
-0.90595
-0.90283
-0.89916
-0.89494
-0.89018
-0.88487
-0.87902
-0.87265
-0.86576
-0.85835
-0.85042
-0.84198
-0.83302
-0.82357
-0.81362
-0.80316
-0.7922
-0.78078
-0.76888
-0.75652
-0.7437
-0.73044
-0.71674
-0.7026
-0.68804
-0.67306
-0.65768
-0.64189
-0.62572
-0.60917
-0.59225
-0.57496
-0.55733
-0.53936
-0.52106
-0.50246
-0.48355
-0.46435
-0.44486
-0.42511
-0.40511
-0.38485
-0.36435
-0.34364
-0.32271
-0.3016
-0.2803
-0.25883
-0.23721
-0.21544
-0.19355
-0.17153
-0.14942
-0.12721
-0.10492
-0.082573
-0.060172
-0.037733
-0.015269
0.0072051
0.029671
0.052117
0.074527
0.096897
0.11921
0.14145
0.1636
0.18566
0.20761
0.22943
0.25112
0.27265
0.29401
0.3152
0.3362
0.35698
0.37756
0.39791
0.41802
0.43787
0.45746
0.47678
0.49581
0.51453
0.53295
0.55105
0.56881
0.58623
0.60329
0.61998
0.6363
0.65224
0.66778
0.68292
0.69765
0.71196
0.72584
0.73927
0.75226
0.7648
0.77687
0.78847
0.79959
0.81023
0.82039
0.83004
0.83919
0.84784
0.85597
0.86359
0.87068
0.87725
0.88329
0.88879
0.89376
0.89818
0.90206
0.90539
0.90818
0.91042
0.91211
0.91324
0.91383
0.91386
0.91334
0.91227
0.91064
0.90847
0.90574
0.90246
0.89865
0.89428
0.88938
0.88394
0.87796
0.87145
0.86442
0.85686
0.84879
0.8402
0.8311
0.8215
0.81141
0.80082
0.78975
0.7782
0.76618
0.75369
0.74074
0.72735
0.71353
0.69928
0.68459
0.6695
0.65399
0.6381
0.62181
0.60515
0.58813
0.57076
0.55303
0.53497
0.51661
0.4979
0.4789
0.45961
0.44003
0.42021
0.40014
0.37981
0.35925
0.33848
0.3175
0.29632
0.27496
0.25343
0.23178
0.20996
0.18803
0.16596
0.14382
0.12159
0.099268
0.076897
0.05447
0.032033
0.0095595
-0.012915
-0.035389
-0.057827
-0.080221
-0.10257
-0.12486
-0.14708
-0.16919
-0.19121
-0.21311
-0.23489
-0.25652
-0.27799
-0.29931
-0.32044
-0.34136
-0.36206
-0.38255
-0.4028
-0.42281
-0.44256
-0.46205
-0.48126
-0.50018
-0.51879
-0.53708
-0.55506
-0.5727
-0.58998
-0.6069
-0.62345
-0.63963
-0.65542
-0.67081
-0.68579
-0.70036
-0.7145
-0.72821
-0.74148
-0.75431
-0.76668
-0.77858
-0.79
-0.80094
-0.8114
-0.82137
-0.83084
-0.83981
-0.84827
-0.85622
-0.86365
-0.87055
-0.87693
-0.88278
-0.8881
-0.89288
-0.89711
-0.9008
-0.90394
-0.90654
-0.90859
-0.91009
-0.91104
-0.91144
-0.91129
-0.91059
-0.90934
-0.90754
-0.90518
-0.90228
-0.89883
-0.89484
-0.89031
-0.88524
-0.87963
-0.8735
-0.86683
-0.85965
-0.85194
-0.84372
-0.83498
-0.82575
-0.81601
-0.80578
-0.79506
-0.78386
-0.77218
-0.76005
-0.74745
-0.7344
-0.7209
-0.70698
-0.69262
-0.67785
-0.66266
-0.64708
-0.6311
-0.61474
-0.59802
-0.58093
-0.56349
-0.54571
-0.5276
-0.50917
-0.49043
-0.4714
-0.45209
-0.4325
-0.41265
-0.39255
-0.37221
-0.35165
-0.33088
-0.3099
-0.28874
-0.26741
-0.24591
-0.22427
-0.20249
-0.1806
-0.15859
-0.13648
-0.1143
-0.092041
-0.069731
-0.047379
-0.024999
-0.0026047
0.019791
0.042173
0.06453
0.086848
0.10911
0.13131
0.15343
0.17545
0.19737
0.21917
0.24084
0.26236
0.28372
0.30491
0.32591
0.34672
0.36731
0.38769
0.40782
0.42772
0.44735
0.46671
0.48579
0.50458
0.52306
0.54122
0.55906
0.57656
0.59371
0.6105
0.62691
0.64296
0.65861
0.67386
0.68871
0.70314
0.71714
0.73071
0.74384
0.75651
0.76873
0.78049
0.79177
0.80257
0.81289
0.82272
0.83205
0.84087
0.84919
0.85699
0.86428
0.87104
0.87728
0.88298
0.88815
0.89279
0.89688
0.90043
0.90344
0.9059
0.90781
0.90918
0.90999
0.91025
0.90997
0.90913
0.90774
0.90581
0.90332
0.9003
0.89672
0.8926
0.88795
0.88276
0.87703
0.87077
0.86399
0.85668
0.84886
0.84052
0.83168
0.82233
0.81248
0.80215
0.79132
0.78002
0.76825
0.75601
0.74332
0.73018
0.71659
0.70258
0.68813
0.67328
0.65801
0.64235
0.6263
0.60987
0.59307
0.57591
0.5584
0.54056
0.52239
0.5039
0.48511
0.46603
0.44666
0.42703
0.40714
0.387
0.36662
0.34603
0.32522
0.30422
0.28304
0.26168
0.24017
0.21851
0.19672
0.17481
0.15279
0.13068
0.1085
0.086243
0.063939
0.041596
0.019227
-0.0031522
-0.02553
-0.047892
