0.81391
0.82377
0.83319
0.84217
0.85055
0.85843
0.86586
0.87272
0.87883
0.88457
0.89002
0.89473
0.89893
0.90286
0.90581
0.9084
0.91069
0.91194
0.91293
0.9134
0.91308
0.91238
0.9113
0.90927
0.90698
0.90422
0.90055
0.89666
0.8923
0.88722
0.88136
0.87516
0.86843
0.86119
0.85335
0.84498
0.83627
0.82704
0.81723
0.80703
0.79631
0.78503
0.7734
0.76123
0.74855
0.73554
0.72197
0.70796
0.69363
0.67881
0.66355
0.64801
0.63196
0.61554
0.59887
0.58177
0.56423
0.54632
0.52815
0.50965
0.49083
0.47169
0.45231
0.4327
0.4128
0.39265
0.37229
0.35167
0.33085
0.30984
0.28861
0.26723
0.24568
0.22396
0.20213
0.18019
0.1581
0.13595
0.11372
0.091384
0.069038
0.046659
0.024206
0.0017092
-0.020773
-0.043229
-0.065663
-0.088069
-0.11041
-0.13267
-0.15484
-0.17693
-0.1989
-0.22076
-0.24249
-0.26406
-0.28548
-0.30674
-0.32779
-0.34867
-0.36933
-0.38975
-0.40995
-0.42991
-0.44959
-0.46901
-0.48815
-0.50697
-0.5255
-0.54374
-0.56164
-0.5792
-0.59641
-0.61326
-0.62974
-0.64583
-0.66152
-0.67682
-0.6917
-0.70617
-0.72022
-0.73382
-0.74699
-0.7597
-0.77196
-0.78374
-0.79506
-0.8059
-0.81624
-0.82608
-0.83543
-0.84428
-0.85263
-0.86044
-0.86774
-0.87452
-0.88078
-0.88651
-0.89169
-0.89634
-0.90045
-0.90402
-0.90701
-0.90947
-0.91138
-0.91274
-0.91355
-0.9138
-0.91351
-0.91266
-0.91126
-0.90931
-0.90681
-0.90376
-0.90016
-0.89601
-0.89132
-0.8861
-0.88035
-0.87406
-0.86724
-0.8599
-0.85204
-0.84367
-0.83478
-0.82539
-0.8155
-0.80513
-0.79425
-0.7829
-0.77107
-0.75878
-0.74603
-0.73283
-0.71918
-0.7051
-0.6906
-0.67567
-0.66034
-0.64461
-0.62849
-0.61198
-0.5951
-0.57787
-0.56029
-0.54237
-0.52412
-0.50556
-0.48669
-0.46753
-0.44808
-0.42836
-0.40838
-0.38816
-0.3677
-0.34702
-0.32612
-0.30503
-0.28376
-0.26231
-0.2407
-0.21895
-0.19707
-0.17507
-0.15296
-0.13076
-0.10848
-0.086134
-0.063734
-0.041296
-0.018834
0.0036381
0.026109
0.048565
0.070984
0.093359
0.11568
0.13794
0.16011
0.18219
0.20416
0.226
0.24771
0.26927
0.29066
0.31188
0.33291
0.35373
0.37434
0.39473
0.41488
0.43478
0.45441
0.47377
0.49285
0.51163
0.5301
0.54825
0.56607
0.58354
0.60066
0.61741
0.63378
0.64979
0.66539
0.6806
0.69539
0.70977
0.72372
0.73723
0.75029
0.76289
0.77505
0.78672
0.79792
0.80863
0.81884
0.82855
0.83776
0.84646
0.85465
0.86232
0.86947
0.8761
0.88219
0.88775
0.89276
0.89726
0.9012
0.90459
0.90743
0.90972
0.91146
0.91265
0.9133
0.91338
0.91293
0.91192
0.91035
0.90823
0.90556
0.90236
0.8986
0.89427
0.8894
0.884
0.87806
0.8716
0.86461
0.85709
0.84907
0.84052
0.83147
0.82191
0.81187
0.80133
0.7903
0.7788
0.76683
0.75439
0.7415
0.72817
0.71439
0.70019
0.68556
0.67052
0.65507
0.63923
0.62301
0.6064
0.58942
0.57208
0.5544
0.53639
0.51805
0.49941
0.48046
0.46122
0.44171
0.42193
0.4019
0.38162
0.36112
0.3404
0.31947
0.29835
0.27705
0.25559
0.23397
0.21222
0.19034
0.16834
0.14624
0.12406
0.1018
0.079481
0.05711
0.034705
0.012281
-0.010149
-0.032571
-0.054971
-0.077337
-0.099654
-0.12191
-0.14409
-0.16618
-0.18818
-0.21005
-0.2318
-0.25341
-0.27486
-0.29614
-0.31725
-0.33816
-0.35887
-0.37935
-0.39961
-0.41963
-0.43939
-0.45888
-0.47809
-0.49702
-0.51565
-0.53396
-0.55195
-0.56961
-0.58692
-0.60387
-0.62046
-0.63667
-0.6525
-0.66793
-0.68296
-0.69757
-0.71176
-0.72552
-0.73884
-0.75171
-0.76413
-0.77609
-0.78757
-0.79858
-0.80911
-0.81914
-0.82868
-0.83772
-0.84625
-0.85427
-0.86177
-0.86876
-0.87521
-0.88114
-0.88653
-0.89139
-0.89571
-0.89949
-0.90272
-0.9054
-0.90754
-0.90913
-0.91017
-0.91066
-0.9106
-0.90999
-0.90882
-0.90711
-0.90485
-0.90204
-0.89869
-0.89479
-0.89035
-0.88538
-0.87987
-0.87382
-0.86725
-0.86015
-0.85254
-0.84441
-0.83577
-0.82662
-0.81697
-0.80683
-0.7962
-0.78509
-0.77351
-0.76146
-0.74894
-0.73598
-0.72257
-0.70872
-0.69445
-0.67975
-0.66465
-0.64914
-0.63324
-0.61696
-0.6003
-0.58329
-0.56592
-0.5482
-0.53016
-0.5118
-0.49312
-0.47415
-0.4549
-0.43536
-0.41557
-0.39552
-0.37524
-0.35472
-0.334
-0.31307
-0.29195
-0.27066
-0.2492
-0.2276
-0.20585
-0.18398
-0.162
-0.13992
-0.11776
-0.09553
-0.073239
-0.050905
-0.02854
-0.0061573
0.016228
0.038604
0.060956
0.083271
0.10553
0.12774
0.14986
0.17189
0.19382
0.21563
0.23731
0.25885
0.28023
0.30144
0.32246
0.3433
0.36392
0.38432
0.4045
0.42442
0.44409
0.4635
0.48262
0.50145
0.51997
0.53819
0.55607
0.57362
0.59082
0.60767
0.62415
0.64025
0.65596
0.67128
0.68619
0.70068
0.71475
0.72839
0.74159
0.75434
0.76663
0.77846
0.78982
0.80071
0.8111
