0.81384
0.82326
0.83255
0.84166
0.85058
0.85821
0.86538
0.87237
0.87918
0.88489
0.88987
0.89466
0.89927
0.90304
0.90576
0.90831
0.91068
0.91249
0.91292
0.91319
0.91328
0.91262
0.91179
0.90952
0.90694
0.90417
0.9012
0.89689
0.89204
0.88703
0.88184
0.87563
0.86853
0.86132
0.85397
0.84597
0.83699
0.82765
0.81803
0.80803
0.79699
0.78565
0.77403
0.76208
0.74931
0.73606
0.72258
0.70886
0.69441
0.67959
0.66415
0.64851
0.63267
0.61641
0.59934
0.58216
0.56482
0.54718
0.52874
0.51017
0.4915
0.47261
0.4532
0.43345
0.41356
0.39353
0.3731
0.35235
0.33151
0.31056
0.28937
0.26785
0.24626
0.22463
0.20284
0.18087
0.15868
0.13645
0.11424
0.092035
0.069555
0.047047
0.024627
0.0022709
-0.020246
-0.042817
-0.065232
-0.087525
-0.10982
-0.13216
-0.15437
-0.17643
-0.19839
-0.22033
-0.2421
-0.26367
-0.28507
-0.30637
-0.32749
-0.34835
-0.36897
-0.38942
-0.40966
-0.42967
-0.44937
-0.46875
-0.48789
-0.50682
-0.52537
-0.54355
-0.56143
-0.57905
-0.59628
-0.6131
-0.62953
-0.64565
-0.66138
-0.67668
-0.69156
-0.70605
-0.72014
-0.73375
-0.74691
-0.75963
-0.77193
-0.78373
-0.79503
-0.80586
-0.81622
-0.82609
-0.83547
-0.84431
-0.85263
-0.86049
-0.86782
-0.87459
-0.88082
-0.88656
-0.89178
-0.89642
-0.9005
-0.90404
-0.90707
-0.90955
-0.91145
-0.91281
-0.91364
-0.91391
-0.91361
-0.91276
-0.91137
-0.90943
-0.90692
-0.90387
-0.90028
-0.89614
-0.89146
-0.88624
-0.88047
-0.87419
-0.86738
-0.86004
-0.85217
-0.84379
-0.83492
-0.82553
-0.81563
-0.80523
-0.79436
-0.78302
-0.77119
-0.75889
-0.74615
-0.73295
-0.7193
-0.70522
-0.69071
-0.67579
-0.66046
-0.64472
-0.6286
-0.6121
-0.59522
-0.57799
-0.5604
-0.54247
-0.52423
-0.50567
-0.48679
-0.46762
-0.44817
-0.42846
-0.40847
-0.38824
-0.36777
-0.34709
-0.3262
-0.3051
-0.28383
-0.26238
-0.24078
-0.21902
-0.19713
-0.17513
-0.15302
-0.13082
-0.10853
-0.086184
-0.063785
-0.041344
-0.018881
0.0035986
0.02607
0.048524
0.070944
0.093328
0.11565
0.13791
0.16009
0.18217
0.20414
0.22599
0.24769
0.26925
0.29065
0.31187
0.3329
0.35372
0.37433
0.39472
0.41487
0.43477
0.45441
0.47377
0.49284
0.51162
0.53009
0.54824
0.56606
0.58353
0.60065
0.6174
0.63379
0.64979
0.66539
0.6806
0.69539
0.70977
0.72371
0.73722
0.75028
0.76289
0.77504
0.78672
0.79791
0.80862
0.81884
0.82855
0.83775
0.84647
0.8547
0.86235
0.86952
0.87617
0.8823
0.88789
0.89294
0.89745
0.90142
0.90483
0.9077
0.91003
0.91178
0.91298
0.91367
0.91379
0.91336
0.91239
0.91085
0.90875
0.90612
0.90295
0.89919
0.89488
0.89005
0.88467
0.87876
0.8723
0.86535
0.85788
0.84989
0.84138
0.83238
0.82286
0.81284
0.80235
0.79134
0.77986
0.76792
0.7555
0.74264
0.72933
0.71558
0.7014
0.68681
0.67177
0.65633
0.64051
0.62431
0.60767
0.5907
0.57337
0.55569
0.53768
0.51934
0.5007
0.48175
0.46252
0.443
0.42322
0.40318
0.38289
0.36238
0.34164
0.32069
0.29955
0.27824
0.25675
0.23511
0.21333
0.19143
0.1694
0.14726
0.12505
0.10276
0.080392
0.057969
0.035529
0.013053
-0.0094206
-0.031895
-0.05434
-0.076755
-0.09912
-0.12143
-0.14366
-0.16581
-0.18786
-0.20979
-0.2316
-0.25327
-0.27478
-0.29613
-0.3173
-0.33828
-0.35905
-0.3796
-0.39992
-0.42001
-0.43984
-0.45941
-0.47869
-0.4977
-0.5164
-0.53479
-0.55285
-0.57058
-0.58796
-0.60499
-0.62165
-0.63794
-0.65383
-0.66934
-0.68443
-0.69912
-0.71338
-0.72722
-0.74061
-0.75355
-0.76604
-0.77806
-0.78962
-0.80069
-0.81128
-0.82139
-0.83099
-0.8401
-0.84869
-0.85677
-0.86434
-0.87138
-0.8779
-0.88388
-0.88933
-0.89425
-0.89861
-0.90244
-0.90572
-0.90845
-0.91064
-0.91227
-0.91335
-0.91388
-0.91386
-0.91328
-0.91216
-0.91048
-0.90824
-0.90547
-0.90214
-0.89826
-0.89385
-0.88889
-0.8834
-0.87737
-0.87081
-0.86373
-0.85612
-0.848
-0.83936
-0.83021
-0.82056
-0.81042
-0.79979
-0.78867
-0.77707
-0.76501
-0.75248
-0.7395
-0.72607
-0.7122
-0.6979
-0.68318
-0.66804
-0.6525
-0.63657
-0.62025
-0.60356
-0.5865
-0.56908
-0.55133
-0.53324
-0.51482
-0.4961
-0.47707
-0.45776
-0.43817
-0.41832
-0.39821
-0.37786
-0.35728
-0.33649
-0.31549
-0.2943
-0.27293
-0.25141
-0.22972
-0.2079
-0.18595
-0.16389
-0.14173
-0.11949
-0.097167
-0.074794
-0.05237
-0.029919
-0.007445
0.015028
0.037497
0.059938
0.082348
0.1047
0.127
0.14922
0.17135
0.19337
0.21528
0.23705
0.25869
0.28016
0.30148
0.3226
0.34353
0.36425
0.38476
0.40502
0.42505
0.44482
0.46432
0.48353
0.50246
0.52108
0.53939
0.55737
0.57502
0.59231
0.60925
0.62582
0.64201
0.65781
0.67322
0.68821
0.70279
0.71695
0.73067
0.74395
0.75679
0.76916
0.78107
0.7925
0.80346
0.81393
