-0.76725
-0.75419
-0.74108
-0.72788
-0.71459
-0.70004
-0.68513
-0.67014
-0.65509
-0.63912
-0.62256
-0.60595
-0.58928
-0.57202
-0.55398
-0.53591
-0.5178
-0.49938
-0.48005
-0.4607
-0.44133
-0.42145
-0.40183
-0.38113
-0.36041
-0.33978
-0.31924
-0.29785
-0.27628
-0.25484
-0.23352
-0.21171
-0.18949
-0.16746
-0.14557
-0.12352
-0.10103
-0.078607
-0.0563
-0.034089
-0.011405
0.011158
0.033555
0.055824
0.078334
0.10081
0.12308
0.14514
0.16734
0.18934
0.21145
0.23325
0.25475
0.27613
0.2977
0.31889
0.33973
0.36034
0.38107
0.40143
0.42142
0.44109
0.46067
0.48001
0.49897
0.51755
0.53592
0.55405
0.57175
0.58903
0.60601
0.62272
0.639
0.65481
0.67026
0.68531
0.70005
0.71432
0.72808
0.74134
0.75432
0.76684
0.7788
0.79024
0.80131
0.81194
0.82199
0.8315
0.84053
0.84914
0.8572
0.86469
0.87166
0.87819
0.88416
0.88955
0.89439
0.89875
0.90256
0.90579
0.90846
0.9106
0.91221
0.9133
0.91378
0.91368
0.91305
0.91194
0.91023
0.90792
0.90508
0.90176
0.89786
0.89338
0.88836
0.88284
0.8768
0.8702
0.86305
0.85541
0.84728
0.8386
0.8294
0.81972
0.80956
0.7989
0.78773
0.7761
0.764
0.75146
0.73845
0.72498
0.71106
0.69675
0.68202
0.66684
0.65126
0.63531
0.61898
0.60226
0.58516
0.56771
0.54995
0.53185
0.5134
0.49465
0.47562
0.45629
0.43668
0.4168
0.39668
0.37632
0.35573
0.33491
0.31391
0.29271
0.27133
0.24979
0.22809
0.20626
0.18431
0.16225
0.14007
0.11782
0.09551
0.073135
0.050703
0.028242
0.0057733
-0.016691
-0.039156
-0.061602
-0.084002
-0.10635
-0.12864
-0.15085
-0.17297
-0.19498
-0.21688
-0.23865
-0.26027
-0.28173
-0.30303
-0.32414
-0.34506
-0.36577
-0.38625
-0.4065
-0.42651
-0.44626
-0.46573
-0.48493
-0.50383
-0.52243
-0.54072
-0.55867
-0.57628
-0.59356
-0.61047
-0.62701
-0.64317
-0.65894
-0.67432
-0.68928
-0.70383
-0.71796
-0.73165
-0.7449
-0.75769
-0.77003
-0.78191
-0.79331
-0.80423
-0.81466
-0.82459
-0.83402
-0.84296
-0.85139
-0.8593
-0.8667
-0.87357
-0.87991
-0.88572
-0.89099
-0.89573
-0.89992
-0.90356
-0.90666
-0.90921
-0.91122
-0.91267
-0.91358
-0.91392
-0.91375
-0.91298
-0.91165
-0.90982
-0.90739
-0.90443
-0.90092
-0.89687
-0.89226
-0.88715
-0.88149
-0.87525
-0.86852
-0.86126
-0.85348
-0.8452
-0.83638
-0.82708
-0.81727
-0.80697
-0.79617
-0.78489
-0.77313
-0.76091
-0.74824
-0.73509
-0.72152
-0.70759
-0.69303
-0.67817
-0.66291
-0.64726
-0.63119
-0.61475
-0.59794
-0.58075
-0.56323
-0.54536
-0.52719
-0.50868
-0.48983
-0.47073
-0.45133
-0.43165
-0.41172
-0.39154
-0.3711
-0.35046
-0.32961
-0.30852
-0.28726
-0.26584
-0.24425
-0.22253
-0.20062
-0.17863
-0.15654
-0.13435
-0.11209
-0.089754
-0.067361
-0.044931
-0.022476
8.2231e-007
0.022476
0.044919
0.067361
0.089745
0.11208
0.13435
0.15653
0.17862
0.20061
0.22248
0.2442
0.26578
0.28723
0.30847
0.32954
0.35041
0.37105
0.3915
0.41169
0.43163
0.45131
0.47071
0.48983
0.50866
0.52718
0.54537
0.56324
0.58077
0.59794
0.61476
0.6312
0.64727
0.66294
0.6782
0.69306
0.70751
0.72152
0.73509
0.74823
0.76092
0.77314
0.7849
0.79617
0.80698
0.81729
0.8271
0.83641
0.84522
0.85351
0.8613
0.86856
0.87529
0.88149
0.88717
0.8923
0.8969
0.90095
0.90446
0.90742
0.90983
0.91169
0.91301
0.91377
0.91398
0.91363
0.91274
0.91129
0.90929
0.90674
0.90364
0.9
0.89581
0.89108
0.8858
0.88
0.87366
0.86679
0.8594
0.85149
0.84306
0.83413
0.82469
0.81475
0.80432
0.7934
0.782
0.77013
0.75779
0.745
0.73176
0.71807
0.70395
0.6894
0.67444
0.65907
0.64329
0.62714
0.6106
0.59369
0.57642
0.55881
0.54085
0.52257
0.50397
0.48507
0.46587
0.4464
0.42665
0.40665
0.38639
0.36591
0.3452
0.32429
0.30318
0.28189
0.26042
0.2388
0.21703
0.19514
0.17312
0.151
0.12879
0.1065
0.084146
0.061744
0.039298
0.016835
-0.0056443
-0.028115
-0.050573
-0.072996
-0.09538
-0.1177
-0.13996
-0.16212
-0.18419
-0.20615
-0.22798
-0.24968
-0.27123
-0.2926
-0.31381
-0.33482
-0.35564
-0.37623
-0.3966
-0.41673
-0.43661
-0.45622
-0.47556
-0.4946
-0.51336
-0.53179
-0.54991
-0.5677
-0.58514
-0.60223
-0.61896
-0.6353
-0.65127
-0.66684
-0.68201
-0.69677
-0.7111
-0.72501
-0.73848
-0.75149
-0.76406
-0.77616
-0.7878
-0.79896
-0.80963
-0.81981
-0.82951
-0.83869
-0.84737
-0.85554
-0.86319
-0.87032
-0.87692
-0.88299
-0.88853
-0.89353
-0.89799
-0.90191
-0.90528
-0.9081
-0.91038
-0.9121
-0.91328
-0.9139
-0.91397
-0.91348
-0.91244
-0.91085
-0.90871
-0.90602
-0.90279
-0.899
-0.89468
-0.88981
-0.8844
-0.87846
-0.87199
-0.86499
-0.85747
-0.84943
-0.84087
-0.83181
-0.82224
-0.81218
-0.80162
-0.79058
-0.77907
-0.76708
