-0.046593
-0.069065
-0.09147
-0.11378
-0.13599
-0.15817
-0.18026
-0.20223
-0.22408
-0.24577
-0.26731
-0.28872
-0.30999
-0.33103
-0.35179
-0.3724
-0.39288
-0.4131
-0.43287
-0.45249
-0.47195
-0.49117
-0.50997
-0.52838
-0.54653
-0.56439
-0.58196
-0.59903
-0.61576
-0.63219
-0.64832
-0.66393
-0.67904
-0.69386
-0.70839
-0.72245
-0.73596
-0.74904
-0.76173
-0.77394
-0.78559
-0.79681
-0.80758
-0.81791
-0.82764
-0.83687
-0.84566
-0.854
-0.86175
-0.86893
-0.8756
-0.88176
-0.88742
-0.89254
-0.89704
-0.90104
-0.90455
-0.90752
-0.90981
-0.9116
-0.91291
-0.9137
-0.91387
-0.91346
-0.91253
-0.91108
-0.90901
-0.9064
-0.90326
-0.8996
-0.89537
-0.89057
-0.88526
-0.87944
-0.8731
-0.86618
-0.85873
-0.85078
-0.84232
-0.83337
-0.82388
-0.81389
-0.80343
-0.79251
-0.78106
-0.76912
-0.75676
-0.74397
-0.73071
-0.71698
-0.70283
-0.68827
-0.67328
-0.65786
-0.64206
-0.62588
-0.60932
-0.59238
-0.57507
-0.55744
-0.53948
-0.52118
-0.50255
-0.48363
-0.46441
-0.44492
-0.42516
-0.40513
-0.38486
-0.36437
-0.34365
-0.32271
-0.30158
-0.28029
-0.25883
-0.2372
-0.21542
-0.19351
-0.1715
-0.14936
-0.12714
-0.10485
-0.082496
-0.060089
-0.037637
-0.015172
0.0072958
0.02976
0.052216
0.074637
0.097015
0.11933
0.14157
0.16374
0.1858
0.20775
0.22956
0.25125
0.27279
0.29416
0.31534
0.33634
0.35712
0.3777
0.39805
0.41816
0.43802
0.45762
0.47693
0.49596
0.51469
0.53311
0.5512
0.56895
0.58637
0.60343
0.62013
0.63645
0.65239
0.66793
0.68307
0.6978
0.7121
0.72597
0.73941
0.7524
0.76492
0.77699
0.78859
0.79971
0.81035
0.82049
0.83015
0.8393
0.84794
0.85607
0.86369
0.87078
0.87734
0.88337
0.88887
0.89383
0.89825
0.90213
0.90546
0.90824
0.91048
0.91216
0.9133
0.91388
0.9139
0.91338
0.9123
0.91067
0.90849
0.90576
0.90248
0.89866
0.89429
0.88939
0.88394
0.87796
0.87145
0.86441
0.85685
0.84877
0.84018
0.83108
0.82148
0.81138
0.80079
0.78971
0.77816
0.76614
0.75364
0.74069
0.7273
0.71347
0.69921
0.68453
0.66943
0.65393
0.63803
0.62174
0.60508
0.58806
0.57067
0.55294
0.53489
0.5165
0.49781
0.47881
0.45952
0.43998
0.42013
0.40003
0.37973
0.35915
0.33837
0.31739
0.29622
0.27486
0.25336
0.2317
0.20986
0.18792
0.16587
0.14371
0.12148
0.099164
0.076796
0.054378
0.031929
0.0094541
-0.01302
-0.035493
-0.057928
-0.080312
-0.10267
-0.12495
-0.14712
-0.16931
-0.19135
-0.21327
-0.23505
-0.2567
-0.27819
-0.29952
-0.32066
-0.3416
-0.36234
-0.38285
-0.40311
-0.42315
-0.44294
-0.46246
-0.48171
-0.50067
-0.51931
-0.53765
-0.55566
-0.57334
-0.59067
-0.60761
-0.62421
-0.64042
-0.65623
-0.67168
-0.68672
-0.70134
-0.71554
-0.7293
-0.74263
-0.7555
-0.76791
-0.77987
-0.79134
-0.80233
-0.81284
-0.82286
-0.83239
-0.84141
-0.84993
-0.85793
-0.86542
-0.87238
-0.87881
-0.88471
-0.89009
-0.8949
-0.89918
-0.90291
-0.90609
-0.90873
-0.91084
-0.91239
-0.91338
-0.91382
-0.91371
-0.91305
-0.91184
-0.91006
-0.90775
-0.90488
-0.90146
-0.8975
-0.893
-0.88795
-0.88238
-0.87627
-0.86963
-0.86246
-0.85477
-0.84657
-0.83785
-0.82862
-0.81889
-0.80867
-0.79795
-0.78675
-0.77508
-0.76295
-0.75035
-0.73729
-0.72379
-0.70985
-0.69549
-0.6807
-0.6655
-0.6499
-0.6339
-0.61752
-0.60077
-0.58365
-0.56618
-0.54837
-0.53023
-0.51177
-0.493
-0.47393
-0.45457
-0.43494
-0.41504
-0.39489
-0.3745
-0.35389
-0.33306
-0.31204
-0.29082
-0.26943
-0.24787
-0.22617
-0.20432
-0.18236
-0.16028
-0.13811
-0.11585
-0.093522
-0.071135
-0.048711
-0.026252
-0.0037833
0.018693
0.041153
0.063594
0.08599
0.10834
0.13062
0.15283
0.17494
0.19695
0.21883
0.24059
0.26219
0.28365
0.30492
0.32602
0.34691
0.3676
0.38807
0.4083
0.42828
0.44801
0.46746
0.48663
0.50551
0.52408
0.54233
0.56026
0.57785
0.59509
0.61196
0.62847
0.6446
0.66034
0.67567
0.69061
0.70512
0.71921
0.73286
0.74607
0.75882
0.77112
0.78295
0.79431
0.80519
0.81558
0.82548
0.83488
0.84377
0.85215
0.86002
0.86737
0.87419
0.88049
0.88625
0.89147
0.89616
0.90031
0.90391
0.90696
0.90947
0.91142
0.91283
0.91368
0.91398
0.91373
0.91292
0.91156
0.90965
0.90719
0.90419
0.90063
0.89653
0.89189
0.88671
0.88099
0.87474
0.86796
0.86066
0.85284
0.8445
0.83564
0.82629
0.81643
0.80608
0.79524
0.78393
0.77213
0.75988
0.74716
0.73399
0.72037
0.70632
0.69184
0.67695
0.66164
0.64594
0.62984
0.61337
0.59652
0.57931
0.56175
0.54385
0.52562
0.50708
0.48823
0.46908
0.44965
0.42995
0.40998
0.38977
0.36932
0.34866
0.32777
0.3067
0.28543
0.26399
0.24239
0.22065
0.19877
0.17678
0.15467
0.13248
0.1102
0.087855
0.065455
0.043021
0.020555
-0.0019181
-0.024395
-0.046852
