0.816701276187995
0.826015318417863
0.312978272930005
0.317043641807371
0.320965464473965
0.324740501019649
0.328353704762855
0.331801985721537
0.906499735104954
0.911598659083335
0.910919396249879
0.914801309432618
0.918144895512961
0.920956819799649
0.923227149895198
0.924956784399356
0.931662307749878
0.931606589118549
0.930803604504047
0.930347723994788
0.929369404583276
0.927854558231870
0.925799507293022
0.923200877661599
0.921782579415598
0.918070252360295
0.913823781152105
0.908092392333301
0.902783693103440
0.897782934551091
0.892004780811308
0.885108554769419
0.817354105339398
0.609005724026343
0.704416192139250
0.890729474564791
0.878695844114953
0.867597450898753
0.856070223802424
0.844461612394611
0.832194633479529
0.819109562188478
0.807729348194610
0.795884804678849
0.781336593052159
0.767140437137670
0.752445423808985
0.737217007881153
0.721189013126002
0.704898220974611
0.689334576589460
0.673008807760008
0.655839547643549
0.638243080124766
0.619836766074077
0.602141820816925
0.584452621951763
0.565312181337703
0.520320358727955
0.412091658702822
0.413922440527915
0.484190699121361
0.491754093673664
0.469797114311596
0.447885747860514
0.425950440472955
0.403837160613974
0.381156103975893
0.359363489033698
0.337945698863742
0.315223185970490
0.292406917787167
0.269595750989762
0.246499515158666
0.223051139909805
0.199389642703767
0.176416246330446
0.153484142658823
0.130064488965576
0.106628918721740
0.0828794376400942
0.0595284438061669
0.0366238201715957
0.0129202515003741
-0.0200301474257343
-0.0759910148300026
-0.106957567348568
-0.0936859501081821
-0.0907334526614740
-0.111368109135211
-0.135288110714657
-0.158957263421034
-0.182392260294331
-0.205829575490062
-0.228727695523068
-0.250940442753522
-0.273316613190212
-0.295696413976610
-0.317738121556271
-0.339622516176233
-0.361415097461912
-0.383062851397244
-0.404098519501934
-0.424599330859454
-0.444999774267779
-0.465157957976818
-0.485091013273175
-0.504604881814477
-0.523470524972481
-0.542331424142071
-0.564291417010445
-0.594469792883926
-0.620166931544442
-0.625284825940611
-0.626350253915451
-0.638108446327288
-0.654498843117515
-0.670756960676782
-0.686497835572061
-0.701819576598020
-0.716569425693080
-0.730547813152233
-0.744082223931858
-0.757297374084766
-0.769993671149264
-0.782202769802382
-0.793994411627274
-0.805350152767644
-0.816060500045662
-0.826042737967795
-0.835539454481402
-0.844575696880237
-0.853106906488094
-0.861084020177922
-0.868365211447802
-0.875194205850655
-0.882670424560848
-0.893094443191658
-0.902868027752293
-0.904361875660322
-0.900550092663512
-0.899607744939360
-0.902332920836631
-0.905088731723794
-0.907263387079037
-0.908853148654964
-0.909840042189657
-0.910092403343313
-0.909716227378915
-0.908844971733719
-0.907421529166841
-0.905421325412672
-0.902896306741709
-0.899851022986618
-0.896208181895612
-0.891875727896081
-0.886967297691340
-0.881550331630243
-0.875608459436360
-0.869121262025238
-0.862034686269972
-0.854420369242879
-0.846744754493431
-0.839881025492992
-0.832978747230248
-0.822889395630401
-0.809315670994016
-0.795797996935196
-0.783930253522982
-0.772484033388579
-0.760620898736337
-0.748271189548980
-0.735439159608329
-0.722083039486832
-0.708219847486299
-0.693938644837573
-0.679248793008877
-0.664137023335438
-0.648630445238248
-0.632749214696719
-0.616469862680859
-0.599751032209339
-0.582626351376363
-0.565158873391885
-0.547361194897938
-0.529229816530560
-0.510750981744715
-0.491951308109595
-0.473022619457949
-0.454322796682973
-0.435703594444775
-0.415966110518342
-0.394486801498702
-0.372498760734258
-0.351187672435580
-0.330357267476316
-0.309470142813301
-0.288390152052548
-0.267120049566490
-0.245654928833521
-0.224000816515642
-0.202204806987713
-0.180296332822370
-0.158279469004926
-0.136170535184856
-0.113991114499054
-0.0917426373161111
-0.0694127217794205
-0.0470134873251094
-0.0245855763416658
-0.00215305602722375
0.0202764685355680
0.0427012320192018
0.0651053226007489
0.0874009466215947
0.109440201797804
0.131221917348072
0.153165430547783
0.175674922633105
0.198407010318576
0.220716388932330
0.242483173653599
0.263935928414412
0.285213958791343
0.306327730869699
0.327267756135058
0.348031750425236
0.368586659926057
0.388906921191756
0.409001234014682
0.428843020241193
0.448419064011760
0.467715599229384
0.486738274138770
0.505490740587756
0.523930483703345
0.542051676452586
0.559825841278290
0.577280277260416
0.594382533501448
0.611093397360484
0.627352936748512
0.643121130008333
0.658568803463729
0.673891685755980
0.689039039075551
0.703693875007415
0.717697128479055
0.731154749543543
0.744144498948306
0.756681424363798
0.768760371162718
0.780399170284024
0.791553439828367
0.802232632231561
0.812421906731408
0.822090250439485
0.831279576380879
0.839939315510737
0.848093521075441
0.855745260998651
0.862870469602287
0.869485438688108
0.875569118643592
0.881124369767660
0.886144363753990
0.890616155509639
0.894509988985478
0.897823264081049
0.900587461647642
0.902916965149976
0.904829515713688
0.906196134510929
0.906919793841631
0.907009922416458
0.906531879279821
0.905501876617516
0.903925239603971
0.901813751072389
0.899160800899492
0.895958849023146
0.892218668330277
0.887925167078346
0.883081341458272
0.877703782150941
0.871791675375377
0.865358574491255
0.858404530942663
0.850930719765418
0.842948755986858
0.834454625599281
0.825458445512698
0.815959756978658
0.805952390094659
0.795441491742901
0.784443487158172
0.773009999045127
0.761173396390361
0.748898196716548
0.736135482654714
0.722883492971808
0.709174660267431
0.695036023696463
0.680478662966803
0.665516273750384
0.650156748276267
0.634404822844717
0.618270988926041
0.601761395170821
0.584882057546885
0.567649717958739
0.550074330943234
0.532170311543910
0.513948368180003
0.495417729506796
0.476591369712309
0.457478851191977
0.438091718963366
0.418440786233067
0.398532614253920
0.378377353398594
0.357990760884320
0.337402247638952
0.316639781747631
0.295704966439879
0.274582867442958
0.253274494220835
0.231800035218819
0.210184074456946
0.188443061612659
0.166592333632337
0.144645259717002
0.122613475963414
0.100509321201219
0.0783455760743640
0.0561332498439400
0.0338876378277032
0.0116231026982585
-0.0106456451584696
-0.0329046550453062
-0.0551410501675717
-0.0773414856312329
-0.0994925564275078
-0.121581602271838
-0.143595317150489
-0.165522567749145
-0.187351505739156
-0.209067900709762
-0.230652143067460
-0.252083347005059
-0.273350003275314
-0.294451061812606
-0.315382320009930
-0.336130204562113
-0.356676581243632
-0.377005946224117
-0.397104845455309
-0.416960757399762
-0.436562285217720
-0.455898314119374
-0.474957537466873
-0.493729331480352
-0.512202212168551
-0.530364229763728
-0.548203972544033
-0.565710191162828
-0.582872573503210
-0.599680883144489
-0.616125100561113
-0.632195486112899
-0.647882621213898
-0.663177633362327
-0.678072308242929
-0.692557277312504
-0.706621570850333
-0.720252838339563
-0.733442406041461
-0.746186584559410
-0.758482880424092
-0.770324562767612
-0.781702470005120
-0.792607416604019
-0.803032235612767
-0.812970075368465
-0.822415399532989
-0.831362616003101
-0.839806907762284
-0.847743226556668
-0.855167231851310
-0.862073789827591
-0.868458797757812
-0.874317833418808
-0.879647747732008
-0.884445096794568
-0.888707449700486
-0.892431962534288
-0.895616929876272
-0.898260292199628
-0.900361317355419
-0.901918355542139
-0.902930043010457
-0.903393703622010
-0.903308765676788
-0.902676344289011
-0.901499816861498
-0.899780507563072
-0.897519234134067
-0.894715739450986
-0.891371599385071
-0.887488125356243
-0.883068210789324
-0.878114207760621
-0.872629816727719
-0.866618003059265
-0.860083041748047
-0.853028260233665
-0.845458306474574
-0.837377106822908
-0.828790067848688
-0.819701909294184
-0.810118738962742
-0.800045863108217
-0.789489997378567
-0.778457088867089
-0.766954555218529
-0.754988878004535
-0.742567542030490
-0.729696812689919
-0.716384524071239
-0.702638610153982
-0.688469080780367
-0.673884727264925
-0.658894803399940
-0.643507280324751
-0.627731591969052
-0.611576569524397
-0.595052499189340
-0.578168913906470
-0.560936650978470
-0.543365688893859
-0.525467233853043
-0.507251569602526
-0.488730142429566
-0.469913574429903
-0.450813713068528
-0.431441631979763
-0.411809567744141
-0.391928936025930
-0.371812263860335
-0.351471291627256
-0.330918856282489
-0.310166980034327
-0.289228551139443
-0.268115498648983
-0.246840733545798
-0.225416777223029
-0.203857469909854
-0.182175891786691
-0.160385607513053
-0.138499175643433
-0.116529952849005
-0.0944907304769097
-0.0723951492499697
-0.0502562473940706
-0.0280877846641045
-0.00590288526157068
0.0162847016940223
0.0384618632478400
0.0606149455541774
0.0827308727976377
0.104796039891290
0.126797357902515
0.148721275199564
0.170554750415245
0.192284360522232
0.213897152562870
0.235379845136407
0.256719601987799
0.277903396191208
0.298918692628182
0.319752798319958
0.340393256307166
0.360827299850967
0.381042441595785
0.401026294711196
0.420766930753548
0.440252495951050
0.459471340874935
0.478411854971112
0.497062602275859
0.515412290566431
0.533449794677729
0.551164224565557
0.568544831734847
0.585581182008076
0.602262934495089
0.618580105626597
0.634522744029373
0.650081317429012
0.665246294753565
0.680008639800522
0.694359276356193
0.708289680897550
0.721791249645682
0.734856019631465
0.747475945238741
0.759643681901357
0.771351678650738
0.782593034133446
0.793360596249637
0.803648055038368
0.813448941064651