-0.747546735678546
-0.734713079851764
-0.147967467723725
-0.145990152953038
-0.143839684347566
-0.141516932202613
-0.139009354838320
-0.136318744511411
-0.662672477130246
-0.646398996081300
-0.624500341055560
-0.607519754377178
-0.590185626099828
-0.572516069510944
-0.554514855653746
-0.536195141546234
-0.522242552535900
-0.502402407039765
-0.482095581898883
-0.462520025205321
-0.442685640080444
-0.422600837638304
-0.402279199374963
-0.381730630729073
-0.362549613483742
-0.341507863440894
-0.320281050189578
-0.298060032126703
-0.276554520203734
-0.255662973881882
-0.234374227064893
-0.212402032869605
-0.131648106546256
0.0805260656119618
-0.000798168121556800
-0.161962079270336
-0.136942793298225
-0.113398125009599
-0.0899056664457653
-0.0667854195277032
-0.0434660942134152
-0.0198348653627706
0.00183553490102365
0.0236147016455209
0.0473661085538485
0.0702237186802367
0.0930671137432265
0.115938282825402
0.139084450904194
0.161963693251680
0.183663870619047
0.205608442849537
0.227817324544510
0.249906444577087
0.272221989468344
0.293350702780083
0.313976973734352
0.335459000550247
0.381457780274109
0.487080880514641
0.484629235166932
0.418983273038874
0.412865261407634
0.433867482369014
0.454251642799278
0.474114301965882
0.493620740843634
0.513137883281229
0.531300758430946
0.548660893237060
0.566699952995434
0.584253757073194
0.601265826622556
0.618031926331402
0.634621215384288
0.650893878015856
0.665997195604404
0.680576975338818
0.695109733274044
0.709152705036313
0.722994476970307
0.735964830515208
0.748044864533844
0.760423633703144
0.781268947275422
0.823600474847270
0.840773929695161
0.815707083853151
0.800683836832819
0.807508181845725
0.816958818462793
0.825742326749773
0.833893874324576
0.841650436709603
0.848505740990783
0.854358428994196
0.859996170167872
0.865245508095406
0.869806129084423
0.873871460549628
0.877516834240376
0.880698366153500
0.882978383368623
0.884454556641653
0.885544041703237
0.886115369577999
0.886199961347053
0.885622280208672
0.884185379044497
0.882519860826129
0.883624772761495
0.892368596835782
0.896371261240378
0.880518022512117
0.860958160490144
0.851453631761600
0.846146686427978
0.840563559179736
0.834362661993955
0.827653690738497
0.820303799687633
0.812145410280304
0.803500401592917
0.794481881030688
0.784914523686153
0.774848701684717
0.764366572577351
0.753462517947014
0.741949919437507
0.729768723374892
0.717156706737313
0.704149098874953
0.690718238221818
0.676829857680432
0.662364817380798
0.647573324568147
0.633524135345284
0.622419282504448
0.610747526446024
0.591263910212907
0.566997200918088
0.545712581128187
0.528085439624201
0.510667771730350
0.492904217987001
0.474807815389353
0.456373450976957
0.437490220806145
0.418271895913750
0.398850032191007
0.379178188061712
0.359247982906139
0.339121147294567
0.318813366251172
0.298260269646187
0.277390205728211
0.256315258105313
0.235109205547927
0.213766786926971
0.192278863077973
0.170603413888693
0.148820949726429
0.127387551059853
0.107143521033791
0.0872553071945474
0.0647185092168472
0.0393221437272643
0.0144685018722832
-0.00836171029091753
-0.0303458289287795
-0.0522685153957340
-0.0741852817849747
-0.0960856401476386
-0.118002292639147
-0.139912815084715
-0.161728885492352
-0.183439480199754
-0.205051242046909
-0.226533047113052
-0.247861003201539
-0.269054305695324
-0.290147146990457
-0.311105312158978
-0.331867230954392
-0.352418389394425
-0.372759254161608
-0.392901157870987
-0.412815702259521
-0.432317633116375
-0.451064959193265
-0.469208863083480
-0.487900580173894
-0.507714768764547
-0.527457342545483
-0.546012882307580
-0.563582304816149
-0.580678196381424
-0.597428858892071
-0.613833058627283
-0.629897243691929
-0.645618032022232
-0.660953830279262
-0.675881395148601
-0.690400298851092
-0.704498397665786
-0.718158884256174
-0.731385130315037
-0.744193224896413
-0.756576714699076
-0.768502893782939
-0.779954833813454
-0.790930962123241
-0.801435852168447
-0.811460080108266
-0.820919023970829
-0.829687536284295
-0.837780108615011
-0.845603013995573
-0.853543861106032
-0.861273153799108
-0.868186286127112
-0.874193613344632
-0.879503658381566
-0.884264988215235
-0.888511130091402
-0.892214744870171
-0.895416329590656
-0.898080874254009
-0.900168569171796
-0.901742265299659
-0.902750038272052
-0.903216774346275
-0.903118633563812
-0.902478361478050
-0.901343185043017
-0.899627501636555
-0.897376383120757
-0.894549718762707
-0.891217476263756
-0.887345126727907
-0.882893697562956
-0.877822291237505
-0.872115265062095
-0.865964815181983
-0.859553474401568
-0.852832504479311
-0.845514811644159
-0.837468737071593
-0.828825122634551
-0.819652309576602
-0.809976498540933
-0.799807482100078
-0.789190751998455
-0.778075805781551
-0.766492654101843
-0.754437214204022
-0.741912322736390
-0.728963023554764
-0.715542749736951
-0.701690688794640
-0.687431091336759
-0.672741192479192
-0.657656556538219
-0.642169215927610
-0.626299298314507
-0.610047873634134
-0.593415725541667
-0.576378894849324
-0.558959122957205
-0.541206781904219
-0.523251556107259
-0.505099727550793
-0.486636859094437
-0.467790025324274
-0.448582155889369
-0.429086934187391
-0.409325967253814
-0.389316179424819
-0.369088428957964
-0.348640410645879
-0.327973185896619
-0.307112040272955
-0.286057485619656
-0.264827018878861
-0.243437592574235
-0.221895265319977
-0.200227010818216
-0.178440848639882
-0.156543294257065
-0.134560267606633
-0.112493963165167
-0.0903639816440771
-0.0681759370954387
-0.0459290831751901
-0.0236399150340115
-0.00133507058547250
0.0209245977766607
0.0431083350185897
0.0652484664606424
0.0873828021671105
0.109505384594452
0.131578914109010
0.153574525152876
0.175476772447742
0.197265267329410
0.218928340780272
0.240460018583599
0.261844548003161
0.283070871743305
0.304127157053282
0.324997366837338
0.345671555062316
0.366132871452097
0.386368347822574
0.406369546488108
0.426120733217808
0.445612128489577
0.464831400625245
0.483768861105473
0.502418856554854
0.520771573685252
0.538810061690338
0.556505680677121
0.573834027779256
0.590798669846854
0.607415076529749
0.623683787292292
0.639587145554824
0.655105603401458
0.670226591681190
0.684938565243430
0.699231638164579
0.713100319755786
0.726536510685869
0.739532210654822
0.752080261732249
0.764172277602882
0.775800947400708
0.786958630128794
0.797637225336988
0.807831893439868
0.817535846157611
0.826743398362809
0.835449188887817
0.843648705044546
0.851339023231643
0.858517310381304
0.865176824994255
0.871306997224466
0.876896314305794
0.881944716809992
0.886460354613066
0.890448718394858
0.893905698998862
0.896824545005127
0.899200324221620
0.901030812918263
0.902313767186805
0.903049813318801
0.903238857374873
0.902881252784138
0.901977093788700
0.900527252797265
0.898531964098662
0.895992747029563
0.892910091635105
0.889286679135495
0.885124431260465
0.880426242658249
0.875194678487762
0.869433668341803
0.863147053583006
0.856340078745497
0.849015782299316
0.841176423619960
0.832822622394058
0.823959912875300
0.814597781429268
0.804747095868117
0.794413951358186
0.783603012362157
0.772318413099822
0.760566713521365
0.748354060352102
0.735688625684526
0.722578012722025
0.709030848889022
0.695054892856865
0.680659178433371
0.665851761973221
0.650642066135833
0.635038530014948
0.619051149026443
0.602689233234986
0.585963214896804
0.568882746128451
0.551458826357104
0.533701803992999
0.515623395720579
0.497233954319528
0.478544067595213
0.459562898031201
0.440301873279362
0.420773832546495
0.400993488292167
0.380973266714045
0.360725029589214
0.340259509986635
0.319588954451796
0.298725157805007
0.277681195888543
0.256469588845992
0.235103729340007
0.213596179063302
0.191960381621084
0.170208985481620
0.148355477612351
0.126412607243774
0.104393974183712
0.0823126108950565
0.0601822524679872
0.0380159652799230
0.0158275396270661
-0.00636978927323073
-0.0285620926313798
-0.0507362042444694
-0.0728788252225945
-0.0949775617171501
-0.117019232924267
-0.138990231923354
-0.160875911115380
-0.182662555609655
-0.204336927888219
-0.225886634286822
-0.247298854883976
-0.268560991012399
-0.289660069251277
-0.310583390096270
-0.331318087327346
-0.351851701926343
-0.372171703948775
-0.392265909857673
-0.412122131074250
-0.431728468044022
-0.451073053626512
-0.470144207570608
-0.488930355127121
-0.507420136316162
-0.525602359891875
-0.543465962365871
-0.561000095071513
-0.578194072615602
-0.595037701930241
-0.611521042786062
-0.627634483999058
-0.643368062331640
-0.658711896822003
-0.673656164345328
-0.688191930948509
-0.702310481199901
-0.716003683301758
-0.729263207690379
-0.742081277341717
-0.754449916154265
-0.766361824380766
-0.777809546897556
-0.788786402979240
-0.799285509615842
-0.809300810152924
-0.818825997830789
-0.827855631481424
-0.836383953279098
-0.844406113998519
-0.851916936063264
-0.858912212898919
-0.865387353681408
-0.871338771981983
-0.876762483565559
-0.881655638935675
-0.886015030766264
-0.889838566778187
-0.893123528998206
-0.895868159240769
-0.898070154864546
-0.899728548285093
-0.900841982390464
-0.901410364717678
-0.901432982994641
-0.900910329405351
-0.899842251194744
-0.898229859261974
-0.896073631929301
-0.893375365495417
-0.890136200337723
-0.886358613974269
-0.882044398930880
-0.877196696740174
-0.871817928009077
-0.865911870288776
-0.859481566890308
-0.852531440752150
-0.845065156211194
-0.837087758436904
-0.828603521712029
-0.819618140146869
-0.810136559315870
-0.800165135970572
-0.789709371966077
-0.778776075537378
-0.767371199718993
-0.755502139021889
-0.743175542000121