-0.0691545405091943
-0.0913022385658385
-0.165010805206092
-0.171053488854121
-0.177125780126192
-0.183223568816833
-0.189344349924336
-0.195483241209931
-0.243827257974517
-0.265199663001915
-0.286419055194200
-0.307281555055328
-0.327959269413029
-0.348440750288412
-0.368712294241182
-0.388761642852856
-0.409419755213721
-0.429204182078534
-0.448708022604925
-0.467827698789235
-0.486683764502567
-0.505253720593292
-0.523520307917771
-0.541470246932238
-0.559232965931569
-0.576562388919099
-0.593542730962227
-0.610032360206300
-0.626229172899400
-0.642119960668901
-0.657630553746107
-0.672706521899504
-0.685705998792824
-0.689531789637975
-0.703618024017307
-0.728767395294022
-0.741753050816283
-0.754199325888703
-0.766164557356203
-0.777676192866507
-0.788728539265720
-0.799274696825250
-0.809564883095342
-0.819499506323983
-0.828702701605593
-0.837364155817493
-0.845512537551801
-0.853155290706148
-0.860273464029794
-0.866861914225912
-0.872998447208136
-0.878617250609181
-0.883656872187701
-0.888149524701472
-0.892058755542053
-0.895492523596642
-0.898429595685756
-0.900771181887598
-0.901778139001720
-0.899172539217125
-0.898551675694512
-0.903173972159903
-0.904619355080971
-0.903664596680292
-0.902137390659480
-0.900064742438528
-0.897457901457221
-0.894293987256725
-0.890664247464327
-0.886606592100505
-0.881923138965615
-0.876660674860058
-0.870861577612022
-0.864531441489778
-0.857672355293801
-0.850283520719325
-0.842413441934559
-0.834061117997361
-0.825174222239348
-0.815781623757798
-0.805873914610164
-0.795493274321139
-0.784668684705236
-0.773343885203315
-0.761238799849489
-0.747609460017080
-0.733816362346417
-0.722021133744802
-0.709950384171190
-0.696140072710375
-0.681670707748007
-0.666785063328621
-0.651501614030140
-0.635820861219443
-0.619778045467666
-0.603417986240642
-0.586679556977620
-0.569549094118763
-0.552068007528129
-0.534248944373380
-0.516101736778461
-0.497635514756263
-0.478879863866707
-0.459855225782227
-0.440544267435498
-0.420957411601230
-0.401108948073927
-0.381017398394252
-0.360714854072091
-0.340188436684146
-0.319333355751146
-0.297898803951963
-0.276204329696051
-0.255233196571632
-0.234607906574827
-0.213345185434452
-0.191647843310612
-0.169806598503115
-0.147864826422063
-0.125834114140656
-0.103734373994744
-0.0815975971282689
-0.0594181776612674
-0.0371845069461386
-0.0149208525371114
0.00735406811743324
0.0296278390496819
0.0518876348203816
0.0741105806078996
0.0962740145926392
0.118382747743820
0.140426598005006
0.162388668265991
0.184254162497201
0.206000394066703
0.227620881282199
0.249146289215253
0.270675160686894
0.292120501305949
0.313097965447090
0.333552891745095
0.353895163810838
0.374247481212090
0.394420959993101
0.414359169091689
0.434045333265262
0.453466591212348
0.472602182536812
0.491444331464807
0.509994939542348
0.528243341104765
0.546173342506166
0.563775159446774
0.581037656735076
0.597947912249052
0.614485522167497
0.630652039585652
0.646441126081941
0.661841672509012
0.676842398946888
0.691431272380901
0.705599419516073
0.719357203433201
0.732737504458825
0.745723440035327
0.758170886413180
0.769993527266378
0.781329495062541
0.792291963813530
0.802829862316990
0.812889414131705
0.822456471333592
0.831524799755607
0.840085332125622
0.848132662570659
0.855667530329572
0.862688273208282
0.869188265382002
0.875163492350959
0.880610217897922
0.885524168375852
0.889898179199469
0.893731663535018
0.897026104345958
0.899779584292050
0.901989070691860
0.903652139615401
0.904767010368821
0.905340252574033
0.905387755875953
0.904912457527976
0.903866690691965
0.902201570262984
0.899956103279482
0.897200554742909
0.893939572292219
0.890148339194486
0.885819010944389
0.880953108193551
0.875552172525233
0.869618848537665
0.863158637266773
0.856177727970778
0.848679767855833
0.840668932850466
0.832149998755060
0.823127767630989
0.813605946675682
0.803590202024043
0.793088470124470
0.782107889840551
0.770654493587555
0.758734620149136
0.746354757507416
0.733518077349142
0.720247334486407
0.706558191266865
0.692437583447726
0.677868938472871
0.662866143480486
0.647469897194745
0.631710439691003
0.615567729967134
0.599051029423883
0.582183399221701
0.564946988735121
0.547384579165437
0.529494214327976
0.511261647980074
0.492741031285019
0.473907018030911
0.454797710334576
0.435403034334499
0.415740087339358
0.395852444455349
0.375697017933306
0.355324706668276
0.334723877484529
0.313937199003463
0.292962593226591
0.271800300202613
0.250469354489141
0.228994135053917
0.207396011718418
0.185661788645760
0.163793465403939
0.141820936636932
0.119771608592734
0.0976703730912105
0.0755078106285060
0.0532950741773526
0.0310471109375832
0.00879158171466215
-0.0134776340465776
-0.0357399781294741
-0.0579846925271347
-0.0801779277028382
-0.102316552825851
-0.124396565773517
-0.146402832280526
-0.168314169661610
-0.190129277122807
-0.211828882149596
-0.233399902715683
-0.254825071452849
-0.276096490119548
-0.297200429967660
-0.318131094135838
-0.338864141123523
-0.359380679743098
-0.379665409042389
-0.399729788162563
-0.419559275416157
-0.439129768517018
-0.458427766526747
-0.477444945092085
-0.496175909363353
-0.514609060178811
-0.532725322114081
-0.550520390253278
-0.567985663126189
-0.585106628056994
-0.601867681458360
-0.618254322579091
-0.634266189576397
-0.649896410055100
-0.665131563672750
-0.679963682302503
-0.694387425508086
-0.708388488379969
-0.721960662433871
-0.735094463868391
-0.747783819883001
-0.760023306919263
-0.771801576708698
-0.783108416572521
-0.793934596821625
-0.804281731408792
-0.814146663177044
-0.823518284821683
-0.832388877566132
-0.840753574376316
-0.848610548849230
-0.855955435414440
-0.862781541079691
-0.869085089056440
-0.874864841428219
-0.880115536929108
-0.884832266914035
-0.889009214600079
-0.892647084795993
-0.895745886005470
-0.898303182995930
-0.900316716002503
-0.901787275994834
-0.902712102930050
-0.903090979681490
-0.902923119588554
-0.902209647338486
-0.900951470808726
-0.899148927083802
-0.896800822574619
-0.893907928316037
-0.890473809526858
-0.886503636286710
-0.881997943972690
-0.876958281513115
-0.871387180773637
-0.865289677858404
-0.858669653293853
-0.851530898875778
-0.843876897881597
-0.835713795719221
-0.827045831887114
-0.817877786729217
-0.808213511576224
-0.798059915430626
-0.787424050099010
-0.776312984970374
-0.764732570291733
-0.752690843272353
-0.740194360526438
-0.727250841935365
-0.713867586616046
-0.700053387894126
-0.685816455482570
-0.671165804642222
-0.656108924284568
-0.640654854157085
-0.624812967300815
-0.608594713534762
-0.592009292800545
-0.575066398385017
-0.557775494436839
-0.540147963761589
-0.522194377997598
-0.503925967463051
-0.485353009787144
-0.466487528101184
-0.447340543255603
-0.427923715317370
-0.408247762308456
-0.388325040628824
-0.368167734335046
-0.347788774485645
-0.327199900472394
-0.306414105632405
-0.285443548116096
-0.264301142097251
-0.242999192374980
-0.221551047128017
-0.199969420220788
-0.178267770502673
-0.156458504986915
-0.134554852769727
-0.112569784054591
-0.0905175068339345
-0.0684111968699508
-0.0462642154441169
-0.0240893885906663
-0.00190054235712780
0.0202890035041057
0.0424655220913091
0.0646160150162711
0.0867267738483694
0.108784603280981
0.130776058873164
0.152688333699705
0.174508053417830
0.196222027854258
0.217816731621858
0.239279303403728
0.260596598705422
0.281755863559429
0.302744234803520
0.323549216405667
0.344158103518989
0.364558488206441
0.384737921634644
0.404684401222408
0.424385975415034
0.443830805590593
0.463006892397203
0.481902511742285
0.500506328569094
0.518807240848793
0.536794204544623
0.554456229464126
0.571782644933057
0.588762967551024
0.605387014900576
0.621644618914432
0.637526087387521
0.653021823995782
0.668122660126789
0.682819274751880
0.697102828862068
0.710964499578988
0.724396093664839
0.737389298399001
0.749936486494637
0.762029897828188
0.773662457751404
0.784826878140235
0.795516647849834
0.805725082248931
0.815446367253011
0.824674374406997
0.833403756995431
0.841628842077262
0.849344991895672
0.856547282874505
0.863231731288084
0.869393914611497
0.875030446852953
0.880137560536721
0.884712568440541
0.888752304002667
0.892254738305742
0.895217390820130
0.897638937801746
0.899517479460128
0.900852273503747
0.901642042473857
0.901886766694974
0.901585839550308
0.900739922871205
0.899349072342039
0.897414623752161
0.894937253993082
0.891918951353962
0.888361052649895
0.884266253069653
0.879636541435021
0.874475217544835
0.868784839554652
0.862569366731844
0.855832056132010
0.848577538461558
0.840809656843335
0.832533636150768
0.823753938167298
0.814476426591698
0.804706163548352
0.794449609044891
0.783712432159150
0.772501701285243
0.760823646368030
0.748685864598776
0.736095125033184
0.723059591590169
0.709586595376619
0.695684838798994
0.681362185648059
0.666627852376731
0.651490201118585
0.635958926845624
0.620042881577811
0.603752242744520
0.587096338138137
0.570085768458287
0.552730272691101
0.535040859389866
0.517027713268826
0.498702253573965
0.480075051636987
0.461157868766701
0.441961642119782
0.422498474434318
0.402779648918966
0.382817568695627
0.362623837251660
0.342211140929949
0.321591368602967
0.300777431966286
0.279781464435888
0.258616591113669
0.237295183979790
0.215830552859847
0.194235272136823
0.172522800951704
0.150705879855076
0.128798077539426
0.106812272066418
0.0847621205154737
0.0626606140771972
0.0405214540692834
0.0183576933154066
-0.00381695859600054
-0.0259893965305762
-0.0481459160164080
-0.0702733990644587