0.81653
0.82583
0.83465
0.84298
0.85081
0.85779
0.86467
0.87075
0.8765
0.88183
0.88643
0.89056
0.89435
0.89743
0.89986
0.90205
0.90358
0.90424
0.90472
0.90439
0.90361
0.90224
0.90046
0.89817
0.8952
0.89177
0.8879
0.88332
0.87824
0.87274
0.86651
0.85976
0.85254
0.84481
0.83657
0.82786
0.81865
0.80896
0.7988
0.78817
0.77704
0.76546
0.75341
0.74086
0.72784
0.71437
0.70048
0.68617
0.67148
0.65641
0.64093
0.62507
0.60885
0.59224
0.57526
0.55794
0.54026
0.52223
0.50389
0.48525
0.46633
0.44713
0.42767
0.40796
0.388
0.36782
0.34741
0.32679
0.30597
0.28495
0.26375
0.24238
0.22087
0.19922
0.17747
0.15562
0.13368
0.11166
0.089567
0.067423
0.045233
0.023011
0.00076939
-0.02148
-0.043721
-0.065933
-0.088102
-0.11021
-0.13226
-0.15421
-0.17608
-0.19783
-0.21947
-0.24097
-0.26233
-0.28354
-0.30458
-0.32544
-0.34611
-0.36656
-0.38679
-0.40678
-0.42653
-0.44601
-0.46522
-0.48416
-0.5028
-0.52115
-0.53918
-0.55688
-0.57426
-0.59128
-0.60795
-0.62425
-0.64017
-0.6557
-0.67083
-0.68556
-0.69987
-0.71376
-0.72722
-0.74024
-0.75282
-0.76495
-0.77661
-0.7878
-0.79852
-0.80875
-0.81849
-0.82771
-0.83646
-0.49517
-1.3004
-1.2884
-1.2762
-1.2651
-1.4176
-1.2203
-1.0487
-1.2009
-0.80444
-0.76065
-0.77062
-0.92383
-0.77111
-0.97619
-1.1393
-1.0736
-1.1787
-1.2396
-1.1949
-0.966
-0.95225
-0.64224
-0.50482
-0.53031
-0.59663
-0.53656
-0.47831
-0.57282
-0.53555
-0.73593
-0.84736
-0.86902
-0.80829
-0.79947
-0.81773
-0.7049
-0.68098
-0.57389
-0.5248
-0.52878
-0.58441
-0.62749
-0.63225
-0.68222
-0.64777
-0.685
-0.65743
-0.64688
-0.58111
-0.52195
-0.45085
-0.3738
-0.37379
-0.30863
-0.30925
-0.25997
-0.2712
-0.27246
-0.32851
-0.35065
-0.32824
-0.34189
-0.29313
-0.28309
-0.22746
-0.19653
-0.10951
-0.076782
-0.070952
-0.046167
-0.054089
-0.048569
-0.055076
-0.035163
-0.073588
-0.069898
-0.047513
-0.023008
0.022864
0.084814
0.14092
0.16227
0.22454
0.24838
0.25633
0.26173
0.25907
0.23459
0.22486
0.25038
0.24404
0.26117
0.29577
0.33267
0.36156
0.41079
0.44773
0.44842
0.46912
0.47781
0.47107
0.46296
0.47133
0.46322
0.46134
0.49281
0.51448
0.54065
0.5762
0.6121
0.62455
0.64998
0.67269
0.67019
0.67117
0.67253
0.66877
0.66212
0.67663
0.68111
0.68435
0.70365
0.72492
0.74109
0.75821
0.77806
0.77818
0.78223
0.78728
0.78366
0.77514
0.77336
0.77109
0.76531
0.7732
0.77963
0.78531
0.79368
0.80689
0.81256
0.81756
0.82404
0.81976
0.81331
0.80566
0.79815
0.78648
0.78036
0.77454
0.76783
0.76735
0.76883
0.77047
0.76949
0.76952
0.76391
0.75698
0.74878
0.73625
0.72151
0.70613
0.69241
0.67823
0.66873
0.6596
0.65177
0.64584
0.64019
0.63346
0.62458
0.61437
0.59907
0.58308
0.56549
0.54679
0.52809
0.51061
0.4939
0.47784
0.46547
0.45268
0.44032
0.42769
0.41407
0.39793
0.38099
0.36305
0.34159
0.32033
0.29896
0.27783
0.25731
0.23942
0.22154
0.20391
0.18844
0.17234
0.15547
0.13804
0.12005
0.099232
0.078358
0.057462
0.035117
0.01309
-0.0078781
-0.028396
-0.048706
-0.066493
-0.0842
-0.10219
-0.11943
-0.13683
-0.15553
-0.17466
-0.19366
-0.21455
-0.23797
-0.25855
-0.27423
-0.28947
-0.30455
-0.31938
-0.33396
-0.34861
-0.36337
-0.37813
-0.393
-0.40808
-0.4231
-0.43804
-0.45286
-0.46738
-0.48156
-0.49536
-0.50851
-0.52121
-0.53377
-0.5474
-0.56121
-0.5748
-0.58795
-0.60069
-0.61381
-0.62728
-0.64037
-0.65286
-0.66484
-0.67632
-0.68728
-0.69748
-0.7064
-0.71504
-0.72358
-0.73204
-0.74019
-0.74822
-0.75597
-0.76286
-0.76842
-0.77352
-0.7782
-0.78237
-0.78614
-0.79001
-0.79384
-0.79727
-0.80018
-0.80262
-0.8049
-0.80715
-0.80897
-0.81019
-0.81085
-0.81095
-0.81041
-0.80936
-0.80785
-0.80589
-0.80347
-0.80064
-0.79738
-0.79358
-0.78926
-0.78444
-0.77909
-0.77322
-0.76683
-0.75988
-0.7524
-0.74456
-0.73631
-0.72762
-0.71848
-0.70886
-0.69887
-0.68866
-0.67808
-0.66694
-0.65514
-0.64286
-0.63013
-0.61696
-0.60339
-0.58943
-0.57508
-0.56038
-0.54531
-0.52987
-0.51408
-0.49793
-0.48142
-0.46455
-0.44734
-0.42978
-0.41187
-0.39371
-0.37538
-0.35682
-0.33799
-0.31889
-0.29956
-0.28009
-0.26043
-0.24054
-0.22042
-0.20009
-0.17956
-0.15886
-0.13801
-0.11702
-0.095893
-0.074671
-0.053382
-0.032029
-0.010617
0.010834
0.032322
0.053843
0.075399
0.096961
0.11851
0.14
0.16138
0.18265
0.20384
0.22495
0.24595
0.2668
0.28747
0.30799
0.32838
0.3486
0.36865
0.3885
0.40815
0.42758
0.44676
0.46567
0.48432
0.50268
0.52074
0.53851
0.55596
0.57309
0.58988
0.60632
0.62241
0.63813
0.65344
0.66833
0.68282
0.6969
0.71055
0.72377
0.73652
0.74881
0.76066
0.77206
0.78299
