-0.7475
-0.73465
-0.72137
-0.70767
-0.69356
-0.67868
-0.66384
-0.64832
-0.63259
-0.61659
-0.60001
-0.58312
-0.56605
-0.54849
-0.53051
-0.51245
-0.49399
-0.47503
-0.45604
-0.43672
-0.41712
-0.39719
-0.37713
-0.35685
-0.33623
-0.31547
-0.2946
-0.2734
-0.25207
-0.2307
-0.20906
-0.18728
-0.16544
-0.14351
-0.12148
-0.099389
-0.077231
-0.055024
-0.032799
-0.010557
0.011703
0.033947
0.056167
0.078372
0.10053
0.1226
0.1446
0.16653
0.18835
0.21004
0.23163
0.25307
0.27436
0.29548
0.31643
0.33719
0.35775
0.3781
0.39823
0.4181
0.43771
0.45707
0.47614
0.49493
0.51342
0.53159
0.54944
0.56696
0.58414
0.60097
0.61743
0.63352
0.64922
0.66453
0.67944
0.69394
0.70802
0.72167
0.73489
0.74766
0.75999
0.77185
0.78325
0.79418
0.80463
0.81459
0.82405
0.83302
0.84148
0.84943
0.85687
0.86379
0.87019
0.87606
0.8814
0.88621
0.89048
0.89422
0.89741
0.90006
0.90216
0.90373
0.90474
0.90521
0.90513
0.9045
0.90333
0.90161
0.89935
0.89654
0.89319
0.88931
0.88488
0.87992
0.87442
0.8684
0.86185
0.85478
0.84719
0.83909
0.83048
0.82137
0.81176
0.80166
0.79108
0.78002
0.76849
0.75649
0.74404
0.73112
0.71779
0.0049259
-0.78003
-0.74884
-0.71789
-0.68293
-0.33209
-0.13767
0.10342
0.4095
0.7629
0.62156
0.50362
0.3106
-0.021785
-0.23858
-0.39317
-0.45127
-0.52244
-0.33197
-0.16573
0.060741
0.04815
0.35186
0.39734
0.33013
0.22947
0.046469
-0.0072326
-0.060336
-0.12633
-0.31997
-0.26644
-0.076161
-0.012442
0.012662
0.021452
0.046804
-0.0071253
0.054374
0.019502
-0.0034613
-0.039475
0.033676
0.014104
-0.0027967
0.0059501
-0.059838
-0.10073
-0.12597
-0.11768
-0.15532
-0.088992
-0.034012
0.005204
0.074397
0.096057
0.12068
0.11192
0.079476
-0.030507
-0.1039
-0.12978
-0.17264
-0.20089
-0.18646
-0.12675
-0.063883
0.032047
0.10492
0.13113
0.13024
0.10253
0.035701
-0.04045
-0.1094
-0.18361
-0.2084
-0.18747
-0.14713
-0.093092
-0.011488
0.052183
0.075847
0.10433
0.092855
0.050251
0.0016934
-0.053872
-0.11303
-0.14787
-0.13884
-0.13018
-0.10346
-0.060097
-0.012601
0.023027
0.048786
0.053956
0.031305
0.012237
-0.017898
-0.051998
-0.077996
-0.083179
-0.092148
-0.087058
-0.061317
-0.042534
-0.025468
-0.0053529
0.0076398
0.0047773
0.0076689
0.0056808
-0.0094273
-0.018773
-0.030051
-0.041623
-0.049172
-0.044066
-0.046046
-0.046075
-0.035988
-0.026623
-0.017384
-0.0053264
0.0043722
0.0032054
0.0088103
0.010034
1.2507e-005
-0.011085
-0.019174
-0.031463
-0.041494
-0.039717
-0.038119
-0.031717
-0.017235
-0.0022848
0.008468
0.019868
0.027237
0.023101
0.017363
0.0072216
-0.0067755
-0.019072
-0.024823
-0.029184
-0.029475
-0.019191
-0.0068917
0.0061692
0.019058
0.029183
0.031137
0.030649
0.026601
0.015582
0.0042099
-0.0047704
-0.011137
-0.014284
-0.009796
-0.0034526
0.0047314
0.015425
0.024988
0.030863
0.033919
0.034235
0.028912
0.022974
0.016871
0.010333
0.0055995
0.0046911
0.0058708
0.0084881
0.014806
0.0212
0.026661
0.031148
0.034067
0.033848
0.032539
0.030529
0.026171
0.02218
0.019338
0.017371
0.016397
0.01787
0.01995
0.022402
0.026398
0.030004
0.032627
0.034458
0.035468
0.034147
0.032255
0.03006
0.026856
0.023953
0.022128
0.021118
0.020923
0.022801
0.025233
0.027747
0.030681
0.033123
0.034226
0.034368
0.033601
0.030957
0.033052
0.039658
0.050069
0.059428
0.068316
0.076481
0.083781
0.090836
0.097746
0.10449
0.11131
0.11843
0.12527
0.13201
0.13875
0.14495
0.15053
0.1557
0.16039
0.16412
0.16748
0.17295
0.17869
0.18387
0.18835
0.19248
0.19794
0.20435
0.21015
0.215
0.21913
0.22264
0.22541
0.22796
0.23104
0.23363
0.2356
0.23723
0.23841
0.23883
0.23877
0.23852
0.23844
0.23771
0.23622
0.23386
0.23086
0.22817
0.2256
0.2225
0.21873
0.21431
0.20988
0.20572
0.20112
0.19573
0.18961
0.18288
0.17558
0.16769
0.15932
0.15048
0.14121
0.13161
0.12165
0.11131
0.10064
0.089563
0.078015
0.066029
0.05362
0.040736
0.027459
0.014208
0.0012508
-0.011921
-0.025484
-0.039421
-0.053463
-0.067389
-0.081433
-0.09576
-0.11029
-0.12508
-0.14015
-0.15546
-0.17094
-0.18656
-0.20228
-0.21806
-0.23385
-0.24971
-0.26561
-0.28154
-0.29753
-0.31354
-0.32957
-0.34562
-0.36164
-0.37749
-0.39303
-0.40839
-0.42366
-0.43884
-0.45384
-0.46849
-0.48285
-0.49706
-0.51115
-0.52508
-0.53883
-0.55237
-0.56567
-0.57869
-0.59141
-0.6038
-0.61586
-0.62761
-0.63902
-0.65009
-0.66083
-0.67121
-0.6812
-0.69084
-0.7001
-0.70894
-0.71726
-0.72509
-0.73249
-0.73948
-0.74601
-0.75202
-0.7575
-0.76252
-0.76711
-0.77126
-0.77495
-0.77817
-0.78091
-0.78315
-0.78489
-0.78612
-0.78682
-0.78701
-0.78669
-0.78585
-0.78449
-0.78263
-0.78026
-0.77738
-0.774
-0.77009
-0.76563
-0.76061
-0.75507
-0.74902
-0.74248
-0.73541
-0.7278
-0.7197
-0.71112
-0.70208
-0.69257
