-0.069028
-0.091182
-0.11328
-0.13531
-0.15725
-0.1791
-0.20083
-0.22243
-0.24391
-0.26524
-0.28642
-0.30744
-0.32831
-0.34894
-0.36935
-0.3896
-0.40958
-0.42921
-0.44868
-0.46767
-0.48649
-0.50505
-0.52334
-0.54131
-0.55897
-0.57631
-0.59331
-0.60991
-0.62617
-0.64204
-0.65746
-0.67248
-0.6871
-0.7013
-0.71509
-0.72847
-0.74142
-0.75393
-0.766
-0.77761
-0.78875
-0.79941
-0.80958
-0.81923
-0.82836
-0.83697
-0.84508
-0.8527
-0.85983
-0.86645
-0.87256
-0.87814
-0.8832
-0.88772
-0.8917
-0.89513
-0.89801
-0.90034
-0.90211
-0.90335
-0.90404
-0.9042
-0.90381
-0.90289
-0.90142
-0.89941
-0.89685
-0.89376
-0.89011
-0.88592
-0.88118
-0.8759
-0.87009
-0.86376
-0.85691
-0.84956
-0.8417
-0.83333
-0.82446
-0.81509
-0.80522
-0.79486
-0.78402
-0.7727
-0.76091
-0.74865
-0.73595
-0.7228
-0.70922
-0.69522
-0.68079
-0.66596
-0.65072
-0.63509
-0.61907
-0.60267
-0.5859
-0.56877
-0.5513
-0.5335
-0.51537
-0.49694
-0.47821
-0.4592
-0.4399
-0.42034
-0.40053
-0.38046
-0.36017
-0.33966
-0.31894
-0.29802
-0.27693
-0.25567
-0.23425
-0.2127
-0.19101
-0.16922
-0.14732
-0.12533
-0.10326
-0.081125
-0.058941
-0.036719
-0.014474
0.0077801
0.030028
0.052256
0.074451
0.09659
0.11867
0.49024
-0.28528
-0.24429
-0.20369
-0.16476
-0.29015
-0.066438
0.13093
0.0036219
0.42444
0.49178
0.50454
0.37331
0.54727
0.36261
0.21914
0.30355
0.21646
0.17256
0.23357
0.47788
0.50614
0.82974
0.97991
0.96622
0.91079
0.98087
1.0482
0.96184
1.0063
0.81226
0.7062
0.68897
0.75319
0.76454
0.74785
0.86133
0.88492
0.99072
1.0376
1.0305
0.97077
0.92264
0.9119
0.85501
0.88162
0.83563
0.85351
0.85344
0.9077
0.95444
1.0122
1.0751
1.06
1.1092
1.0918
1.1235
1.0938
1.0732
0.99706
0.95401
0.95471
0.91859
0.94411
0.93016
0.96107
0.96657
1.0275
1.0334
1.0117
1.0083
0.97162
0.94774
0.91123
0.90055
0.83097
0.80296
0.79311
0.78488
0.79754
0.8258
0.84777
0.83456
0.86187
0.85036
0.82261
0.79196
0.75292
0.69176
0.64507
0.6334
0.58962
0.56912
0.56591
0.5648
0.55557
0.56654
0.56513
0.5274
0.50962
0.47979
0.43454
0.38794
0.35785
0.31137
0.27127
0.26462
0.24829
0.23659
0.23447
0.23287
0.20809
0.19651
0.18249
0.14356
0.10842
0.074013
0.034851
-0.006787
-0.026858
-0.056538
-0.087034
-0.10104
-0.11257
-0.12871
-0.14336
-0.15476
-0.18532
-0.21136
-0.23579
-0.26831
-0.30505
-0.33437
-0.36349
-0.39552
-0.41317
-0.43156
-0.44996
-0.46493
-0.47427
-0.49043
-0.50644
-0.52018
-0.54386
-0.56886
-0.59426
-0.61863
-0.64633
-0.66766
-0.68777
-0.7079
-0.72093
-0.73106
-0.74014
-0.75094
-0.7598
-0.77338
-0.78734
-0.80164
-0.81932
-0.83828
-0.85695
-0.87302
-0.88859
-0.89854
-0.90715
-0.91355
-0.91708
-0.91939
-0.92184
-0.92549
-0.92954
-0.93775
-0.94569
-0.95436
-0.96319
-0.9711
-0.97691
-0.98102
-0.98361
-0.98162
-0.97918
-0.97545
-0.97111
-0.96692
-0.96442
-0.96189
-0.95956
-0.95995
-0.95936
-0.95809
-0.95582
-0.95219
-0.94521
-0.9375
-0.92884
-0.91734
-0.90578
-0.89436
-0.88284
-0.87129
-0.86196
-0.85209
-0.8417
-0.8322
-0.82186
-0.80996
-0.79713
-0.78362
-0.76714
-0.75015
-0.73304
-0.71481
-0.69638
-0.6789
-0.66154
-0.64377
-0.6276
-0.61372
-0.59677
-0.5747
-0.55203
-0.52903
-0.50563
-0.48188
-0.4581
-0.43438
-0.4106
-0.38692
-0.36348
-0.34001
-0.31652
-0.29295
-0.26916
-0.24517
-0.22093
-0.1962
-0.17121
-0.14629
-0.12268
-0.099497
-0.076384
-0.053137
-0.02979
-0.0071895
0.014703
0.0366
0.058681
0.080852
0.10307
0.12533
0.14787
0.17116
0.19422
0.21682
0.23893
0.26075
0.28208
0.30307
0.3243
0.3462
0.36789
0.38931
0.41053
0.43143
0.4515
0.47085
0.48984
0.50857
0.52698
0.54473
0.56171
0.5783
0.59463
0.61069
0.62645
0.64197
0.65713
0.67186
0.68615
0.69999
0.71332
0.72618
0.73864
0.75071
0.76235
0.77358
0.78439
0.79479
0.8048
0.81439
0.8234
0.83187
0.83982
0.84729
0.85428
0.86069
0.86639
0.87151
0.87626
0.88073
0.88475
0.88831
0.89138
0.89394
0.89599
0.89752
0.89852
0.899
0.89897
0.89844
0.8974
0.89589
0.89391
0.89144
0.88852
0.88514
0.88124
0.87673
0.87168
0.86618
0.86021
0.85375
0.84675
0.83924
0.83131
0.82295
0.81418
0.80498
0.79537
0.78533
0.77487
0.76401
0.75272
0.741
0.72886
0.71632
0.70338
0.69005
0.67637
0.66234
0.64796
0.63323
0.61814
0.60265
0.58678
0.57059
0.55409
0.53729
0.52015
0.50268
0.48494
0.46695
0.44872
0.43025
0.41155
0.39263
0.37349
0.35415
0.33459
0.31485
0.29491
0.27482
0.25456
0.23417
0.21365
0.19301
0.17227
0.15143
0.1305
0.10947
0.088351
0.067182
0.045976
0.024742
0.0034759
-0.017815
-0.039103
-0.060364
-0.081584
-0.10275
