0.816284655838964
0.825630595918867
0.312598122738636
0.316661615373038
0.320581752992816
0.324355298389662
0.882240673799300
0.883843360873827
0.889482079273769
0.894583146727242
0.899153280569274
0.907950229965223
0.910782508286404
0.912824389556782
0.915232892193324
0.917123229183698
0.920118699121618
0.920886404639384
0.921082064359583
0.920762563119202
0.919886263895927
0.918472743213955
0.916532204189002
0.914028665160558
0.910986563054603
0.908048380695333
0.903885242048962
0.899216694455244
0.894004448775002
0.888265099019389
0.882011618305126
0.875211728252373
0.876367889068403
0.875997980883636
0.865954011009794
0.856748369879123
0.847144334816356
0.838670903955120
0.828418273389332
0.816610030715890
0.804926710304096
0.792820563026010
0.780644130374910
0.768067827897771
0.754561294364366
0.740624880127516
0.726245858710122
0.711463669158298
0.696301917527274
0.680722589677294
0.664796801266473
0.648719159495680
0.632013228819051
0.614912922838050
0.597459798434370
0.579656489897478
0.561528969108628
0.543120007944145
0.526752616242490
0.512825787230946
0.493083816551724
0.472915256330656
0.452728713832176
0.432768816271802
0.412555911116320
0.391382203494513
0.370078792423847
0.348715232129083
0.327276423487753
0.305787218002085
0.283937333294098
0.261864655255214
0.239658736909589
0.217335298245843
0.194924596829116
0.172421905709761
0.149847426847586
0.127295027239818
0.104641949076472
0.0818746711663066
0.0590839637094241
0.0362696108145366
0.0134563794253775
-0.00929450824965055
-0.0312545703797695
-0.0518618451625301
-0.0738841802469848
-0.0969135738011449
-0.119714440582778
-0.142238385459622
-0.164559920617092
-0.187031149852207
-0.209466200971106
-0.231668365077580
-0.253652084263630
-0.275397241045388
-0.297000260793983
-0.318472243123059
-0.339737356713497
-0.360773354079851
-0.381559448273321
-0.402087977480339
-0.422350323607989
-0.442305055149603
-0.461970353428063
-0.481380498776192
-0.500489041087795
-0.519281186593608
-0.537742796415935
-0.555834964874995
-0.573307964183289
-0.589877040223743
-0.606327163576331
-0.623091801617921
-0.639549640079554
-0.655514681353121
-0.671002000259696
-0.686143649439811
-0.700939732154982
-0.715275702266184
-0.729126271383650
-0.742491309495757
-0.755393837095231
-0.767861414045314
-0.779862514520669
-0.791377236713537
-0.802392538324628
-0.812904578950640
-0.822903937123248
-0.832376069566036
-0.841333357328158
-0.849788978589024
-0.857728739687008
-0.865151353459319
-0.872021729074245
-0.878351825010516
-0.884044508360135
-0.888976415951011
-0.893354002553038
-0.897486781836186
-0.901214233117391
-0.904364795987574
-0.906909265357207
-0.908917461590429
-0.910413258152312
-0.911353555334456
-0.911716939011466
-0.911502846235110
-0.910726968347000
-0.909411009013477
-0.907535644328648
-0.905110623565392
-0.902131142659364
-0.898593381854256
-0.894514328235567
-0.889857359332236
-0.884661768042832
-0.878937494864037
-0.872686486609802
-0.865905448472755
-0.858597778895719
-0.850756467100156
-0.842366008339972
-0.833374663466748
-0.823840884541757
-0.813913370131764
-0.803598167764708
-0.792803778791806
-0.781506466785827
-0.769730000028000
-0.757506254815523
-0.744828904343811
-0.731692951941641
-0.718101181103091
-0.704070083562008
-0.689615251237521
-0.674745951286123
-0.659466811274474
-0.643789042354574
-0.627716886818852
-0.611265659620591
-0.594435376780477
-0.577239935720011
-0.559700462906484
-0.541828590937703
-0.523629921998983
-0.505116699081776
-0.486292875538320
-0.467164004201326
-0.447717628391825
-0.427976961940893
-0.408009982278113
-0.387855279862082
-0.367485946603143
-0.346888974228868
-0.326076491384960
-0.305074864622050
-0.283894393420803
-0.262542206093041
-0.241026071326326
-0.219362652367491
-0.197567578753646
-0.175657025380292
-0.153641104529181
-0.131534312493276
-0.109347426390177
-0.0870956167695207
-0.0647896748788433
-0.0424428397993437
-0.0200729222765231
0.00230400248684195
0.0246766228969359
0.0470316653534510
0.0693579592387734
0.0916384354361120
0.113876145001263
0.136062765576942
0.158157811711523
0.180129207951288
0.201972937920333
0.223692702165072
0.245279793785946
0.266714278866299
0.287983871056682
0.309078585775436
0.329983221630583
0.350694833914045
0.371183010402655
0.391440221208037
0.411466749095587
0.431245372915092
0.450765808769522
0.470007449532583
0.488964563367859
0.507622167509804
0.525988706240392
0.544020699591425
0.561716218297612
0.579079924181521
0.596091443435647
0.612731594503874
0.629009153503874
0.644903459227147
0.660429952766298
0.675532531231199
0.690203648498580
0.704466060833207
0.718307283983090
0.731697770448786
0.744666998507241
0.757160432354333
0.769215082062511
0.780796238804490
0.791887832562823
0.802513785627694
0.812649221296852
0.822273973048988
0.831404653100452
0.840028309895343
0.848134693615098
0.855734201557820
0.862801777346226
0.869364129281251
0.875391551516967
0.880883965463313
0.885856192945482
0.890288017277362
0.894172914242530
0.897529570576505
0.900326003959203
0.902589527736799
0.904295752292685
0.905448967636594
0.906054162373085
0.906110472619167
0.905616216049899
0.904583350242312
0.903000385831278
0.900876337657656
0.898202293400616
0.894982088812784
0.891224889116036
0.886920439969369
0.882064474749750
0.876678453730462
0.870757472382219
0.864313923084619
0.857344785519519
0.849862517550339
0.841865874861973
0.833360200228134
0.824353662836046
0.814852736034765
0.804853753938159
0.794374988894899
0.783412343143703
0.771977885673890
0.760077173441622
0.747714081494426
0.734898050720716
0.721640996554986
0.707945087772941
0.693828533018428
0.679291393060798
0.664348483571790
0.649002183340507
0.633264690387894
0.617144879399930
0.600652939956907
0.583790665889687
0.566577391545624
0.549020540801432
0.531135159796553
0.512928658975911
0.494415853314357
0.475605205960823
0.456509549955802
0.437138846180574
0.417508514576718
0.397624594230161
0.377504010112485
0.357155501455061
0.336593104337507
0.315828055679936
0.294873270527361
0.273739614931459
0.252443646409552
0.230994970255616
0.209410652712045
0.187700930401496
0.165880903666856
0.143961098454137
0.121956036148754
0.0998777933908282
0.0777412319767181
0.0555556619066854
0.0333373790463192
0.0110995065773449
-0.0111427930138231
-0.0333772327373463
-0.0555890534715777
-0.0777657494667579
-0.0998933448507764
-0.121959350168598
-0.143948986705592
-0.165850667060728
-0.187650401040344
-0.209335315162913
-0.230892423113344
-0.252308742991293
-0.273571513885795
-0.294668323132292
-0.315585693478205
-0.336311050037594
-0.356831666833689
-0.377134691281161
-0.397208536567302
-0.417040783448033
-0.436620410574320
-0.455934835940351
-0.474973134909998
-0.493723785477111
-0.512176449995556
-0.530318176261638
-0.548138953668045
-0.565626617563652
-0.582771977398559
-0.599563119911598
-0.615991621582424
-0.632045973097253
-0.647718060527376
-0.662996753965911
-0.677874994779114
-0.692341593065764
-0.706390149415607
-0.720009952579578
-0.733195188620825
-0.745935675498728
-0.758226046458897
-0.770056193090078
-0.781421604451064
-0.792312504809405
-0.802725285176354
-0.812650849233050
-0.822086382003056
-0.831023157318921
-0.839458916144874
-0.847385618013745
-0.854801943607642
-0.861699781802421
-0.868078204763858
-0.873929803226176
-0.879254593231816
-0.884045733416783
-0.888304049790595
-0.892023311806533
-0.895205024218613
-0.897843469410367
-0.899941066940710
-0.901492611925391
-0.902501182078053
-0.902962212506019
-0.902879507241076
-0.902249120352142
-0.901075538485814
-0.899355251946798
-0.897093470514040
-0.894287299181513
-0.890942695547240
-0.887057499560387
-0.882638417013796
-0.877683883066262
-0.872201204331080
-0.866189470684226
-0.859656750095997
-0.852602596085660
-0.845035489487622
-0.836955624532995
-0.828372208816188
-0.819286105965919
-0.809707145223119
-0.799636841926842
-0.789085586587818
-0.778055481002651
-0.766557511188769
-0.754594404245379
-0.742177621206594
-0.729310501162902
-0.716005007660525
-0.702265079974859
-0.688103137082271
-0.673523640513475
-0.658539417445589
-0.643155514933312
-0.627385178567831
-0.611234068938997
-0.594715842450157
-0.577836708501143
-0.560610632344930
-0.543044355126038
-0.525152186196101
-0.506941349043141
-0.488426315874235
-0.469614781296839
-0.450521498938157
-0.431154680916776
-0.411529296589039
-0.391654034397760
-0.371544028504491
-0.351208395999046
-0.330662407623664
-0.309915614154225
-0.288983361161459
-0.267875589286690
-0.246607702535856
-0.225190015501298
-0.203637944783617
-0.181962128808414
-0.160177941867997
-0.138296344645471
-0.116332660137303
-0.0942981634226958
-0.0722081035181088
-0.0500740283142763
-0.0279110429149274
-0.00573092848330955
0.0164513673307489
0.0386238575699165
0.0607718437314343
0.0828831845934118
0.104943409016815
0.126940201814173
0.148859356291912
0.170688427072292
0.192413515189719
0.214022086378959
0.235500585058960
0.256836407379195
0.278016377407779
0.299027864386988
0.319858099802785
0.340494449602178
0.360924585832917
0.381135911608749
0.401116579378689
0.420854054205790
0.440336982915692
0.459552912231462
0.478491003470540
0.497138917926423
0.515486371926279
0.533521180538882
0.551233633999045
0.568611726269199
0.585646363554712
0.602325764807187
0.618641457050535
0.634581885415867
0.650139211557939
0.665302140885271
0.680063494486173
0.694412270553517
0.708341969629478
0.721841905862831
0.734906274081624
0.747524735211997
0.759692193099791
0.771398677051036
0.782639811997165
0.793406023605796
0.803693673435093
0.813493606286953