-0.0688978936776838
-0.0910702170223555
-0.164810251440235
-0.170847066154374
-0.176913495205856
-0.183005433695338
-0.200078167702877
-0.221522123100881
-0.242919437276674
-0.264170400494417
-0.285262428290845
-0.306899275234625
-0.327821811566883
-0.348537154369081
-0.368929454025717
-0.389104645124280
-0.409053366943144
-0.428789786199491
-0.448262976501119
-0.467466461581052
-0.486379712391797
-0.505003407011198
-0.523329505931590
-0.541335666810272
-0.559013105091037
-0.576406177221646
-0.593391429585331
-0.610025883039694
-0.626287720274949
-0.642167121120255
-0.657667251399429
-0.672762238748184
-0.686867859653907
-0.700492795258588
-0.714261158009396
-0.727643392630325
-0.740600956874538
-0.753348907265776
-0.765539948736119
-0.777215062454530
-0.788346760939483
-0.798996839268141
-0.809166861814669
-0.818863381584513
-0.828071288876220
-0.836776740357500
-0.844959958160395
-0.852640088109135
-0.859806401405912
-0.866455070780256
-0.872579365510850
-0.878190124895586
-0.883251212648118
-0.887776778014548
-0.891762630737454
-0.895210337174865
-0.898116072018568
-0.900474148030399
-0.902121083776142
-0.902993911451744
-0.903644436296956
-0.903811632785978
-0.903445579953734
-0.902604850955534
-0.901239928663564
-0.899273828905411
-0.896733820373010
-0.893637616649759
-0.890000465742999
-0.885830212571064
-0.881128196204640
-0.875894003005101
-0.870122623006232
-0.863824698059423
-0.857004733615624
-0.849667651059230
-0.841814922631139
-0.833456816030323
-0.824589793965826
-0.815220768201534
-0.805355702846147
-0.795004593629506
-0.784170739832664
-0.772859258234234
-0.761022850950726
-0.748622784677672
-0.735843234588402
-0.722702285116322
-0.709135268762922
-0.695164320979994
-0.680791920022642
-0.665988950097053
-0.650761914032466
-0.635131498097258
-0.619113346692265
-0.602723007834994
-0.585968588604407
-0.568861331378581
-0.551406052391006
-0.533616191414001
-0.515502224932860
-0.497077212546382
-0.478349668392123
-0.459333766332026
-0.440037754460549
-0.420474134014084
-0.400653500805909
-0.380590883940365
-0.360296554143988
-0.339782448145945
-0.319041483753826
-0.298065381362862
-0.276914274710053
-0.255642583527620
-0.234231842356340
-0.212689152519169
-0.191027301855174
-0.169246137198069
-0.147350384665330
-0.125358765291798
-0.103287799757595
-0.0811547193597983
-0.0589724299607890
-0.0367551141027525
-0.0145140089467945
0.00773703839923813
0.0299844898929266
0.0522139381058196
0.0744106681124489
0.0965595168094695
0.118655693881525
0.140681571347872
0.162623539571257
0.184467691432062
0.206200615534722
0.227810250051976
0.249289800834911
0.270636013625900
0.291823792379898
0.312816690744419
0.333606603088369
0.354188956654078
0.374545228201828
0.394681751227732
0.414586671521629
0.434244886812667
0.453643368767658
0.472767301940182
0.491606012157269
0.510147043235263
0.528379609627920
0.546293069050516
0.563877600991801
0.581120409221842
0.598013023841670
0.614537836904031
0.630695742018791
0.646473793211272
0.661862490314284
0.676850069900904
0.691429564440409
0.705590161790598
0.719328163733231
0.732636778823657
0.745508034443453
0.757921105844964
0.769868768898503
0.781345133701904
0.792345640978691
0.802865944740711
0.812905914070171
0.822455345145050
0.831510400103206
0.840061375323307
0.848105878898564
0.855635820328051
0.862649690011175
0.869140338822685
0.875107378237182
0.880543504495726
0.885448755564876
0.889815229199183
0.893645343948961
0.896934890702699
0.899684210953759
0.901887562341817
0.903547295371164
0.904658705229227
0.905225897910776
0.905246331848345
0.904723646891827
0.903650219221799
0.902027993761104
0.899855206473576
0.897137958019496
0.893875385083638
0.890075675256739
0.885737121220073
0.880865708358317
0.875459819441493
0.869526378683417
0.863064942748933
0.856083328959864
0.848581867909341
0.840569219870965
0.832046201930493
0.823021784307367
0.813497087526727
0.803481934737457
0.792979469505584
0.781999633416080
0.770544877483576
0.758625860283633
0.746245799499384
0.733409416358784
0.720129876200450
0.706423489915825
0.692288099665439
0.677740523277215
0.662773524790065
0.647399441686044
0.631644863909601
0.615492735934203
0.598979742525332
0.582110219098547
0.564868050839513
0.547317143744447
0.529417025187073
0.511194817606557
0.492661585766940
0.473833181461242
0.454723220758527
0.435330654176339
0.415672986478229
0.395762791325441
0.375638036402644
0.355260683637223
0.334666658836911
0.313875672165152
0.292905391855897
0.271744597021993
0.250414641228651
0.228932782199200
0.207331064317444
0.185597407393656
0.163738716540641
0.141788720873365
0.119763195938261
0.0976488679771073
0.0754856629895096
0.0532633304299239
0.0310291800282695
0.00876743187987424
-0.0135008748322689
-0.0357599086684363
-0.0580022616374216
-0.0801976829145501
-0.102333984216089
-0.124411515934582
-0.146418337150387
-0.168333247494310
-0.190143242286640
-0.211836498514869
-0.233405482336341
-0.254836874865077
-0.276102227722310
-0.297205782288596
-0.318136371468128
-0.338870464844933
-0.359386549586180
-0.379672688542895
-0.399730747486526
-0.419550338371493
-0.439112532249300
-0.458408986996604
-0.477432019846023
-0.496164823058053
-0.514594536184758
-0.532710716042391
-0.550505240778647
-0.567970314119893
-0.585090496296143
-0.601852963744112
-0.618238191503435
-0.634250348134064
-0.649879997124759
-0.665116516317861
-0.679948268713102
-0.694368378375142
-0.708368538882791
-0.721942800158697
-0.735075756098886
-0.747764854582303
-0.760003975726089
-0.771783718643072
-0.783090372261478
-0.793918135989214
-0.804262897835773
-0.814124702519968
-0.823491891454932
-0.832361783082057
-0.840728669777884
-0.848588335598657
-0.855932528347991
-0.862759185967811
-0.869062694607916
-0.874843673727556
-0.880094017039697
-0.884812522574540
-0.888989196229775
-0.892628365177095
-0.895726952336095
-0.898286116286321
-0.900299676980563
-0.901770363632908
-0.902694177799348
-0.903075079892004
-0.902907309594733
-0.902195015416704
-0.900936607397216
-0.899136008059800
-0.896787968451209
-0.893897017094724
-0.890462201080271
-0.886492018136515
-0.881984178743509
-0.876945156922872
-0.871374624948936
-0.865279980983724
-0.858660023744303
-0.851522796166723
-0.843868759010663
-0.835707528512617
-0.827039487028032
-0.817873401663006
-0.808209161527018
-0.798057324552803
-0.787421417180000
-0.776312298781456
-0.764731977738387
-0.752691605106358
-0.740194523209672
-0.727252798339797
-0.713869692757123
-0.700057116733212
-0.685820047656650
-0.671171182597999
-0.656114388314689
-0.640662073150800
-0.624819985395868
-0.608602639983414
-0.592016213779428
-0.575074226642748
-0.557783383903036
-0.540157914858591
-0.522204548440195
-0.503937552791057
-0.485364550649396
-0.466500534393353
-0.447353540616734
-0.427938120667019
-0.408262207589305
-0.388340774344564
-0.368183441547224
-0.347805757369454
-0.327216927418027
-0.306432156012384
-0.285461294786397
-0.264319876780386
-0.243017977892833
-0.221570823802556
-0.199989111385114
-0.178288386688956
-0.156479147013997
-0.134576367902898
-0.112591216701772
-0.0905394038796694
-0.0684326138602999
-0.0462859216594594
-0.0241110129625647
-0.00192296383325107
0.0202664201175581
0.0424424264611155
0.0645929536864756
0.0867032901348158
0.108761119597582
0.130752240370262
0.152664497825392
0.174483982157980
0.196197969060067
0.217792518197414
0.239255064928139
0.260572346719735
0.281731734480574
0.302720226490378
0.323525188950603
0.344134190207492
0.364534586239256
0.384714241469270
0.404660683978704
0.424362537550189
0.443807360152974
0.462983940620403
0.481879729191619
0.500484206562764
0.518785144351272
0.536772573792758
0.554434436269152
0.571761431733479
0.588741688972516
0.605366424664928
0.621623939912606
0.637506165960659
0.653001799266991
0.668103464542227
0.682799977299263
0.697084431271440
0.710945974213074
0.724378546116059
0.737371672382900
0.749919941929686
0.762013219084986
0.773646859518954
0.784811128392908
0.795502048588165
0.805710306302611
0.815432776701389
0.824660602332852
0.833391269903842
0.841616241325864
0.849333774901510
0.856535898137679
0.863221650107525
0.869383544051911
0.875021402829696
0.880128258275032
0.884704654859213
0.888744116845661
0.892247965131682
0.895210327881245
0.897633313174354
0.899511554440706
0.900847810529721
0.901637259450063
0.901883464449583
0.901582226332509
0.900737827684226
0.899346642944089
0.897413690970025
0.894935960691430
0.891919163748303
0.888360889560082
0.884267587918050
0.879637488478422
0.874477678200195
0.868786935598633
0.862572998536372
0.855835303498319
0.848582259318392
0.840813924795812
0.832539340831246
0.823759194686931
0.814483118709163
0.804712401991539
0.794457258356790
0.783719618018571
0.772510270698757
0.760831745394608
0.748695318285353
0.736104099597965
0.723069886602341
0.709596413480585
0.695695952397585
0.681372817612864
0.666639726425343
0.651501579265403
0.635971502835785
0.620054958877694
0.603765468015216
0.587109061648338
0.570099597237252
0.552743613919980
0.535055268786613
0.517041636078508
0.498717169656746
0.480089454093894
0.461173190956731
0.441976455999655
0.422514157873335
0.402794832413102
0.382833560187209
0.362639333450070
0.342227381323435
0.321607120334953
0.300793863251283
0.279797414234970
0.258633153165164
0.237311276209526
0.215847194701003
0.194251456253440
0.172539460391249
0.150722086767836
0.128814687217194
0.106828441737381
0.0847786204787840
0.0626766867869389
0.0405377871907485
0.0183736201771263
-0.00380083658625037
-0.0259736628021472
-0.0481300674909308
-0.0702579352395889