-0.747386762161001
-0.734560378896226
-0.147787871298208
-0.145814549218518
-0.143668257786817
-0.141349864694184
-0.682162506096182
-0.662321237772708
-0.646562641996862
-0.630412746232401
-0.613890852278038
-0.601050954730213
-0.582960696719138
-0.564287235187322
-0.546303438167179
-0.528018584058978
-0.511065332178035
-0.492096618439444
-0.472819087858018
-0.453296101537706
-0.433506551503686
-0.413469336202312
-0.393202698256962
-0.372692998349836
-0.351973457963117
-0.331642203473234
-0.310493812463180
-0.289190811415130
-0.267716728499633
-0.246097977898704
-0.224344366905269
-0.202449489503765
-0.189500029414074
-0.175505185624627
-0.151692852999976
-0.129104977248377
-0.106543377941399
-0.0853219966889243
-0.0628783246527967
-0.0393949682610175
-0.0165799493642759
0.00617627624254065
0.0285227314401536
0.0507955536871181
0.0735099945122265
0.0961518602303517
0.118714099450663
0.141176418951226
0.163504483879021
0.185732481103369
0.207782564244773
0.229470965400293
0.251237983829446
0.272863855176869
0.294302832303455
0.315553847277751
0.336587102910295
0.357354140086604
0.375368467533994
0.390168124221131
0.410560619745555
0.430896376455637
0.450716866121865
0.469836034684031
0.488684017547533
0.507891625411179
0.526655027949435
0.544922384520935
0.562724042255494
0.580042994569221
0.597190862910774
0.614029347750110
0.630463886096856
0.646489399813785
0.662080136786704
0.677245745349657
0.691967495783731
0.706161788790674
0.719947844889513
0.733346097035368
0.746271739136852
0.758734982815098
0.770714360407406
0.782153766483992
0.792277421330592
0.800484629840290
0.809727414835468
0.819615858917539
0.828849709345762
0.837402706439673
0.845351840639780
0.853020099949296
0.860228115003596
0.866799863174851
0.872765430955900
0.878120248880376
0.882968849398373
0.887333574501613
0.891143409104467
0.894389545493805
0.897061673206123
0.899165190026652
0.900699992000036
0.901638821481544
0.902008107888516
0.901854632790170
0.901142541893588
0.899872070533848
0.898039350559788
0.895617413020797
0.892349447936962
0.887942421586445
0.883241438286214
0.878734385145362
0.873781482435707
0.868203833872095
0.862029302114667
0.855389786637668
0.848290116820094
0.840634467557754
0.832414071141009
0.823646028855312
0.814366267055772
0.804616528147811
0.794376523467200
0.783640198314028
0.772408048431424
0.760690640844538
0.748493269010510
0.735816552756272
0.722677663446333
0.709107407240847
0.695105200115438
0.680683662026938
0.665821113539200
0.650541574958213
0.634754707524892
0.618340402324774
0.601530210172799
0.584670091091420
0.567607630028672
0.550175839333143
0.532364037155022
0.514235710362337
0.495826586630320
0.477108668521423
0.458073570243439
0.438735544294556
0.419120956189359
0.399263965777839
0.379156034700352
0.358817554514498
0.338253541667185
0.317472972632034
0.296501304393516
0.275319522427824
0.253966026023661
0.232463701652384
0.210823996295138
0.189055378571470
0.167168214454930
0.145166305309178
0.123037844606363
0.100737884642716
0.0783328500979286
0.0559922642864255
0.0337293988658334
0.0114586450895326
-0.0108391741932309
-0.0331359447130758
-0.0553996592550092
-0.0776264408015977
-0.0998174481619207
-0.121960194220569
-0.144035795336905
-0.166020569090875
-0.187903738725393
-0.209673527548547
-0.231318335882940
-0.252826617677201
-0.274183095944609
-0.295379852419024
-0.316405408229262
-0.337234427796521
-0.357855620016357
-0.378257640343129
-0.398430596289678
-0.418365829691191
-0.438061893709727
-0.457528703456790
-0.476746684951198
-0.495640236943943
-0.514172713899271
-0.532369259870675
-0.550248983790864
-0.567798893698907
-0.585000810634908
-0.601842727799483
-0.618323502265480
-0.634433748115365
-0.650163726316114
-0.665497363995468
-0.680426303579745
-0.694940763380325
-0.709034907377845
-0.722698775540465
-0.735926167537987
-0.748707412648015
-0.761039094938234
-0.772906547229174
-0.784303635903025
-0.795221500380608
-0.805657525637171
-0.815603758738234
-0.825047851794964
-0.834006021201773
-0.842486255492816
-0.850445911377001
-0.857869731228533
-0.864746462710420
-0.871092143851129
-0.876924657695551
-0.882207014800496
-0.886963613581999
-0.891188804873957
-0.894851272470063
-0.898011977658449
-0.900600035589675
-0.902635038814533
-0.904128334862457
-0.905078554376255
-0.905489029527961
-0.905338103708824
-0.904637549845982
-0.903384958835130
-0.901626742642911
-0.899281383228517
-0.896382877134382
-0.892955596346524
-0.888996835291386
-0.884476191525700
-0.879423794732349
-0.873836241426163
-0.867761017083552
-0.861129938624656
-0.853942365039016
-0.846254781706357
-0.838070479921130
-0.829346638425665
-0.820152661496515
-0.810423762784012
-0.800244262090530
-0.789563670684107
-0.778386957730290
-0.766753876958988
-0.754646959659152
-0.742076290134154
-0.729070668884075
-0.715616793960466
-0.701716356464403
-0.687400954063187
-0.672658535059250
-0.657527630766030
-0.641986069180260
-0.626047090597855
-0.609753965222773
-0.593082234988351
-0.576036542773969
-0.558659105731122
-0.540939454372556
-0.522916839193419
-0.504565004805654
-0.485898629264578
-0.466941630123244
-0.447701485622003
-0.428184196203296
-0.408418527183659
-0.388405849645899
-0.368165621614625
-0.347697052621310
-0.327011774692216
-0.306134392819200
-0.285067476224548
-0.263826283245588
-0.242428105595654
-0.220877475256697
-0.199197406765978
-0.177396516805619
-0.155494139174382
-0.133497335978347
-0.111417400068584
-0.0892779067362901
-0.0670878814515753
-0.0448497782111637
-0.0225912702509049
-0.000321970881283986
0.0219402503162809
0.0441857243951264
0.0664106210265334
0.0885938407352269
0.110720786528100
0.132783582005993
0.154759802581295
0.176641135288280
0.198410702397124
0.220060511268531
0.241578983340801
0.262949137640924
0.284159582618806
0.305198530341280
0.326050973632677
0.346706411535886
0.367150956491005
0.387371018005906
0.407354510319818
0.427088971839806
0.446565529937495
0.465768463415466
0.484686500841305
0.503312013168388
0.521631997948655
0.539632466997502
0.557303912758577
0.574634145401706
0.591618747610532
0.608244563813437
0.624501510514711
0.640379654694719
0.655869328273080
0.670959093344215
0.685641892501278
0.699907660557940
0.713751492365279
0.727161693638623
0.740132169687707
0.752653499621752
0.764719945507902
0.776321910604071
0.787455091796693
0.798109210477145
0.808280658579341
0.817960272677832
0.827146143191968
0.835829042927110
0.844006103440186
0.851670714718753
0.858821583639708
0.865449703478959
0.871554496265489
0.877128728388495
0.882174153870508
0.886684536912984
0.890659920122180
0.894094433941824
0.896989581693439
0.899339239722482
0.901146089359450
0.902405334098488
0.903120944968696
0.903288376558076
0.902911255577974
0.901985993067340
0.900517224341009
0.898501617809719
0.895944711038324
0.892843544982471
0.889204133411703
0.885024414698725
0.880311498363508
0.875063950990752
0.869288884330567
0.862985865351627
0.856163381468640
0.848820740080300
0.840966517319011
0.832601169281826
0.823734592500939
0.814368289359443
0.804511968118740
0.794167206052996
0.783344568284639
0.772046084692141
0.760282858715504
0.748057895546811
0.735383091868448
0.722262037721520
0.708706675774765
0.694721120188471
0.680317961449745
0.665501812742403
0.650285686566451
0.634674738298003
0.618682246512004
0.602313998936091
0.585583823300059
0.568498122855731
0.551070834010884
0.533308883170832
0.515226825471124
0.496831927946331
0.478138644527471
0.459154852352614
0.439895566620206
0.420369391160017
0.400591331922511
0.380570107594950
0.360320896720670
0.339852862911717
0.319181263813088
0.298315810587168
0.277271992348136
0.256059943152893
0.234695038369631
0.213187671416416
0.191553285552924
0.169802618785523
0.147951058215281
0.126009650318993
0.103993662699175
0.0819144335820390
0.0597872032924277
0.0376236228408261
0.0154387270678112
-0.00675564739133416
-0.0289445374004960
-0.0511159020583543
-0.0732551554959378
-0.0953501011711166
-0.117386262244505
-0.139351161352217
-0.161230637820471
-0.183012257625461
-0.204682232663212
-0.226228029119897
-0.247636224263181
-0.268894189337373
-0.289988812410409
-0.310907408345891
-0.331637332788140
-0.352165972756613
-0.372481126979673
-0.392570205398999
-0.412421494656934
-0.432022478154685
-0.451361965512899
-0.470427545417219
-0.489208531096681
-0.507692608547835
-0.525869662467046
-0.543727564693904
-0.561256756126165
-0.578445275407391
-0.595284226758128
-0.611761899193275
-0.627869975665883
-0.643596920098883
-0.658935053754303
-0.673873174691456
-0.688404317451945
-0.702517580151891
-0.716206680695490
-0.729461031265782
-0.742275015192595
-0.754638373678802
-0.766546215443395
-0.777988689536790
-0.788961638031026
-0.799455602966039
-0.809467162018292
-0.818987284192876
-0.828013295620644
-0.836536615296235
-0.844555308690964
-0.852061244686612
-0.859053241616503
-0.865523665645790
-0.871472087896158
-0.876891366258287
-0.881781845424353
-0.886136926036648
-0.889957697041318
-0.893238063523402
-0.895979854620738
-0.898177547688425
-0.899833749036566
-0.900943508300778
-0.901510173873480
-0.901529368232138
-0.901005161344858
-0.899933750340473
-0.898319932114398
-0.896160513989828
-0.893461015323321
-0.890218846604958
-0.886440226806766
-0.882123179042894
-0.877274610216400
-0.871893161626061
-0.865986406259576
-0.859553597139312
-0.852602954877987
-0.845134357321884
-0.837156656847170
-0.828670347600679
-0.819684894560841
-0.810201421999336
-0.800229980290907
-0.789772297228499
-0.778838975411220
-0.767432360803923
-0.755563605944406
-0.743235671047578