-0.74738
-0.73404
-0.72065
-0.70717
-0.69345
-0.67849
-0.66346
-0.64835
-0.63288
-0.61639
-0.59985
-0.58325
-0.5662
-0.54834
-0.53045
-0.51252
-0.49405
-0.47499
-0.45592
-0.43682
-0.41688
-0.39734
-0.37709
-0.35651
-0.33602
-0.31556
-0.29443
-0.27311
-0.25191
-0.23079
-0.20896
-0.18708
-0.16536
-0.14359
-0.12174
-0.099515
-0.077237
-0.055121
-0.033033
-0.010619
0.011693
0.033858
0.055989
0.078332
0.10052
0.12251
0.14462
0.16646
0.18826
0.21011
0.23171
0.25302
0.27431
0.29556
0.31651
0.33713
0.3577
0.37817
0.39825
0.41801
0.43759
0.45692
0.47611
0.49489
0.5133
0.53152
0.54943
0.56695
0.58406
0.60093
0.61744
0.6335
0.64919
0.66458
0.67941
0.69398
0.70808
0.72171
0.73487
0.74772
0.76005
0.77187
0.78324
0.79422
0.80469
0.81459
0.82401
0.83297
0.8415
0.84946
0.85687
0.86379
0.87022
0.8761
0.88143
0.88622
0.89053
0.89426
0.89743
0.90015
0.90224
0.90378
0.90482
0.90527
0.90517
0.90456
0.90341
0.90167
0.89939
0.8966
0.89327
0.88936
0.8849
0.87992
0.87446
0.86845
0.86189
0.85481
0.84724
0.83915
0.83053
0.82141
0.81183
0.80172
0.79111
0.78006
0.76855
0.75653
0.74408
0.73119
0.71783
0.704
0.68979
0.67514
0.6601
0.64466
0.62885
0.61267
0.59606
0.57911
0.56184
-0.17425
-0.29519
-0.25562
-0.27555
-0.271
-0.27277
-0.2724
-0.95123
-0.90185
-0.88691
-0.85833
-0.83785
-0.81321
-0.79302
-0.77078
-0.7478
-0.72498
-0.70218
-0.67948
-0.64376
-0.61514
-0.59148
-0.56946
-0.54804
-0.52658
-0.3288
-0.21228
-0.2729
-0.26102
-0.24509
-0.22836
-0.21282
0.14942
0.32363
0.3023
0.29898
0.28271
0.27176
0.30619
0.56118
0.59434
0.55562
0.52315
0.4877
0.45102
0.52117
0.59669
0.51768
0.45964
0.42791
0.36802
0.22479
0.26216
0.22109
0.19189
0.15434
0.12384
0.028555
-0.10498
-0.10261
-0.10513
-0.12947
-0.14765
-0.18886
-0.41016
-0.53104
-0.5518
-0.54963
-0.52959
-0.51745
-0.54098
-0.7604
-0.81345
-0.77989
-0.73743
-0.68573
-0.61107
-0.62158
-0.66393
-0.60379
-0.55134
-0.50956
-0.45088
-0.36577
-0.39476
-0.36315
-0.31804
-0.27104
-0.23953
-0.13473
0.006769
0.03739
0.020987
0.034918
0.045978
0.071072
0.19003
0.31602
0.33317
0.32388
0.30216
0.27783
0.27272
0.38513
0.42347
0.40623
0.37162
0.32719
0.28019
0.28138
0.37249
0.33285
0.27315
0.22401
0.15923
0.058403
0.037184
0.046505
0.0075306
-0.020352
-0.050125
-0.10888
-0.19695
-0.20939
-0.22819
-0.22206
-0.22857
-0.22985
-0.31713
-0.40491
-0.41324
-0.39172
-0.36459
-0.33355
-0.31671
-0.39743
-0.44445
-0.41442
-0.36924
-0.31212
-0.24247
-0.20644
-0.23795
-0.21561
-0.16459
-0.11516
-0.060263
0.010449
0.030878
0.0060214
0.053537
0.090036
0.1229
0.18388
0.27652
0.3058
0.30731
0.30845
0.30667
0.31193
0.35983
0.43115
0.43861
0.42893
0.39569
0.36728
0.34137
0.385
0.41593
0.39317
0.35648
0.31412
0.26545
0.23884
0.27937
0.2807
0.23702
0.19197
0.13814
0.066984
0.030166
0.037709
0.023418
0.00082756
-0.02036
-0.055246
-0.11196
-0.12462
-0.11225
-0.11957
-0.11129
-0.10736
-0.11909
-0.089338
-0.037629
-0.019921
-0.019233
-0.01944
-0.027935
-0.041802
-0.035992
-0.02219
-0.013947
-0.0099652
-0.011364
-0.023985
-0.030747
-0.0071582
0.010452
0.018407
0.027396
0.036857
0.04718
0.061038
0.081385
0.097484
0.1062
0.11255
0.10977
0.12013
0.14885
0.16752
0.17406
0.17775
0.18017
0.18034
0.17874
0.18253
0.19156
0.19953
0.20743
0.21095
0.21337
0.22865
0.24634
0.25551
0.26252
0.26923
0.27499
0.27952
0.28638
0.29348
0.29926
0.30346
0.30337
0.30404
0.31437
0.32367
0.32502
0.32323
0.32068
0.31766
0.3143
0.31129
0.30898
0.30617
0.30161
0.29443
0.28529
0.28078
0.28002
0.27571
0.2692
0.26232
0.25501
0.24697
0.23832
0.22987
0.22165
0.21303
0.20289
0.19181
0.18476
0.17898
0.16899
0.15611
0.14234
0.12811
0.1135
0.098663
0.084129
0.069758
0.05506
0.039329
0.022317
0.0064687
-0.0068606
-0.021073
-0.036859
-0.05292
-0.069037
-0.085269
-0.10167
-0.11813
-0.13463
-0.15128
-0.16851
-0.1865
-0.20294
-0.2177
-0.23381
-0.25152
-0.26958
-0.28762
-0.30557
-0.32342
-0.34102
-0.35823
-0.37512
-0.39203
-0.40924
-0.42598
-0.44111
-0.45589
-0.47134
-0.48685
-0.50211
-0.51711
-0.53188
-0.54638
-0.56053
-0.57435
-0.58795
-0.60159
-0.61446
-0.62595
-0.63736
-0.64935
-0.66128
-0.67284
-0.68394
-0.69458
-0.70472
-0.71431
-0.72337
-0.73203
-0.74044
-0.74841
-0.75526
-0.76127
-0.76717
-0.77282
-0.77794
-0.78255
-0.78665
-0.79024
-0.7933
-0.79583
-0.79782
-0.79942
-0.80042
-0.80037
-0.79971
-0.799
-0.79804
-0.79659
-0.79458
-0.79202
-0.78888
-0.78514
-0.78082
-0.77595
-0.77063
-0.76485
-0.75829
-0.75095
-0.7432
-0.73513
-0.72657
-0.7175
-0.70792
