0.81644
0.8253
0.83403
0.84259
0.85081
0.85772
0.86445
0.87099
0.87704
0.88187
0.88652
0.89099
0.89478
0.89749
0.90002
0.90238
0.90388
0.90444
0.90483
0.90505
0.90403
0.90308
0.90109
0.89846
0.89565
0.89256
0.88836
0.88361
0.87869
0.87353
0.86709
0.86022
0.85324
0.84584
0.83784
0.82897
0.81962
0.81003
0.80002
0.78918
0.77798
0.76647
0.75452
0.74179
0.72877
0.7155
0.70159
0.68738
0.67267
0.65741
0.64191
0.6262
0.60993
0.59313
0.57616
0.55901
0.54133
0.52313
0.50484
0.48639
0.46752
0.44833
0.42871
0.40902
0.38911
0.36884
0.34834
0.32772
0.30699
0.28584
0.26458
0.24326
0.22181
0.20011
0.1784
0.15641
0.1344
0.11243
0.090357
0.068071
0.045834
0.023669
0.0014485
-0.020893
-0.043173
-0.065319
-0.087462
-0.10957
-0.13171
-0.15369
-0.17554
-0.19734
-0.21904
-0.24058
-0.26191
-0.28317
-0.30428
-0.32514
-0.34578
-0.36628
-0.38649
-0.40655
-0.42635
-0.44584
-0.46503
-0.48404
-0.50273
-0.52107
-0.53908
-0.55683
-0.57425
-0.59127
-0.60791
-0.62421
-0.64018
-0.65574
-0.67088
-0.68562
-0.69997
-0.71389
-0.72735
-0.74038
-0.75301
-0.76514
-0.77678
-0.78799
-0.79871
-0.80897
-0.81874
-0.828
-0.83671
-0.84493
-0.85265
-0.85983
-0.86651
-0.87267
-0.87835
-0.88349
-0.88804
-0.89208
-0.8956
-0.53934
-0.49025
-0.52104
-0.52169
-0.5342
-0.5431
-0.55268
-1.2403
-1.1996
-1.1928
-1.172
-1.1589
-1.1413
-1.124
-1.1068
-1.09
-1.0728
-1.0553
-1.0375
-1.0237
-1.0064
-0.98795
-0.96893
-0.94939
-0.92971
-0.99799
-1.0504
-0.98939
-0.96241
-0.93633
-0.91061
-0.88434
-0.51079
-0.3245
-0.33346
-0.32392
-0.32689
-0.3241
-0.34596
-0.47709
-0.49645
-0.47919
-0.46429
-0.44723
-0.42886
-0.29074
-0.16017
-0.18976
-0.20083
-0.18583
-0.17539
-0.11624
-0.1425
-0.1318
-0.12705
-0.11749
-0.11098
-0.16635
-0.26232
-0.22632
-0.19128
-0.17827
-0.15877
-0.12987
-0.0053389
0.079002
0.098306
0.10769
0.10748
0.11274
0.068979
-0.16533
-0.22461
-0.19741
-0.16091
-0.12005
-0.096722
-0.027172
0.05612
0.08433
0.11248
0.14395
0.18357
0.25269
0.20614
0.22493
0.25961
0.29771
0.31538
0.31045
0.27576
0.29136
0.33763
0.37059
0.40472
0.45067
0.5929
0.73943
0.77589
0.78296
0.77922
0.77977
0.76765
0.69334
0.65726
0.66109
0.67078
0.6827
0.68946
0.74882
0.89317
0.89954
0.88076
0.87051
0.8697
0.89082
0.87485
0.84476
0.83927
0.83047
0.8209
0.77822
0.70791
0.70769
0.70037
0.71738
0.71888
0.73379
0.78
0.841
0.85545
0.84746
0.83584
0.82533
0.80005
0.67471
0.58855
0.58602
0.60113
0.62168
0.63159
0.65838
0.71821
0.74521
0.74926
0.75356
0.76433
0.79411
0.7728
0.71039
0.7234
0.72826
0.72845
0.71146
0.67379
0.66294
0.66648
0.67121
0.67525
0.68224
0.7353
0.80933
0.81726
0.80391
0.767
0.74262
0.70366
0.63772
0.57019
0.54116
0.52448
0.5081
0.48451
0.48367
0.54769
0.5663
0.53276
0.49476
0.46095
0.44277
0.40983
0.35699
0.31888
0.28847
0.25678
0.20846
0.13642
0.10861
0.10442
0.079568
0.06696
0.054325
0.051928
0.031355
-0.00021406
-0.020431
-0.034477
-0.04475
-0.063008
-0.08683
-0.091663
-0.091285
-0.10032
-0.11582
-0.13306
-0.14623
-0.16173
-0.18893
-0.2137
-0.2318
-0.24922
-0.267
-0.28504
-0.2989
-0.30637
-0.31808
-0.33796
-0.35948
-0.37702
-0.39839
-0.42749
-0.45084
-0.46788
-0.48301
-0.49822
-0.51539
-0.53399
-0.5478
-0.55769
-0.5695
-0.57997
-0.58791
-0.59509
-0.60807
-0.62237
-0.63378
-0.64494
-0.65622
-0.66826
-0.68062
-0.68977
-0.69796
-0.70691
-0.71678
-0.72523
-0.7345
-0.7482
-0.76047
-0.76845
-0.77458
-0.77997
-0.78498
-0.78949
-0.79318
-0.79612
-0.7995
-0.80365
-0.8071
-0.80944
-0.81343
-0.81866
-0.82175
-0.82353
-0.82494
-0.82606
-0.82699
-0.82745
-0.82678
-0.82499
-0.82282
-0.81963
-0.81565
-0.81339
-0.81143
-0.80716
-0.80147
-0.79528
-0.78871
-0.7818
-0.7745
-0.76652
-0.75812
-0.74943
-0.74022
-0.7302
-0.72052
-0.71168
-0.70188
-0.69086
-0.67934
-0.66739
-0.65503
-0.64217
-0.62882
-0.615
-0.60089
-0.5864
-0.57134
-0.55668
-0.54242
-0.52702
-0.51042
-0.49329
-0.47584
-0.4581
-0.44011
-0.42186
-0.40332
-0.38444
-0.3652
-0.34548
-0.32568
-0.30634
-0.28686
-0.26675
-0.24636
-0.22585
-0.20521
-0.1844
-0.16343
-0.14228
-0.12099
-0.099573
-0.077933
-0.056453
-0.035429
-0.01419
0.0076006
0.029603
0.051635
0.073647
0.095626
0.11754
0.13937
0.1611
0.18276
0.2044
0.22592
0.247
0.2678
0.28865
0.30949
0.33015
0.35061
0.37086
0.39091
0.41074
0.43034
0.44972
0.46891
0.48778
0.50611
0.52409
0.542
0.55973
0.57713
0.59415
0.61081
0.62707
0.64293
0.65837
0.67342
0.68808
0.70235
0.71606
0.72919
0.74193
0.75432
0.76625
0.77771
0.78868
