-0.069062
-0.091257
-0.11338
-0.13542
-0.15736
-0.17923
-0.201
-0.22265
-0.24416
-0.26548
-0.28667
-0.30773
-0.32859
-0.34915
-0.36958
-0.38986
-0.40982
-0.42944
-0.44891
-0.46823
-0.48715
-0.50574
-0.524
-0.54195
-0.55963
-0.577
-0.59393
-0.6105
-0.62678
-0.64275
-0.65813
-0.67315
-0.68788
-0.70225
-0.7161
-0.72945
-0.74238
-0.75491
-0.76698
-0.77856
-0.78967
-0.80032
-0.81051
-0.82012
-0.82929
-0.83801
-0.84621
-0.85383
-0.86093
-0.86752
-0.87362
-0.87922
-0.88424
-0.8887
-0.89267
-0.89614
-0.89902
-0.90129
-0.90309
-0.9044
-0.90511
-0.90525
-0.90483
-0.90391
-0.90241
-0.90036
-0.89777
-0.89467
-0.89105
-0.88677
-0.88202
-0.87676
-0.871
-0.86469
-0.85782
-0.85039
-0.84249
-0.83414
-0.82523
-0.81579
-0.80589
-0.79554
-0.78469
-0.77333
-0.76151
-0.74927
-0.73655
-0.7234
-0.70979
-0.69577
-0.68133
-0.66645
-0.65117
-0.63553
-0.61951
-0.60305
-0.58625
-0.56912
-0.55165
-0.53387
-0.51575
-0.49723
-0.47847
-0.45944
-0.44014
-0.42052
-0.40067
-0.3806
-0.36031
-0.33977
-0.31901
-0.29809
-0.27699
-0.25571
-0.23428
-0.21271
-0.19101
-0.16919
-0.14727
-0.12525
-0.10318
-0.081025
-0.058818
-0.036585
-0.014329
0.0079269
0.030165
0.052436
0.074654
0.096806
0.11888
0.14092
0.16286
0.18469
0.2064
0.22801
0.2495
0.27082
0.29198
0.31297
0.33376
0.7136
0.78544
0.77665
0.79724
0.8052
0.81587
0.82508
0.15548
0.21331
0.23635
0.27256
0.30012
0.33139
0.36155
0.39054
0.41825
0.44542
0.47196
0.49792
0.51886
0.54246
0.56628
0.58973
0.61275
0.63497
0.5683
0.51654
0.57724
0.60297
0.62685
0.6494
0.67159
1.0401
1.2204
1.2045
1.2062
1.1945
1.1876
1.1552
1.0126
0.98086
0.98475
0.98542
0.98739
0.98979
1.1111
1.2241
1.1761
1.1456
1.1405
1.13
1.1674
1.1187
1.1062
1.087
1.0718
1.0528
0.97132
0.84857
0.85709
0.86389
0.84811
0.83817
0.83715
0.93119
0.98436
0.97198
0.94906
0.91608
0.8881
0.81059
0.54213
0.44829
0.44056
0.44161
0.44673
0.43396
0.46707
0.51364
0.50488
0.49587
0.48979
0.49172
0.52304
0.43849
0.4192
0.41555
0.41531
0.39458
0.35121
0.27807
0.25515
0.26295
0.25742
0.25312
0.26078
0.36481
0.47329
0.47187
0.44132
0.40007
0.36337
0.31432
0.20324
0.13069
0.098386
0.072383
0.048899
0.020621
0.045384
0.15556
0.12825
0.076213
0.033184
9.8308e-005
-0.010535
-0.057674
-0.11842
-0.15399
-0.1923
-0.23073
-0.30162
-0.39951
-0.42663
-0.4602
-0.46862
-0.49192
-0.50111
-0.4782
-0.43975
-0.44713
-0.47616
-0.50795
-0.53782
-0.58169
-0.72474
-0.82778
-0.84631
-0.84632
-0.84006
-0.84357
-0.8293
-0.78105
-0.76476
-0.77052
-0.77512
-0.77234
-0.74958
-0.777
-0.84458
-0.8358
-0.83421
-0.83634
-0.85474
-0.89285
-0.9032
-0.89822
-0.89112
-0.88375
-0.87245
-0.81419
-0.73398
-0.71896
-0.72428
-0.75223
-0.76674
-0.79493
-0.84919
-0.90412
-0.91968
-0.922
-0.92317
-0.93068
-0.91456
-0.83275
-0.79551
-0.8096
-0.82734
-0.84008
-0.83641
-0.84671
-0.87614
-0.8901
-0.89565
-0.90176
-0.92379
-0.96886
-0.96904
-0.94493
-0.94086
-0.92392
-0.90641
-0.87808
-0.86736
-0.86713
-0.85499
-0.83619
-0.81313
-0.79758
-0.78717
-0.75732
-0.72186
-0.69543
-0.67512
-0.65618
-0.63287
-0.61161
-0.60174
-0.5892
-0.56977
-0.54946
-0.52931
-0.50928
-0.48493
-0.45408
-0.42738
-0.40877
-0.39177
-0.37076
-0.3536
-0.34419
-0.32909
-0.30775
-0.28459
-0.26163
-0.24078
-0.22151
-0.19764
-0.17007
-0.14465
-0.11815
-0.089391
-0.06018
-0.037074
-0.015639
0.0083192
0.032127
0.055414
0.077518
0.09884
0.1229
0.14743
0.1707
0.19252
0.21519
0.23649
0.25276
0.26986
0.29063
0.3126
0.33466
0.35643
0.37799
0.3997
0.42141
0.44196
0.46098
0.47995
0.49923
0.51609
0.5309
0.54704
0.56364
0.5798
0.59538
0.6103
0.62482
0.63959
0.65459
0.66908
0.68368
0.69818
0.71002
0.72065
0.73267
0.74517
0.75723
0.76874
0.77964
0.79
0.80008
0.80965
0.81854
0.82702
0.83535
0.84241
0.84767
0.85296
0.85851
0.86365
0.86826
0.87237
0.87604
0.87929
0.8821
0.88429
0.88596
0.88733
0.88739
0.88619
0.88526
0.88468
0.88378
0.88238
0.88044
0.87795
0.87491
0.87138
0.86742
0.86306
0.85844
0.85318
0.84673
0.83974
0.83269
0.82525
0.81728
0.80883
0.79992
0.79058
0.78084
0.77068
0.7601
0.74924
0.73771
0.72524
0.71253
0.69994
0.68713
0.67396
0.66039
0.64643
0.63208
0.61732
0.60219
0.58671
0.57097
0.55488
0.53817
0.52098
0.50371
0.48629
0.46857
0.45058
0.43232
0.41382
0.39509
0.37613
0.35699
0.33771
0.3182
0.29824
0.27806
0.25797
0.23785
0.21761
0.19721
0.17668
0.15602
0.13523
0.11435
0.09339
0.072405
0.051388
0.030211
0.0088686
-0.01242
-0.033614
-0.054783
-0.075938
-0.097056
