0.816288810247419
0.825633683084608
0.312726112250939
0.316790219010881
0.320710907126817
0.324484938489159
0.328097278467287
0.892561612982995
0.893393463870432
0.898441929024962
0.902963798664490
0.906955078786728
0.910413803282528
0.918326528210382
0.919125543617879
0.920947566777044
0.922234386036748
0.922976605164975
0.923175023891170
0.924497642807309
0.923562534285586
0.922076155682373
0.920049161617841
0.917477085689482
0.914376432291163
0.909414063976009
0.907105834583430
0.902388774501924
0.897139992735632
0.891378634056696
0.885083790776611
0.878271742540134
0.664327817340323
0.886791408932902
0.876109976191940
0.866019886986056
0.856155855547079
0.845799361522053
0.834538624316778
0.825629813327447
0.813965163493793
0.801389332149684
0.788642523656592
0.775469966465278
0.761574021423776
0.748422814344505
0.733890552892625
0.719229978377744
0.703916346939933
0.688171760309785
0.672038851949219
0.655225082370667
0.638334141467119
0.621787610565334
0.604234946535641
0.586304210099631
0.568052584370824
0.549482967322149
0.475196136317420
0.494225755190652
0.504874123704782
0.484192442239752
0.463596498119042
0.442815962204023
0.421595962429754
0.401019750307146
0.380260160719935
0.358526891544264
0.336653456426970
0.314657907897552
0.292344975008496
0.270170397229143
0.248117198787951
0.225645011281680
0.203099151543154
0.180341284470838
0.157505166669351
0.134423260178884
0.111182507956378
0.0888049126006830
0.0659751086138417
0.0429563074303995
0.0199446881205994
-0.00305070483943465
-0.0422631778013065
-0.0705012747509946
-0.0662764205985892
-0.0875383208630790
-0.110781675956570
-0.133833260668425
-0.156854775019701
-0.179567734002844
-0.201717454115742
-0.224108432409325
-0.246475912317324
-0.268630181050970
-0.290652123538628
-0.312477227687902
-0.333701487676690
-0.354949905441087
-0.375872463980278
-0.396657307126624
-0.417182410244474
-0.437510337065608
-0.457705232441738
-0.477065566854546
-0.496166186786305
-0.515149733134797
-0.533818369405080
-0.552140261900993
-0.574883097351653
-0.600022971533416
-0.604748305971352
-0.617774553503219
-0.634429330502770
-0.650775623363992
-0.666720540255813
-0.682233841178906
-0.697021137141192
-0.711447389219301
-0.725573154175077
-0.739242258897814
-0.752456301468093
-0.765246625240423
-0.777324216839775
-0.788989489645428
-0.800131792201062
-0.810827875592762
-0.821031423224759
-0.830746789767936
-0.840058463702789
-0.848614375821738
-0.856538937599553
-0.864065920278073
-0.871099518760037
-0.877590302844371
-0.884940179278149
-0.894564622246990
-0.895379934213049
-0.896152243709445
-0.899657999958423
-0.903041039719954
-0.905864560024096
-0.908148714948784
-0.909732836548508
-0.910715865361324
-0.911225415876392
-0.911199428236458
-0.910611294731981
-0.909496339149945
-0.907719910909086
-0.905370162604329
-0.902465687069197
-0.899023569491652
-0.895053161951036
-0.890529432239640
-0.885524335301997
-0.879901277254340
-0.873629081012016
-0.866876831250797
-0.859640002065009
-0.851882451251466
-0.844011774963730
-0.837108602475551
-0.827004041322512
-0.814987325139231
-0.804184337863757
-0.793477111047976
-0.782317070055833
-0.770691208944235
-0.758540906049616
-0.745872784244405
-0.732782575971849
-0.719274240558685
-0.705328307062832
-0.690968975363507
-0.676152848375010
-0.660891447260517
-0.645230814979954
-0.629181500720154
-0.612765036977497
-0.595978908838360
-0.578855903935459
-0.561366604166871
-0.543464243225559
-0.525239614817849
-0.506730562710479
-0.487923774278326
-0.468939308160683
-0.450312832084246
-0.430734706957466
-0.409731787396142
-0.389068715772778
-0.368668377756813
-0.348117727294448
-0.327363356999736
-0.306393257560602
-0.285199485583861
-0.263837130375096
-0.242335267726023
-0.220691700148876
-0.198921735673719
-0.177022578811473
-0.154991670722089
-0.132865778643263
-0.110661118179749
-0.0883992604556691
-0.0660890493311768
-0.0437504353207590
-0.0213878955838921
0.00102289075520462
0.0234421697347445
0.0458260640938169
0.0681707881670973
0.0904299738845260
0.112382443438751
0.134365374820315
0.156893934730535
0.179250698663898
0.201185141164632
0.222905789739172
0.244481592235656
0.265912486956689
0.287202304143635
0.308323112884552
0.329245753609611
0.349960939129223
0.370456008554693
0.390721839187694
0.410775481635239
0.430578395751296
0.450124768117365
0.469392296762007
0.488366818013582
0.507044863898719
0.525406207186299
0.543468319102138
0.561209424573337
0.578604342521670
0.595638478608487
0.612290080243127
0.628478121205955
0.644254883831570
0.659924378166889
0.675262621556902
0.690044983244831
0.704312654098297
0.718154104910680
0.731559459154326
0.744526752516737
0.757047610495221
0.769112331115162
0.780704058975899
0.791811814369891
0.802448500464246
0.812596697280093
0.822253353844634
0.831392524798177
0.840027580109986
0.848142223370498
0.855754572842523
0.862844533313336
0.869410085466827
0.875464202013542
0.880983413097199
0.885965559245209
0.890391088501963
0.894256753225094
0.897553741478018
0.900399407495427
0.902773691763048
0.904548441801032
0.905709804546132
0.906315248483935
0.906372647904076
0.905891280574707
0.904862607166527
0.903284319611801
0.901160703256437
0.898480553834153
0.895268231080034
0.891521058737620
0.887219671277829
0.882366640726069
0.876978883288364
0.871058288597256
0.864613089102436
0.857650574805744
0.850168564876704
0.842177965720123
0.833678725235090
0.824674782196904
0.815164092130095
0.805153729870125
0.794645263932465
0.783682876967789
0.772295137538598
0.760430029388587
0.748070039656113
0.735246561013656
0.721981513641971
0.708285970339002
0.694163514531496
0.679623456405554
0.664671608332696
0.649317395304529
0.633571134481262
0.617452058477564
0.600955117028586
0.584086625910359
0.566865063191188
0.549301443376721
0.531407233007679
0.513196614947705
0.494677422115526
0.475862189647875
0.456762341236086
0.437387189085101
0.417746084909537
0.397850243461059
0.377710629900086
0.357349920494520
0.336799176636224
0.316048831541985
0.295092752417177
0.273949309404306
0.252642406586680
0.231186207075819
0.209593224664379
0.187875437680359
0.166045217460777
0.144115410702782
0.122099281414649
0.100014833883160
0.0778711048648107
0.0556765890421073
0.0334491366592453
0.0112021630009375
-0.0110493748247092
-0.0332917907892145
-0.0555110692750104
-0.0776954233171525
-0.0998293278661401
-0.121902271298714
-0.143900321777855
-0.165812547170359
-0.187624281397143
-0.209321275553354
-0.230878852784271
-0.252291439422842
-0.273555545176767
-0.294660662315185
-0.315586309318620
-0.336319998899082
-0.356847156117258
-0.377158015074186
-0.397238735993018
-0.417079464546502
-0.436666384900352
-0.455987774467705
-0.475030702112280
-0.493788597217430
-0.512246880751970
-0.530395899585525
-0.548221999411926
-0.565716371283810
-0.582865868789145
-0.599663105180232
-0.616094948863303
-0.632154694015271
-0.647830502232187
-0.663116085961008
-0.677999582749407
-0.692474049052098
-0.706523710134530
-0.720143229060046
-0.733327215786700
-0.746072412670107
-0.758365888085190
-0.770201459228674
-0.781568946207323
-0.792464574618991
-0.802879242172985
-0.812809639606483
-0.822247133980383
-0.831188118043529
-0.839624316312468
-0.847554706698393
-0.854971802973200
-0.861873342631489
-0.868252229291293
-0.874107151083488
-0.879431712708847
-0.884225617586338
-0.888483174754951
-0.892204671655195
-0.895385529833300
-0.898026727550578
-0.900124145768225
-0.901678926567918
-0.902685916463666
-0.903146325129490
-0.903059760262768
-0.902430381514052
-0.901255418907715
-0.899536926053622
-0.897273340342318
-0.894468418364294
-0.891121771393825
-0.887237753473121
-0.882816645512726
-0.877863022624833
-0.872377608885097
-0.866366243741924
-0.859830864344784
-0.852777091136395
-0.845207200868874
-0.837127484457974
-0.828540989866155
-0.819454666676179
-0.809872373782386
-0.799801522329941
-0.789246855685584
-0.778216355518874
-0.766715355937817
-0.754752099540849
-0.742331938037790
-0.729462980491502
-0.716152690752335
-0.702411238262687
-0.688245854566383
-0.673665486150557
-0.658677823358623
-0.643292739329460
-0.627518872944031
-0.611366506535511
-0.594844849891475
-0.577964368286120
-0.560734662085374
-0.543166697654623
-0.525270968458481
-0.507058475367252
-0.488539954652789
-0.469726662916911
-0.450629879390083
-0.431261125209850
-0.411632222358753
-0.391754869718764
-0.371641401700651
-0.351303740480957
-0.330754600713352
-0.310005938128505
-0.289070600507246
-0.267960297611483
-0.246688665454738
-0.225268383292841
-0.203713324629834
-0.182035396685146
-0.160248453015052
-0.138364629796284
-0.116398252569646
-0.0943615063278512
-0.0722689346621454
-0.0501326180999311
-0.0279671891177939
-0.00578468803065645
0.0163999233642527
0.0385747462462776
0.0607248605230691
0.0828385369353426
0.104900753403616
0.126899925944209
0.148820953190216
0.170652438841966
0.192379251553954
0.213990177812149
0.235470123373637
0.256808168477074
0.277989384377743
0.299003298779232
0.319834991197245
0.340473864468792
0.360905019445775
0.381118532476202
0.401099928394908
0.420839581890065
0.440323104096091
0.459541186622388
0.478479677457304
0.497129685943794
0.515477385498589
0.533514309289796
0.551226864350217
0.568607002366410
0.585641545066787
0.602322938450842
0.618638373533563
0.634580763061560
0.650137688329263
0.665302547449257
0.680063350025766
0.694413983921894
0.708342922524277
0.721844598620996
0.734908020698204
0.747528238106438
0.759694778747674
0.771403062329026
0.782643044455938
0.793410828402531
0.803697095963382
0.813498533528431