-0.747537750601691
-0.734711898546527
-0.147844437112766
-0.145869816174440
-0.143722164100370
-0.141402349450124
-0.138897838065699
-0.670648578905910
-0.650103939823096
-0.633921568870404
-0.617365734317801
-0.600450133382029
-0.583185791866208
-0.569784892927766
-0.549976627190930
-0.531634728709972
-0.512990974401260
-0.494049652730052
-0.474823100612854
-0.456926175342492
-0.437082163713611
-0.416996521194609
-0.396678965647579
-0.376135392804876
-0.355378207470669
-0.333205704308605
-0.313881197336068
-0.292529875535481
-0.271020442831057
-0.249371050571106
-0.227580657407292
-0.205670673430412
0.0187246064736879
-0.186169300019188
-0.161683962618072
-0.138258269126567
-0.115480075608285
-0.0926507473394623
-0.0693684971291112
-0.0485493059785015
-0.0256454715096964
-0.00236892078943579
0.0205375956804282
0.0433905461032988
0.0664575198697067
0.0883097547861783
0.111025762016148
0.133347763873225
0.155799263164099
0.178171626133540
0.200408757848365
0.222808459489631
0.244692192063241
0.265782005254080
0.287325189286748
0.308704501953814
0.329868941053058
0.350807384407491
0.425775674805867
0.408235184768373
0.398778142706081
0.419621227138358
0.439827213173745
0.459673227974464
0.479418614892444
0.498088121110219
0.516387558018158
0.535070405595981
0.553301792247724
0.571123238177741
0.588721377694117
0.605651089196367
0.621937620994086
0.638104424952641
0.653818846925315
0.669234023159876
0.684204521120921
0.698916817068246
0.713256098554721
0.726271369954732
0.739245139783930
0.751915634601082
0.764099455802969
0.775793889851634
0.802898939036768
0.818607399400056
0.802084884823235
0.810243654510056
0.819909605594039
0.828954596606147
0.837550526307106
0.845462057674225
0.852431075475324
0.859221387516652
0.865576532892302
0.871336360794176
0.876601015696555
0.881310499462100
0.885081907208173
0.888537915336848
0.891343631375948
0.893699050051424
0.895493156077084
0.896799148382311
0.897683333812781
0.897478944175948
0.896766630652747
0.895690694774310
0.894068787717929
0.891882712342622
0.893811104281711
0.897826841284867
0.881616345066468
0.873446741354588
0.868689035564707
0.863477500311431
0.857736180983663
0.851457994609560
0.844369630316213
0.836822054109581
0.828883381967741
0.820417007375644
0.811447275215632
0.802014828347843
0.791851010209350
0.781263848157588
0.770157559999982
0.758621211670976
0.746626444850658
0.734189411108828
0.721398388782690
0.707924827265387
0.693911450036684
0.679596262081685
0.664898692320246
0.649782246115351
0.635633458544162
0.623831942079424
0.603523716006221
0.583368750470665
0.566091006452519
0.548885170526644
0.531340053362448
0.513477782990265
0.495163284239397
0.476496644564007
0.457612749335951
0.438460687775698
0.419032901972215
0.399373034398683
0.379362426982742
0.359096937166301
0.338607578961681
0.317919571237956
0.297055773369165
0.276004480181520
0.254838521157130
0.233432951903205
0.211774072194738
0.190034076939623
0.168219267113784
0.146300446630384
0.124687896032273
0.104439936028682
0.0814741731020206
0.0570820603782436
0.0343427397778498
0.0121546269375438
-0.0100103990125803
-0.0321645653491854
-0.0543534530468324
-0.0765685393125668
-0.0987099231588299
-0.120771461255768
-0.142761975336361
-0.164654920329832
-0.186485465800480
-0.208240443991285
-0.229867733403311
-0.251356130600146
-0.272677757769686
-0.293833005616338
-0.314786673020603
-0.335569548707400
-0.356219874965328
-0.376649064167215
-0.396816151179473
-0.416736004992316
-0.436287340371221
-0.454949628663753
-0.474007709784491
-0.493920814574635
-0.512950549241869
-0.531180298355006
-0.549014825730811
-0.566511853593016
-0.583681877143162
-0.600537257414174
-0.617025092583057
-0.633122753257273
-0.648832091185336
-0.664143338298803
-0.679060455733049
-0.693592278895362
-0.707704509471414
-0.721388280711197
-0.734624818941411
-0.747412326441716
-0.759734931868671
-0.771597661752221
-0.783027334538355
-0.793992834724315
-0.804455889846244
-0.814421704720898
-0.823843121718829
-0.832522103943738
-0.840801634966425
-0.849189101830079
-0.856983411579623
-0.863950189097074
-0.870303434378602
-0.876118765578448
-0.881408196034754
-0.886180137981697
-0.890426254469621
-0.894119097165059
-0.897259583700585
-0.899863001847183
-0.901912945896383
-0.903435681821894
-0.904407467671734
-0.904842022788517
-0.904716486263019
-0.904033784647904
-0.902811580639852
-0.901022972772822
-0.898714996570522
-0.895868171989118
-0.892476417215250
-0.888530330778373
-0.884019200054636
-0.878879830933469
-0.873186054664488
-0.867237641030322
-0.860837591616596
-0.853775761707494
-0.846086856220743
-0.837895453236150
-0.829195986801161
-0.819991559263352
-0.810297778640728
-0.800123186700859
-0.789449406500354
-0.778288728564134
-0.766671149349189
-0.754575355103859
-0.742038172757763
-0.729041193363948
-0.715595423079371
-0.701704019776859
-0.687403322695256
-0.672681538742643
-0.657550399883329
-0.642039606381938
-0.626133127714105
-0.609841990450799
-0.593162679506058
-0.576099143000970
-0.558664865692224
-0.540990429222809
-0.523076698646869
-0.504793297899300
-0.486136556840868
-0.467175713704733
-0.447938013456015
-0.428434700707683
-0.408672398629898
-0.388666214800321
-0.368423334377604
-0.347946513743152
-0.327272584176728
-0.306402634807319
-0.285340627133284
-0.264102981743931
-0.242702536551405
-0.221150955381263
-0.199470650637389
-0.177674885099943
-0.155772788309586
-0.133782712318594
-0.111711847175374
-0.0895723710404453
-0.0673722197710859
-0.0451218586834363
-0.0228356997112310
-0.000564282336546711
0.0216501939018682
0.0438621529215866
0.0660814001717372
0.0882748326801220
0.110408349841046
0.132470849716665
0.154452207080923
0.176336583946817
0.198114416714766
0.219774496439369
0.241298991587315
0.262669867921324
0.283884266723560
0.304929129001841
0.325788375100079
0.346452294093541
0.366903655719475
0.387129160901307
0.407117437976708
0.426857212611610
0.446335356252620
0.465543990637533
0.484471619237962
0.503110429916434
0.521447176642711
0.539461336096250
0.557119157587983
0.574436151247486
0.591419572788628
0.608056666362745
0.624322638350981
0.640208838320565
0.655705225830415
0.670803715384719
0.685494604154663
0.699771879896944
0.713624396566977
0.727041491763524
0.740017574360964
0.752547934325311
0.764621211565136
0.776233264987195
0.787373590341432
0.798036328546099
0.808213244349582
0.817900998187389
0.827090793925540
0.835781044913522
0.843964767165156
0.851640603671424
0.858801450885791
0.865442143946348
0.871545489400982
0.877116379080612
0.882161100654402
0.886680123955721
0.890662038253668
0.894104886622525
0.897004730908621
0.899362268257990
0.901174100953193
0.902442091190610
0.903163279526971
0.903337504154767
0.902963615854379
0.902045291467285
0.900580273418080
0.898571843022547
0.896018806253516
0.892924065437366
0.889287391686951
0.885113410736416
0.880402345954290
0.875159694282774
0.869387160976392
0.863090684027919
0.856272333130348
0.848937058501735
0.841082894992616
0.832716643059118
0.823847789773446
0.814485525677595
0.804631489411538
0.794291362509762
0.783469974740537
0.772175417239608
0.760413311853951
0.748192391745969
0.735519007540162
0.722401198236843
0.708845885578159
0.694863047602294
0.680460103279542
0.665646622759375
0.650430737147999
0.634822052793990
0.618829185164758
0.602462599491283
0.585731562003518
0.568646897930629
0.551218830787320
0.533458506938902
0.515376495483989
0.496983644715782
0.478289092495343
0.459303412261022
0.440040640305017
0.420514183085409
0.400735282080540
0.380714536135354
0.360464114004824
0.339996003454222
0.319323049928501
0.298457435456395
0.277412451957183
0.256199939865935
0.234833261680393
0.213324917920618
0.191688824277726
0.169937115098498
0.148083923990652
0.126141290839221
0.104123460998884
0.0820426328518260
0.0599133778531581
0.0377478424320405
0.0155609506027993
-0.00663516851350099
-0.0288255490702087
-0.0509984028297181
-0.0731394256021598
-0.0952375652953234
-0.117276865658401
-0.139244632049696
-0.161125785821382
-0.182909587672664
-0.204581188935543
-0.226129455619825
-0.247539299848026
-0.268799790083350
-0.289895871487006
-0.310817046471068
-0.331548574616584
-0.352080079922779
-0.372396752370724
-0.392488685442861
-0.412341338706477
-0.431945195139493
-0.451286012761063
-0.470354607597550
-0.489136910431839
-0.507624128712965
-0.525802408138765
-0.543663322013035
-0.561193377390255
-0.578384691383768
-0.595224421705252
-0.611705516537048
-0.627815036646413
-0.643545420416794
-0.658884213630405
-0.673825223511658
-0.688356795351390
-0.702473007781096
-0.716162471986049
-0.729419741633480
-0.742233904636322
-0.754600104210520
-0.766508068009278
-0.777953457745187
-0.788926427445133
-0.799423223350676
-0.809434635279987
-0.818957500992636
-0.827983247589111
-0.836509291438945
-0.844527637421814
-0.852036274034474
-0.859027815794061
-0.865500806019577
-0.871448527335993
-0.876870164819782
-0.881759790925305
-0.886117376158771
-0.889937572172875
-0.893220478178409
-0.895961308913516
-0.898161129425991
-0.899816144309497
-0.900927957983306
-0.901493370749662
-0.901514529511090
-0.900988947264735
-0.899919369396593
-0.898304097627962
-0.896146464456463
-0.893445452041748
-0.890204949957938
-0.886424711154006
-0.882109200689416
-0.877258931116489
-0.871878925700947
-0.865970420567148
-0.859538965419110
-0.852586521600810
-0.845119143640488
-0.837139525941390
-0.828654255102794
-0.819666799892660
-0.810184329168582
-0.800211026220799
-0.789754338855172
-0.778819025622732
-0.767413121928580
-0.755542254146240
-0.743214913506819