-0.0687510596456286
-0.0909217845379582
-0.164881675137423
-0.170920402835702
-0.176988743025720
-0.183082589038324
-0.189199440400891
-0.221913034076411
-0.243289524046675
-0.264520360153912
-0.285598064346441
-0.306504945404053
-0.327228011415671
-0.348541635281964
-0.369148916426294
-0.389312838066414
-0.409243411635136
-0.428926952434391
-0.448351923277692
-0.467571467464176
-0.486480370571320
-0.505079634487087
-0.523370195969788
-0.541341692884115
-0.558998224819982
-0.576208359666879
-0.593224637246820
-0.609858898965876
-0.626119549903995
-0.642007583484848
-0.657503133368540
-0.672601069108920
-0.683052423813195
-0.700622108912892
-0.714426013573036
-0.727761617858611
-0.740675779937950
-0.753148614181735
-0.765170127186798
-0.777080507348149
-0.788319691983338
-0.799020411359407
-0.809180119336084
-0.818860512567597
-0.828031541292501
-0.836732569129704
-0.844916314907799
-0.852577742249983
-0.859715610103017
-0.866343386442377
-0.872447609796686
-0.878033541859369
-0.883026333529399
-0.887569615818452
-0.891560135821427
-0.895008712052484
-0.897921525422965
-0.900290351728699
-0.900971811122335
-0.902460939958073
-0.903652266409911
-0.903813669377146
-0.903423711291834
-0.902489190177574
-0.901014577321284
-0.899107871416451
-0.896647718737220
-0.893597297139383
-0.889955248673831
-0.885781146074405
-0.881066352701736
-0.875821486424636
-0.870054819781166
-0.863749436233450
-0.856917998467589
-0.849575307629865
-0.841709687789433
-0.833340077246303
-0.824438606510281
-0.815076282554616
-0.805220248396990
-0.794871942030699
-0.784044143922784
-0.772743185011415
-0.760635761234693
-0.748106124648309
-0.735808464223909
-0.722705333646249
-0.709127929636744
-0.695121335937033
-0.680695751286739
-0.665894323670728
-0.650713621358938
-0.635112955106712
-0.619100620574382
-0.602706179742626
-0.585948892157370
-0.568833271773658
-0.551380419530957
-0.533588009895251
-0.515471167395169
-0.497041742924323
-0.478310745832155
-0.459288811316273
-0.439978101370633
-0.420413377321012
-0.400600443866073
-0.380540961639167
-0.360250418312520
-0.339742450441316
-0.318928006929766
-0.297803869751179
-0.276868039094864
-0.255672187851137
-0.234259705061721
-0.212701876947249
-0.191015640727686
-0.169224153430512
-0.147348493174901
-0.125374664890183
-0.103310227792589
-0.0811747484777760
-0.0589909737475056
-0.0367682031074100
-0.0145267933695873
0.00772564148780597
0.0299742322010248
0.0522066639217071
0.0744049783739981
0.0965573786589803
0.118660074919946
0.140689548556176
0.162627487562672
0.184469658196168
0.206200826439549
0.227808056728755
0.249306720733700
0.270732680167256
0.291856218206498
0.312783493238427
0.333566993505534
0.354155869192919
0.374524506661232
0.394670931958081
0.414569552308653
0.434219220796839
0.453612666539941
0.472738740460241
0.491578392759228
0.510123304750704
0.528357483925769
0.546273225437433
0.563858108106905
0.581103998253066
0.597997388581222
0.614524952057453
0.630685814144183
0.646468325350435
0.661855008816562
0.676842754310442
0.691420734950477
0.705582004620320
0.719323878930681
0.732668666446079
0.745529868219688
0.757905264760172
0.769841598085079
0.781322484109592
0.792327469067559
0.802855774292556
0.812894359095572
0.822441323556087
0.831492499129784
0.840045701813548
0.848090282398279
0.855623895692418
0.862638314174561
0.869131891250866
0.875098548382323
0.880537631319354
0.885442794746231
0.889811914453742
0.893642576955100
0.896936152873305
0.899684118189920
0.901888678984094
0.903546713888979
0.904659779269669
0.905226648530930
0.905262460747026
0.904742416740985
0.903652601969806
0.902019265013677
0.899848676110853
0.897132553024296
0.893875210591793
0.890075134702808
0.885736742997083
0.880862222957207
0.875458020982356
0.869523791333279
0.863065073971595
0.856083034543604
0.848583949616541
0.840570288113776
0.832049398890054
0.823024079396199
0.813501375772021
0.803485367188569
0.792985557335264
0.782004443782312
0.770550664988745
0.758629825751615
0.746250916553003
0.733413147833518
0.720139660504218
0.706436260145355
0.692295167098804
0.677732712915001
0.662765047931736
0.647397644638739
0.631637173342120
0.615495709077410
0.598977833837426
0.582103141584450
0.564873343554848
0.547298644570781
0.529406993291929
0.511191106708149
0.492660200186134
0.473829071919939
0.454717254670673
0.435324189500554
0.415666966633885
0.395766716740718
0.375616765586129
0.355246677468012
0.334658747415433
0.313872074693256
0.292891852169583
0.271729119811229
0.250401709727257
0.228931170832686
0.207313262863224
0.185574970059508
0.163730778462501
0.141774202122308
0.119741348325354
0.0976365276467442
0.0754648067465486
0.0532501681454649
0.0310108555856792
0.00874534752446144
-0.0135230858057251
-0.0357773511150024
-0.0580213421761545
-0.0802151810867686
-0.102351331434102
-0.124432157030465
-0.146438203593464
-0.168351250147069
-0.190162994570472
-0.211859685583254
-0.233424595631337
-0.254850285382803
-0.276123568794099
-0.297228408995570
-0.318157610223766
-0.338888875785416
-0.359408978272220
-0.379696993115759
-0.399755143901291
-0.419573247704804
-0.439139534778722
-0.458434634447560
-0.477456579866504
-0.496190208536087
-0.514618104810894
-0.532737368878203
-0.550534040090327
-0.567995646902591
-0.585118423929542
-0.601879044143746
-0.618263658981297
-0.634276346736082
-0.649907333215075
-0.665142438464092
-0.679975689704807
-0.694395776566088
-0.708395253400463
-0.721966878058616
-0.735102411155325
-0.747791872357843
-0.760031871185490
-0.771809564220006
-0.783118594629984
-0.793945331439179
-0.804292182308858
-0.814151439826509
-0.823521393692411
-0.832389863481625
-0.840756820054250
-0.848615721610982
-0.855960040350912
-0.862786025045984
-0.869091891742401
-0.874870126067063
-0.880121926397357
-0.884839383750599
-0.889015754910637
-0.892653438289692
-0.895753737468674
-0.898310888725556
-0.900325775847405
-0.901794860090619
-0.902719402257863
-0.903097697487077
-0.902931179720996
-0.902217704145854
-0.900960673375844
-0.899157806541144
-0.896811256589113
-0.893918334222549
-0.890484982787813
-0.886512325204150
-0.882005975765398
-0.876965044936014
-0.871395045394743
-0.865298450493161
-0.858679153063453
-0.851539821613823
-0.843887290598117
-0.835723677980027
-0.827056325645097
-0.817888679224200
-0.808224523365857
-0.798070348222836
-0.787435427986602
-0.776324215515212
-0.764744537755392
-0.752702175073100
-0.740205574868786
-0.727261466057973
-0.713878773613405
-0.700064445385923
-0.685828056499713
-0.671177169487325
-0.656120868391696
-0.640666636615444
-0.624824939656534
-0.608605555476437
-0.592019461639375
-0.575075728933926
-0.557784887722360
-0.540157574790317
-0.522204253182797
-0.503935364959207
-0.485362626643178
-0.466496894625728
-0.447349729686207
-0.427932913741283
-0.408256694249079
-0.388333392665373
-0.368175943436325
-0.347796806840934
-0.327207694152938
-0.306421522897228
-0.285450305555646
-0.264307397090487
-0.243005000267043
-0.221556658743785
-0.199974598066527
-0.178272750380595
-0.156463009449328
-0.134559184857813
-0.112573413998836
-0.0905205739865477
-0.0684131130073253
-0.0462656013262217
-0.0240899032809969
-0.00190102853316083
0.0202891573793870
0.0424659303189882
0.0646172478604174
0.0867281264400757
0.108786919806492
0.130778430734065
0.152691659095806
0.174511699693317
0.196226719871725
0.217821492142857
0.239285098289010
0.260602527543555
0.281763018094473
0.302751612750806
0.323557773723892
0.344166699045261
0.364568220610911
0.384747650283428
0.404695281851284
0.424396823967430
0.443842912867532
0.463019119956773
0.481916198427622
0.500520136826116
0.518822389917168
0.536809226336358
0.554472414908899
0.571798721464115
0.588780318015481
0.605404193554264
0.621663082757584
0.637544347203358
0.653041325819928
0.668142040065649
0.682839976036457
0.697123276876754
0.710986193617257
0.724417528865748
0.737412033822805
0.749958995927655
0.762053679896301
0.773685905081162
0.784851524030727
0.795540905006356
0.805750502368876
0.815471363638240
0.824700545785096
0.833429556408990
0.841655870310619
0.849371640385986
0.856575073821428
0.863259012292360
0.869422194947467
0.875058172790230
0.880166296617025
0.884740721376637
0.888781414755338
0.892283236700103
0.895246777575543
0.897667720827344
0.899547160808250
0.900881293357405
0.901671858054543
0.901915892149288
0.901615732805545
0.900769132788743
0.899378998429885
0.897443809837579
0.894967062492163
0.891947978101788
0.888390629510465
0.884295022210703
0.879665814146749
0.874503702099384
0.868813803707881
0.862597538258504
0.855860620195085
0.848605248364739
0.840837637575693
0.832560724554026
0.823781247959682
0.814502839296838
0.804732722308842
0.794475257125485
0.783738145774280
0.772526504079341
0.760848477102885
0.748709774755429
0.736118964055833
0.723082494184063
0.709609365493333
0.695706684230226
0.681383835191167
0.666648564238798
0.651510628206152
0.635978403961115
0.620061996341500
0.603770406546396
0.587114077378414
0.570102580974546
0.552746613708575
0.535056289466741
0.517042596948830
0.498716215913671
0.480088376092365
0.461170266652735
0.441973342887911
0.422509269806680
0.402789683452090
0.382826712128707
0.362632155166041
0.342218587690948
0.321597947590985
0.300783166086716
0.279786262238112
0.258620557582504
0.237298162639005
0.215832732237540
0.194236417969546
0.172523171574776
0.150705159718363
0.128796603416919
0.106809656481640
0.0847587791943342
0.0626560910620578
0.0405162474730762
0.0183512765261463
-0.00382401883315728
-0.0259977064738536
-0.0481548418169960
-0.0702836200214163