0.816600867162531
0.825921613827839
0.313364214942944
0.317431396299041
0.321354840773241
0.325131305755665
0.328745726543405
0.332195011058342
0.335476729821962
0.338588619895087
0.341528455366794
0.933545877122098
0.931185571404473
0.933852075988958
0.936007542672775
0.937632752650262
0.938722032680561
0.939269148727512
0.939272022015398
0.938739214923197
0.937654115015257
0.937389629387937
0.939887911787297
0.935849775548248
0.932587320689454
0.928785348611039
0.924441504648341
0.919565635038662
0.914155214873798
0.908222435935006
0.900821284900972
0.893863129564419
0.634820603847043
0.620381698198483
0.617346019001160
0.614250287278917
0.610334332145617
0.788605718584201
0.893696811764670
0.880951231962699
0.868371767688272
0.855251753605475
0.841850007386173
0.826804032650902
0.812404225022123
0.797580973540971
0.782331307186493
0.767208159287655
0.754271177398749
0.737338973560301
0.720354043677170
0.703070524939264
0.685474826791990
0.667313527191253
0.649094160333976
0.630444690518928
0.610730048145557
0.591423374728379
0.505717508139343
0.423630464828861
0.408432345258499
0.394403138184471
0.379719167284348
0.419322944868205
0.488054448139780
0.474327899206373
0.451207789389850
0.427923265784527
0.404546829261584
0.380054651756980
0.356277112309449
0.332487791568283
0.308593614867287
0.284793466546424
0.262332774870961
0.238454791003385
0.214064763571235
0.189737544465969
0.165419989169979
0.141098688031721
0.116661221982327
0.0923633235839255
0.0676613311469873
0.0432820345812387
0.00175715926997598
-0.0641890504220531
-0.0901918699805382
-0.109386453390035
-0.128624288270663
-0.131871231035889
-0.106956538093544
-0.116892695356488
-0.141012025400766
-0.165579610655095
-0.189919467439170
-0.214529289376892
-0.238632831961974
-0.262225668597462
-0.285539495649396
-0.308516618610386
-0.330541062384843
-0.352563411946946
-0.374813746312608
-0.396731003089197
-0.418285882627369
-0.439437720153376
-0.460395517555459
-0.480866317118717
-0.501152455160250
-0.521017711958107
-0.544870192403949
-0.583936706549043
-0.607961370303206
-0.623380245293025
-0.637894814133062
-0.647500387644832
-0.641752576777702
-0.645811493964379
-0.661087566751469
-0.677553016740742
-0.693551101008509
-0.709236446337324
-0.724406855248183
-0.738809249582030
-0.752624926306456
-0.765874182911421
-0.778286859038853
-0.790106156362177
-0.801704748951636
-0.812787031292956
-0.823272409970388
-0.833140088226700
-0.842518195946026
-0.851269997289107
-0.859492568570701
-0.867169218906223
-0.875339063486369
-0.890050347573293
-0.900858301086885
-0.905171403451045
-0.907836127309293
-0.908766946145819
-0.902435109312061
-0.896996710688561
-0.897753401867302
-0.900052533626710
-0.901890357085914
-0.903184681532946
-0.903932993435796
-0.903926189665236
-0.903243916389989
-0.901934635962368
-0.899906224390304
-0.897179175480883
-0.894014267814394
-0.890323403733720
-0.886027203675058
-0.881115508509169
-0.875657975696172
-0.869618777839993
-0.863017341074440
-0.855886864422695
-0.848458396310206
-0.843299363804659
-0.837686180055503
-0.828378429142580
-0.817393943525382
-0.805497232406106
-0.790567860119843
-0.774356432653961
-0.760855706059333
-0.748688070797398
-0.736309107504231
-0.723475208345459
-0.710216110497148
-0.696425488033355
-0.682118780985723
-0.667343946814858
-0.652087963512947
-0.636333232920914
-0.620220806907437
-0.603763750074166
-0.586917234473141
-0.569672079302802
-0.552067724676830
-0.534111864642296
-0.515809335880948
-0.497192844357489
-0.478322382128095
-0.460165623940947
-0.442330782336964
-0.422879478991156
-0.402254682524295
-0.381146206045197
-0.358900566702661
-0.335618149740180
-0.313353283802311
-0.292117075786593
-0.271015769870712
-0.249765547842952
-0.228374013040388
-0.206805454973114
-0.185054626942246
-0.163156906072683
-0.141127553917412
-0.118958393564886
-0.0967166363976008
-0.0744426787938118
-0.0521238737331093
-0.0297559039175457
-0.00736161182185683
0.0150391996893474
0.0374394456826842
0.0598148444638878
0.0821486234650259
0.104089725075063
0.125534344601863
0.147351689691449
0.169654661793355
0.192041452716474
0.214626826650327
0.237560632263124
0.259983781168024
0.281549678509803
0.302658176332751
0.323543600674559
0.344225618204361
0.364719025829376
0.385023448275204
0.405124692586383
0.424990437582300
0.444628151428370
0.464008493124114
0.483074733570745
0.501863714866181
0.520341184953468
0.538505799669493
0.556345131615112
0.573847738619935
0.590992799286097
0.607777189878620
0.624112297481508
0.639810693356311
0.655232134759976
0.670558147179503
0.685624745151148
0.700391832895915
0.714957136795599
0.729025185481175
0.742300096571411
0.754915032779919
0.767022851740623
0.778661173017797
0.789806270245015
0.800512742799825
0.810766452070526
0.820494944261695
0.829748400843199
0.838499221267240
0.846715236298969
0.854443468048734
0.861626284292500
0.868298891112774
0.874444268203364
0.880054543880536
0.885135537842116
0.889677518925561
0.893648949767835
0.896973753487736
0.899744066410394
0.902103043460985
0.904022482735930
0.905442888173575
0.906409754347727
0.906846032980804
0.906574980288738
0.905625549017818
0.904074585311254
0.901975432830631
0.899322995981544
0.896140177077302
0.892430664805707
0.888173437282579
0.883366477468361
0.878038945914258
0.872164169186832
0.865772240917278
0.858848087771670
0.851407320659917
0.843453110713590
0.834987541468567
0.826018766150901
0.816552013869164
0.806579746507462
0.796080901092614
0.785075902282249
0.773650197106728
0.761818851797165
0.749557889007703
0.736881705421991
0.723786763717298
0.710192072167704
0.696096253159360
0.681539838868269
0.666569370473998
0.651193720557434
0.635431420318202
0.619293484630991
0.602785968080288
0.585905745409525
0.568681211729698
0.551107965944475
0.533206499496121
0.514982008188390
0.496448721158265
0.477617408465041
0.458500165842047
0.439106940042635
0.419452452071525
0.399541226937691
0.379376750182661
0.358966872536641
0.338360171345607
0.317582344869986
0.296634726523955
0.275524776991983
0.254267307166925
0.232836528927295
0.211229503686147
0.189470062328657
0.167593269506489
0.145615791854423
0.123555065509360
0.101425420493034
0.0792407546449735
0.0570063053971348
0.0347427249518177
0.0124591588965546
-0.00982911389546536
-0.0321092625348604
-0.0543675644495954
-0.0765903170921397
-0.0987636401021606
-0.120875154768656
-0.142910171386197
-0.164857881492013
-0.186708847570552
-0.208453733629679
-0.230066411700148
-0.251522449509470
-0.272812495072797
-0.293927843782683
-0.314855291097864
-0.335595548610694
-0.356149645904640
-0.376501665861292
-0.396629930882648
-0.416516500180589
-0.436149054356155
-0.455513238799488
-0.474598406702498
-0.493394806917579
-0.511891326351478
-0.530075219022525
-0.547937959640088
-0.565466323764505
-0.582652153188189
-0.599482595921299
-0.615949635800640
-0.632041356622678
-0.647750151758559
-0.663064675852594
-0.677980078976637
-0.692486834319015
-0.706574987217843
-0.720226458196967
-0.733435990197472
-0.746195155327494
-0.758499714757946
-0.770343533377880
-0.781730442233221
-0.792650564900184
-0.803096479023879
-0.813054560358305
-0.822521739105397
-0.831487586469321
-0.839950513374565
-0.847902431093157
-0.855343027100217
-0.862263025288005
-0.868663272709854
-0.874535145458669
-0.879879896801698
-0.884689525551487
-0.888965833104535
-0.892701572470358
-0.895899352963000
-0.898552460521693
-0.900665085699704
-0.902231996695629
-0.903256397470017
-0.903729237518487
-0.903654508991907
-0.903028244925467
-0.901856684627799
-0.900136717313997
-0.897878497621905
-0.895079262671842
-0.891744419475411
-0.887868370017775
-0.883458200383804
-0.878510650240558
-0.873034088928976
-0.867026651139445
-0.860497955438823
-0.853446117848333
-0.845881260206841
-0.837802337367131
-0.829219896571346
-0.820133524744239
-0.810554283180892
-0.800482440527574
-0.789929692641911
-0.778896906988803
-0.767396603882438
-0.755430755935004
-0.743011958535262
-0.730140869328868
-0.716829812075387
-0.703081897517989
-0.688911218700428
-0.674321611871075
-0.659328783189859
-0.643937682592251
-0.628162198746404
-0.612005671014416
-0.595482275163922
-0.578596823525595
-0.561364275069957
-0.543790352483880
-0.525890668142311
-0.507671329444214
-0.489147996917062
-0.470327416226220
-0.451225387603777
-0.431849142157448
-0.412214614270791
-0.392329542470359
-0.372210027496450
-0.351864283560869
-0.331308585037853
-0.310551835687489
-0.289610294250053
-0.268492525986859
-0.247214170230513
-0.225784825941839
-0.204220933323170
-0.182532662713253
-0.160736792223735
-0.138844296057946
-0.116871071342384
-0.0948272313551528
-0.0727281920750091
-0.0505847727594368
-0.0284125234746727
-0.00622274055200757
0.0159690478576543
0.0381512765281554
0.0603088006970585
0.0824297913249145
0.104499411401695
0.126505649041588
0.148434018200514
0.170272326818973
0.192006440034353
0.213624008226447
0.235111277347039
0.256455675255463
0.277643865444016
0.298663472108943
0.319502002388428
0.340146877392140
0.360585668516679
0.380805588407676
0.400794597827876
0.420539666415364
0.440029536596842
0.459251800216057
0.478196093954854
0.496849946893121
0.515203416876586
0.533244012624869
0.550962325437179
0.568345946077947
0.585386180880859
0.602070777153843
0.618391718858227
0.634336947428881
0.649899158191306
0.665066503189581
0.679832388351164
0.694185195961270
0.708119059985083
0.721622586658534
0.734690632619733
0.747312194151858
0.759483078667694
0.771192607527651
0.782437160769004
0.793206271843052
0.803497040016240
0.813299254892802