-0.747536694937361
-0.734703808862988
-0.148167806737206
-0.146186296364092
-0.144031449533873
-0.141704139144344
-0.139191812344228
-0.136496265367326
-0.133620105173666
-0.130565965718797
-0.127336658176472
-0.624821906118906
-0.601201328173474
-0.583419747425910
-0.565324674576224
-0.546908575178121
-0.528188584745415
-0.509172107800295
-0.489869596553918
-0.470300748151825
-0.450467157236583
-0.431505039168069
-0.414836846518321
-0.392682666070629
-0.371803420912898
-0.350722709150068
-0.329450896681482
-0.308004696459219
-0.286394299646030
-0.264636961692607
-0.242039500098735
-0.220058577995871
0.0496661220306120
0.0705394457282753
0.0798795567454244
0.0891967685224388
0.0990835501015500
-0.0462484181075706
-0.123338181572876
-0.0989619553137032
-0.0754001933995112
-0.0517731447678248
-0.0283186051631395
-0.00372283484099820
0.0196991915463148
0.0430476503415135
0.0663125079533030
0.0890360577543400
0.109650857978255
0.133269479715106
0.156269445590992
0.179034051217871
0.201585972773308
0.224238128882315
0.246358253753138
0.268347760225574
0.290744168547506
0.312283020460084
0.398733711714766
0.478294777430208
0.490407259940813
0.501113048419646
0.512099355928832
0.476544648368344
0.418078442300596
0.431050470037029
0.451448654053312
0.471456738782780
0.491030079421799
0.511192691019486
0.530067412175025
0.548418950625484
0.566346833567785
0.583691490377599
0.599497852368123
0.616054971586859
0.632452792836592
0.648262908503181
0.663563133146858
0.678425886242568
0.692893520278596
0.706699259856711
0.720378591728464
0.733282093821720
0.762660055237710
0.814727425508954
0.826063473862514
0.830337674691422
0.834365585020809
0.824482286496954
0.791078765458984
0.788066560169730
0.796863598169621
0.805602686070202
0.813734324027612
0.821779724930101
0.828933031340957
0.835214554943811
0.840876287100972
0.845884764570248
0.849769751029541
0.853345551112160
0.856731021873043
0.859469982838264
0.861570792360366
0.863036773096491
0.864063163062020
0.864332792982850
0.864163744237509
0.863356103661403
0.866295707600232
0.883762899425002
0.885678292809107
0.878888915147800
0.871150657578537
0.859135559905152
0.834201026922970
0.818054444581388
0.811505184005829
0.805810541757187
0.799567160093392
0.792962876391185
0.785789370412324
0.777805573774079
0.769216392327530
0.760061675385721
0.750142341120465
0.739689644667894
0.728988223791572
0.717797823343778
0.706073966145019
0.693822514450007
0.681183621972279
0.668003720375297
0.654393684512520
0.640359520953187
0.626956221368816
0.620075995879617
0.609247520824428
0.592095465512009
0.573554343688220
0.553719921811718
0.527987804415230
0.503464827389958
0.484544758867446
0.467123534098633
0.449482492579035
0.431581258003044
0.413422471271658
0.394802559819365
0.375817982142846
0.356532754452874
0.336887522815597
0.316921808827783
0.296847819352078
0.276595221838277
0.256113532361429
0.235408413322355
0.214560926399194
0.193530385401936
0.172338035122861
0.151033597944857
0.129859421497321
0.111339106622222
0.0927002338895452
0.0707900930599528
0.0476946021949218
0.0242422259473340
-0.00132613331133798
-0.0274332771349213
-0.0507057098124197
-0.0723923561087734
-0.0938338551314335
-0.115223215551899
-0.136528126698513
-0.157851508222129
-0.179175065869461
-0.200439867662508
-0.221650319606440
-0.242806234209573
-0.263793518062619
-0.284600431939165
-0.305261109361302
-0.325773591717265
-0.346097899711654
-0.366226844821927
-0.386164925212771
-0.405871284937717
-0.425286619734804
-0.443453628079030
-0.460801881317085
-0.479244797513752
-0.498305864759287
-0.517267683341813
-0.536659115983847
-0.556355315131672
-0.574611840283860
-0.591455636314122
-0.607677591180383
-0.623516859634936
-0.638969473416407
-0.654072028024410
-0.668839157289369
-0.683232424606867
-0.697243137034509
-0.710872309877574
-0.724072744825491
-0.736813491213713
-0.749113434539786
-0.760973569110423
-0.772380725921638
-0.783318554122790
-0.793796617194255
-0.803791444609324
-0.813305753597474
-0.821987060001047
-0.829764761545518
-0.837504475586585
-0.845312930736699
-0.852778480968638
-0.859983530821558
-0.867041977324229
-0.873228939607312
-0.878269375519454
-0.882531173632428
-0.886226137567858
-0.889375213378556
-0.892004295314507
-0.894117979398470
-0.895721710609671
-0.896768623594616
-0.897319101905558
-0.897340785987851
-0.896754508647146
-0.895691219465596
-0.894048114733077
-0.891859111846273
-0.889147882878804
-0.885887659693205
-0.882077326019222
-0.877739810515279
-0.872810950275764
-0.867089742625849
-0.860965491543849
-0.854625300765533
-0.847893232499466
-0.840749909249188
-0.833275922969364
-0.825216471359514
-0.816339884109261
-0.806789655135493
-0.796709461745995
-0.786136921238638
-0.775060139617236
-0.763553844621093
-0.751616103101749
-0.739187747504010
-0.726349162512178
-0.713065064214160
-0.699309275223187
-0.685176169847077
-0.670587390877657
-0.655599625802459
-0.640222616882403
-0.624442917880821
-0.608291987645442
-0.591769528802232
-0.574865686056455
-0.557507279495710
-0.539812464217309
-0.521938094404021
-0.503846565328220
-0.485492442537195
-0.466915683110996
-0.448061438509355
-0.428789145563046
-0.409145600835422
-0.389206347679881
-0.369029428609722
-0.348620372399531
-0.328010171814050
-0.307217697872449
-0.286230204779723
-0.265070306404394
-0.243762782840014
-0.222286051684808
-0.200690510868611
-0.178965302694092
-0.157129164296347
-0.135203747846765
-0.113190970947296
-0.0911136153721380
-0.0689813113801079
-0.0468000567203639
-0.0245513664190979
-0.00226798542100760
0.0199559884305205
0.0421057849016056
0.0642039266410673
0.0862336673721640
0.108194502692312
0.130147727877433
0.152086622006638
0.173967207095738
0.195746046562409
0.217407408394966
0.238934483756692
0.260306592703615
0.281519515143777
0.302563313870449
0.323415019415045
0.344076706977674
0.364526846119903
0.384753614101313
0.404750171317077
0.424497092639960
0.443987792893251
0.463206731256615
0.482144000678595
0.500789533470680
0.519145709826375
0.537200702832058
0.554909717967354
0.572246841773747
0.589220378080046
0.605822372966177
0.622046710794858
0.637912393551759
0.653426728741915
0.668565270859305
0.683304681019204
0.697628107488326
0.711528998553823
0.724991761186087
0.738013320495582
0.750586410480399
0.762701957244309
0.774353915189647
0.785538210846930
0.796242023552293
0.806465933546437
0.816197475947558
0.825435473894320
0.834170295893288
0.842400275849218
0.850117441233791
0.857325886031678
0.864020225874942
0.870187364255071
0.875807849703957
0.880888478631978
0.885426385156379
0.889424015337794
0.892885867916122
0.895825734968986
0.898233434718924
0.900103928832139
0.901426447745542
0.902204776085923
0.902431406993756
0.902111453988454
0.901242023114316
0.899827632193221
0.897864619810192
0.895360745858910
0.892310479205051
0.888722455826369
0.884592845911479
0.879929517657379
0.874730077514493
0.869002925329756
0.862746377522376
0.855971513485581
0.848679074769563
0.840874731439151
0.832550909423462
0.823719028702315
0.814382028878217
0.804551833005170
0.794232964607193
0.783443539019268
0.772184638425641
0.760464574599533
0.748281842409695
0.735648577753794
0.722566265650379
0.709047860351899
0.695097170970741
0.680727863124120
0.665943312726638
0.650758529536176
0.635176967160619
0.619213451995585
0.602872687102073
0.586169323692488
0.569108750881361
0.551706040809750
0.533967067414896
0.515907922506097
0.497536064363360
0.478866032687973
0.459901322715521
0.440657114597081
0.421142350540110
0.401373769491914
0.381360687211862
0.361122339473457
0.340668012091874
0.320012231478620
0.299161941017797
0.278132680377958
0.256933357026618
0.235579899827867
0.214082304384218
0.192456926177397
0.170713688518565
0.148869066169458
0.126933374333333
0.104922556293515
0.0828474943350558
0.0607238743838208
0.0385628308582897
0.0163799484418548
-0.00581339264056069
-0.0280015908473678
-0.0501724903211816
-0.0723111805287730
-0.0944072684563743
-0.116446776841032
-0.138417030183730
-0.160303057771528
-0.182092050482082
-0.203768575837536
-0.225319398657045
-0.246731467719360
-0.267993268781414
-0.289092170892143
-0.310015765195816
-0.330751538668266
-0.351286748415398
-0.371609066467529
-0.391705853575964
-0.411565343939770
-0.431174819309840
-0.450523274082540
-0.469598002061818
-0.488388579526885
-0.506882424330883
-0.525069692747737
-0.542937908032728
-0.560477795235730
-0.577676772257074
-0.594526274070060
-0.611014681252962
-0.627134710283457
-0.642874201705698
-0.658225701096964
-0.673177151557571
-0.687721565155274
-0.701846847974575
-0.715547465096509
-0.728812623348618
-0.741637783736970
-0.754012096298135
-0.765931520264742
-0.777385392458590
-0.788370268130892
-0.798875833758849
-0.808899475486391
-0.818431211037251
-0.827469283476714
-0.836004139665245
-0.844034797648005
-0.851552153402311
-0.858556011692028
-0.865037709943868
-0.870997829082388
-0.876428074756027
-0.881329791463215
-0.885695468511475
-0.889527610207375
-0.892819023878340
-0.895572527212675
-0.897781293132228
-0.899448840778172
-0.900568722794267
-0.901145451062502
-0.901173645494392
-0.900658821180340
-0.899596044300115
-0.897991410687876
-0.895840481169355
-0.893149993095178
-0.889916064407381
-0.886146175023474
-0.881837028248139
-0.876996819243744
-0.871622885123675
-0.865724092463776
-0.859298398895620
-0.852355327832214
-0.844893450338977
-0.836922917481256
-0.828442882791806
-0.819464075069368
-0.809986370821570
-0.800021271762910
-0.789569267504768
-0.778642194197063
-0.767241034751356
-0.755378117077412
-0.743054972294037