-0.0690641722246180
-0.0912178049642946
-0.165196408205656
-0.171245099934827
-0.177323391239249
-0.183427166611205
-0.189553914199063
-0.195698745690905
-0.201856624648186
-0.208022654176182
-0.214191797190217
-0.308723971003089
-0.329984243230899
-0.350432328563018
-0.370682868096523
-0.390724177472113
-0.410533447935118
-0.430097040926567
-0.449402425461056
-0.468438466770952
-0.487186957778261
-0.505884590219461
-0.525051065268577
-0.543167109477227
-0.560783899776171
-0.578062639460593
-0.594990607966490
-0.611560938578819
-0.627760915227227
-0.643585474241881
-0.658781784801726
-0.673804551568044
-0.684486725877158
-0.690921143926174
-0.697225575746005
-0.703447055800761
-0.709417882246584
-0.742357300476029
-0.770358630191156
-0.781989276648483
-0.792971574288272
-0.803478608837058
-0.813531402222522
-0.823081197809333
-0.832103416567871
-0.840628623881945
-0.848643815139279
-0.856244217041491
-0.863922035376509
-0.870608453274905
-0.876623489267673
-0.882104576156647
-0.887060799564819
-0.891551656073113
-0.895452414086673
-0.898792450744076
-0.901474216692650
-0.903706395187963
-0.904451219853658
-0.901925242258682
-0.898839605198941
-0.895516186603765
-0.891818523212842
-0.895867593236221
-0.906132890440036
-0.905378369243070
-0.902656443442844
-0.899380004566976
-0.895576908683062
-0.891247342776146
-0.886344524484163
-0.880906742193468
-0.874940448434801
-0.868484956923747
-0.861830627238825
-0.854509762590003
-0.846517556407606
-0.838000452968944
-0.828983122316643
-0.819524574274128
-0.809554742260791
-0.799062583440507
-0.788039922875350
-0.776564128402870
-0.764417214507615
-0.750538375086874
-0.735871603881974
-0.720951221301405
-0.705741296750182
-0.692611055461113
-0.684122227365493
-0.671173864813310
-0.655851572768942
-0.640023075415214
-0.623814856588570
-0.607250435553347
-0.590300199379132
-0.572988886346499
-0.555336791451747
-0.537368145960057
-0.519228688644912
-0.500782139165447
-0.481917275560686
-0.462738979749333
-0.443284909733274
-0.423599052943406
-0.403667645506868
-0.383466475864451
-0.363011289077592
-0.342338391703645
-0.321425515196645
-0.299826192876342
-0.277716922506307
-0.255508669855190
-0.233255843445903
-0.211635172260760
-0.192448450145717
-0.172242950617467
-0.150417617254829
-0.128257525016928
-0.106016059085379
-0.0837264300543642
-0.0613825151646517
-0.0389963241925675
-0.0165914660216014
0.00581250752516056
0.0281445179178379
0.0504165116937241
0.0727165251594958
0.0949892079486058
0.117198443824791
0.139317573776109
0.161334573973156
0.183266276913213
0.205098884057578
0.226809697952429
0.248382842116942
0.269974351693092
0.291610780261865
0.313075937938476
0.334281783620548
0.355047024333612
0.374447304896378
0.393531883298190
0.413208642999478
0.432928999527739
0.452407864506573
0.471603423529639
0.490510522163914
0.509123629845688
0.527425934246999
0.545401881509392
0.563018701574643
0.580257366653081
0.597166448462337
0.613728181895510
0.629913671313740
0.645707095186970
0.661097049297179
0.676088392438303
0.690679305951867
0.704853266478173
0.718598974813262
0.731960257182862
0.744985946166422
0.757588336083139
0.769699341331017
0.781255006459378
0.791893993431833
0.801789709789586
0.811561415872499
0.821080426906967
0.830142962636505
0.838698423898247
0.846744237196600
0.854276996256473
0.861293846856221
0.867783814478460
0.873738283120525
0.879139467131683
0.884014324971304
0.888364182014637
0.892178343835799
0.895445671021480
0.898165624389946
0.900338709465738
0.901974261095281
0.903064129296818
0.903609001864556
0.903619252021683
0.903132663655796
0.902124276506703
0.900560547285417
0.898413889388890
0.895559682688426
0.891973464873814
0.887965124088168
0.883572712102752
0.878693361053164
0.873282407479994
0.867343486458931
0.860877482999695
0.853893784233813
0.846389330681779
0.838370690954174
0.829830703444739
0.820789381225393
0.811256170009849
0.801237308275238
0.790729473030333
0.779742337745873
0.768279354435841
0.756357171513942
0.743976600147822
0.731157130134805
0.717897334928318
0.704230416945961
0.690152785897420
0.675658268945601
0.660737028254399
0.645356704173442
0.629481345063294
0.613245158441452
0.596719697011792
0.579872997301793
0.562682536895393
0.545149595176264
0.527285269487177
0.509094531125285
0.490597018025284
0.471778186014283
0.452690950479129
0.433332292865645
0.413679775078283
0.393827504601264
0.373706929781426
0.353353312178565
0.332802751265446
0.312039921074990
0.291084526734816
0.269962620638317
0.248698652795881
0.227279049271133
0.205733356785435
0.184067153587558
0.162268487349817
0.140358076354738
0.118318786175199
0.0961912858797400
0.0740397875392177
0.0518746223569089
0.0296866100066753
0.00747574822210198
-0.0147461306265503
-0.0369588981775447
-0.0591503489676303
-0.0813071967565779
-0.103399238329952
-0.125434157052046
-0.147405961074785
-0.169267298200694
-0.191038893413914
-0.212699265309417
-0.234221651320096
-0.255611625998881
-0.276843550195870
-0.297907990122554
-0.318783263710670
-0.339466473991379
-0.359931602192502
-0.380164949056445
-0.400175917407255
-0.419950445635986
-0.439494071236401
-0.458784594471179
-0.477785834725487
-0.496479948182251
-0.514868237631290
-0.532946004220884
-0.550702623582050
-0.568130005263346
-0.585212966933412
-0.601943232503067
-0.618296171064240
-0.634276163074575
-0.649878117502415
-0.665081730049116
-0.679882785078085
-0.694278156364132
-0.708249362867444
-0.721796570521943
-0.734905150779490
-0.747570702489836
-0.759779689787934
-0.771529534674403
-0.782807916862184
-0.793606185538240
-0.803924636699816
-0.813761815649864
-0.823115372795302
-0.831981266410805
-0.840339800046382
-0.848182875167288
-0.855507045965347
-0.862315417037792
-0.868601128953833
-0.874365904076370
-0.879600077336139
-0.884305483225649
-0.888469059281612
-0.892096231146430
-0.895184672923889
-0.897733345617808
-0.899735622291538
-0.901198892477219
-0.902114501106924
-0.902487958737263
-0.902313671301257
-0.901596452752165
-0.900330760410458
-0.898522460011156
-0.896167575370858
-0.893269889315151
-0.889829186645960
-0.885855104606256
-0.881347149960448
-0.876314017964097
-0.870748922481397
-0.864656232430428
-0.858035333190355
-0.850897950528104
-0.843243899345182
-0.835084064065634
-0.826417181681592
-0.817254075143040
-0.807592715880034
-0.797444682198639
-0.786813074088727
-0.775709096953998
-0.764132761019975
-0.752098369099353
-0.739607158857896
-0.726671833794605
-0.713295141127046
-0.699490104465403
-0.685259559744130
-0.670617038463447
-0.655566492247555
-0.640120952557184
-0.624285400196718
-0.608075983561384
-0.591498541375872
-0.574568724242075
-0.557290319307545
-0.539676089066434
-0.521731768859690
-0.503473997951516
-0.484909947566949
-0.466055721731732
-0.446918168196202
-0.427513047287851
-0.407847216198597
-0.387936305843566
-0.367789400789456
-0.347422786220575
-0.326844155442264
-0.306070302639862
-0.285110249991827
-0.263979881858352
-0.242688720893395
-0.221252773572742
-0.199681701671293
-0.177991434510420
-0.156192240451988
-0.134299744222715
-0.112324451227867
-0.0902830385061812
-0.0681868735520261
-0.0460521182484929
-0.0238894312305471
-0.00171309678723722
0.0204659264733962
0.0426319044232409
0.0647727179475437
0.0868731613505777
0.108921320817953
0.130902653021714
0.152805260121500
0.174615163975215
0.196319712560518
0.217904743172861
0.239358178297264
0.260666444805357
0.281816838448687
0.302796509411350
0.323592821588364
0.344193312152679
0.364585393106290
0.384757163193163
0.404695932331887
0.424390364781726
0.443827914802709
0.462997394394629
0.481885894385223
0.500482915135810
0.518776030102122
0.536756158148492
0.554411250580072
0.571732187996952
0.588706429000199
0.605325520006122
0.621577293214275
0.637454189101501
0.652944346755678
0.668041029261933
0.682732429330332
0.697012194037998
0.710868963034470
0.724297340278555
0.737286030409963
0.749830408797902
0.761919609670169
0.773549744200990
0.784710299630351
0.795398194730841
0.805603246257274
0.815323139065169
0.824548137786427
0.833276588917650
0.841498927703000
0.849214276473282
0.856413662354532
0.863097359028812
0.869257081250761
0.874893666467271
0.879998939797391
0.884574446057676
0.888612588723075
0.892115813739936
0.895077100901041
0.897499734611648
0.899377183022033
0.900713340858729
0.901502235538002
0.901748661688299
0.901447144221291
0.900603193799737
0.899211966803343
0.897279720246322
0.894802191595768
0.891786380275785
0.888228607946799
0.884136568322376
0.879507207242115
0.874348880516289
0.868659027649885
0.862446634422503
0.855709814273219
0.848458357381423
0.840691144034957
0.832418536441345
0.823639854706243
0.814365975814464
0.804596869060073
0.794344043741925
0.783608133013120
0.772401220275766
0.760724557233232
0.748590674791837
0.736001419714810
0.722969872077458
0.709498490626067
0.695600779449867
0.681279826585684
0.666549571659988
0.651413701719707
0.635886551737603
0.619972399502789
0.603685926021395
0.587031996404700
0.570025607821085
0.552672146488309
0.534986858698075
0.516975704726604
0.498654242952314
0.480029056380890
0.461115914467615
0.441921845280259
0.422462727227374
0.402746097408845
0.382787993813104
0.362596468546267
0.342187667659742
0.321570118331143
0.300759994144288
0.279766251095935
0.258605100387122
0.237285937696366
0.215824934274006
0.194231895707542
0.172522939482518
0.150708254379141
0.128803857497570
0.106820296134636
0.0847734424509641
0.0626741766710068
0.0405381930964766
0.0183766599783440
-0.00379496657075822
-0.0259652370905557
-0.0481189229377290
-0.0702442825977065