-0.74747
-0.73432
-0.72077
-0.70714
-0.69343
-0.67875
-0.66357
-0.64832
-0.633
-0.61663
-0.59995
-0.58322
-0.56644
-0.54856
-0.53054
-0.51248
-0.4943
-0.47519
-0.456
-0.43679
-0.4171
-0.3977
-0.37707
-0.35661
-0.33625
-0.31573
-0.29443
-0.27324
-0.25215
-0.23083
-0.20896
-0.18721
-0.1656
-0.14358
-0.12173
-0.099653
-0.077363
-0.055176
-0.033103
-0.010785
0.011582
0.033809
0.055882
0.078132
0.10041
0.12247
0.1444
0.16626
0.18816
0.21004
0.23158
0.25288
0.27429
0.2955
0.31639
0.33704
0.3577
0.3781
0.39813
0.41796
0.43758
0.45688
0.47603
0.49483
0.51329
0.53143
0.54936
0.56689
0.58403
0.60084
0.61738
0.63347
0.64913
0.66442
0.67934
0.69396
0.70806
0.72164
0.73488
0.74772
0.76003
0.77185
0.78326
0.79423
0.80466
0.81457
0.82409
0.83299
0.84149
0.84947
0.85689
0.86379
0.87022
0.87611
0.88144
0.88624
0.89054
0.8943
0.89747
0.9001
0.9022
0.90383
0.90487
0.90531
0.90522
0.90462
0.90347
0.90173
0.89945
0.89668
0.89332
0.88941
0.885
0.88005
0.87453
0.86851
0.86197
0.85487
0.8473
0.83921
0.8306
0.82148
0.81188
0.8018
0.79124
0.78014
0.7686
0.75662
0.74419
-0.61893
0.60481
-0.41807
0.24192
-0.12009
0.036306
0.016187
-0.036391
0.045848
-0.045381
0.04193
-0.027076
0.017737
-0.0039699
0.0013274
0.0046502
-0.0031561
0.0044144
-0.0018312
0.0024092
-0.0084359
0.0086988
-0.0092898
0.010862
-0.01153
-0.079164
0.13686
-0.10923
0.035412
0.019438
-0.065033
0.081167
-0.090166
0.079657
-0.071503
0.048199
-0.037985
0.017601
-0.01456
-0.0097765
0.010865
-0.028708
0.02386
-0.027424
0.012919
-0.013705
-0.00049674
-0.0024492
-0.010166
0.0037173
-0.0060381
-0.007522
-0.019891
0.030709
-0.044167
0.03009
-0.033841
0.017564
-0.025196
0.012539
-0.021894
0.0090561
-0.019468
0.0064484
-0.018751
0.0062009
-0.013387
-0.0050669
-0.0025106
-0.014092
0.0044367
-0.01894
0.0063123
-0.016813
0.0011077
-0.011505
-0.0050484
0.00026763
-0.020481
0.0072787
-0.015849
-9.7152e-005
-0.01235
-0.00026466
-0.01256
-0.0011161
-0.011599
-0.0030426
-0.010044
-0.0049919
-0.0078023
-0.0054867
-0.0053201
-0.0072327
-0.0055622
-0.0076854
-0.0048146
-0.0082897
-0.0045811
-0.0076695
-0.0055225
-0.0025011
-0.010458
0.00036372
-0.010737
-0.0033331
-0.0076309
-0.0028566
-0.0088609
-0.0019955
-0.0082375
-0.0030822
-0.0064728
-0.0043123
-0.0049388
-0.0049879
-0.0046247
-0.0058611
-0.0027817
-0.0056742
-0.0028663
-0.0057962
-0.0024422
-0.0054323
-0.0025203
-0.0048761
-0.0027001
-0.003688
-0.0037843
-0.0028118
-0.0030943
-0.0026894
-0.0035872
-0.0014639
-0.0037397
-0.0014146
-0.0028625
-0.0020367
-0.0016717
-0.0024095
-0.00097782
-0.0022166
-0.00065198
-0.0021505
-0.00064944
-0.0015957
-0.00013112
-0.0013169
-0.00017766
-0.00071686
-0.00015141
-0.00024472
-0.00010316
0.00023355
5.8181e-006
0.00040333
0.00036976
0.00095945
0.00047005
0.0010344
0.0010975
0.0010003
0.0014233
0.0012943
0.0017152
0.0014819
0.0021228
0.0014902
0.002604
0.001731
0.0026709
0.0019297
0.0030252
0.0022282
0.0030923
0.002569
0.0031956
0.002919
0.0032557
0.0032261
0.0033951
0.0034858
0.0034126
0.0037608
0.0036905
0.0038174
0.0039069
0.0039619
0.004051
0.0040785
0.0042478
0.0041561
0.0044621
0.0041997
0.004581
0.0043704
0.0046904
0.0044247
0.004738
0.0046066
0.0047716
0.0046922
0.0048081
0.0047994
0.0048234
0.0048714
0.0048417
0.0049485
0.0048355
0.0049304
0.0048861
0.0049486
0.0048821
0.0049253
0.0048966
0.0048684
0.0048963
0.0048077
0.0048739
0.012669
0.022884
0.03279
0.042505
0.051937
0.060955
0.069557
0.077809
0.085739
0.093287
0.10053
0.10739
0.11393
0.12007
0.126
0.13161
0.13692
0.14173
0.14626
0.15053
0.15465
0.15855
0.16218
0.16546
0.16838
0.17204
0.17814
0.18483
0.19089
0.19642
0.20148
0.20597
0.20991
0.21327
0.21614
0.21845
0.22026
0.22154
0.22239
0.2234
0.22458
0.22565
0.22618
0.22604
0.22528
0.22392
0.22197
0.21944
0.21636
0.21273
0.20857
0.20418
0.20058
0.19729
0.1934
0.18886
0.18374
0.17802
0.17172
0.16486
0.15754
0.14972
0.1414
0.13258
0.12327
0.1135
0.1033
0.092687
0.081663
0.070228
0.058391
0.046197
0.033658
0.020789
0.0076115
-0.0058545
-0.01959
-0.033504
-0.04712
-0.06033
-0.073626
-0.087181
-0.10101
-0.11513
-0.12953
-0.14419
-0.15907
-0.17415
-0.18941
-0.20483
-0.22038
-0.23603
-0.25174
-0.26752
-0.28333
-0.29917
-0.31503
-0.33088
-0.34669
-0.36244
-0.37811
-0.39368
-0.40914
-0.42445
-0.43945
-0.45398
-0.46827
-0.48245
-0.4965
-0.51038
-0.52409
-0.53762
-0.55094
-0.56402
-0.57687
-0.58945
-0.60175
-0.61376
-0.62545
-0.63679
-0.64777
-0.6584
-0.66868
-0.6786
-0.68814
-0.69729
-0.70604
-0.71438
-0.7223
-0.72978
-0.73676
-0.74313
-0.74898
-0.75439
-0.75936
-0.7639
-0.76798
-0.77161
-0.77477
-0.77745
-0.77965
-0.78136
-0.78257
-0.78329
-0.7835
-0.7832
-0.78239
-0.78107
-0.77924
-0.7769
-0.77404
-0.77067
-0.76678
-0.76238
-0.75746
-0.75203
-0.74606
-0.73952
-0.73242
-0.72482
-0.71675
-0.7082
-0.69918
-0.6897
