0.81643
0.82545
0.83404
0.84247
0.8507
0.85788
0.86446
0.87086
0.87707
0.88203
0.88652
0.89084
0.89497
0.89765
0.90002
0.90221
0.9041
0.90459
0.90482
0.90487
0.90419
0.9034
0.90099
0.89851
0.89584
0.89267
0.88828
0.88368
0.87891
0.87349
0.867
0.86032
0.85349
0.84579
0.83776
0.82906
0.81971
0.81005
0.80006
0.78931
0.77805
0.76649
0.75463
0.74206
0.72887
0.71551
0.70181
0.68762
0.67279
0.6575
0.64207
0.62633
0.60996
0.59323
0.57633
0.5591
0.54129
0.52322
0.50501
0.48646
0.46757
0.44838
0.42884
0.40909
0.38921
0.36899
0.34846
0.3278
0.30705
0.28603
0.26473
0.24334
0.22192
0.20028
0.17851
0.1565
0.13454
0.11256
0.090412
0.068168
0.04597
0.023821
0.001495
-0.02083
-0.043048
-0.06519
-0.087393
-0.10949
-0.1316
-0.15361
-0.17547
-0.19722
-0.21895
-0.2405
-0.26186
-0.28306
-0.30415
-0.32506
-0.34571
-0.36616
-0.3864
-0.40648
-0.42627
-0.44575
-0.46499
-0.48398
-0.50267
-0.52098
-0.53904
-0.55681
-0.57419
-0.59119
-0.60787
-0.62418
-0.64013
-0.6557
-0.67086
-0.68556
-0.69993
-0.71386
-0.72733
-0.74035
-0.75294
-0.76511
-0.7768
-0.78796
-0.79869
-0.80895
-0.81873
-1.3233
-0.80577
-1.1424
-1.0098
-1.0599
-1.0723
-1.0172
-1.08
-1.0245
-1.0583
-1.0343
-1.0472
-1.031
-1.0222
-1.0246
-1.0119
-1.0108
-1.0008
-0.99551
-1.0087
-0.99735
-0.99266
-0.97983
-0.96894
-0.96028
-0.70482
-0.56471
-0.69925
-0.62757
-0.64553
-0.67227
-0.61759
-0.66221
-0.60978
-0.63945
-0.60879
-0.6132
-0.60211
-0.59499
-0.65305
-0.67626
-0.64089
-0.6308
-0.6193
-0.60327
-0.5826
-0.57013
-0.55153
-0.54113
-0.517
-0.52713
-0.54918
-0.45171
-0.42508
-0.43749
-0.40026
-0.39759
-0.3775
-0.35885
-0.34448
-0.32552
-0.31138
-0.29154
-0.27256
-0.25059
-0.22857
-0.22388
-0.20364
-0.18847
-0.16774
-0.147
-0.12647
-0.10072
-0.085211
-0.062907
-0.043668
-0.014274
-0.01342
0.0054516
0.042446
0.053759
0.073606
0.094384
0.11191
0.12906
0.14941
0.16623
0.18654
0.20439
0.22599
0.25458
0.28262
0.30383
0.31654
0.3322
0.34699
0.36279
0.37734
0.39539
0.41079
0.42538
0.44016
0.45675
0.47341
0.47762
0.49144
0.50981
0.52085
0.53613
0.55034
0.56329
0.57704
0.5902
0.60226
0.61389
0.62342
0.63314
0.64748
0.66256
0.67359
0.68239
0.69131
0.70067
0.70836
0.71676
0.72457
0.7327
0.73847
0.74457
0.75253
0.75821
0.76203
0.76722
0.77257
0.77551
0.78013
0.78373
0.78643
0.7894
0.79126
0.79362
0.79434
0.79395
0.79313
0.79344
0.79391
0.7922
0.79023
0.78808
0.78539
0.78181
0.77822
0.77425
0.77017
0.7649
0.76003
0.75527
0.74926
0.74192
0.73497
0.72692
0.71853
0.71006
0.70116
0.69185
0.68223
0.67187
0.66167
0.65082
0.63885
0.62671
0.61486
0.60284
0.59003
0.57691
0.56363
0.54996
0.53583
0.52135
0.50676
0.49164
0.47617
0.46068
0.44541
0.42936
0.41304
0.39639
0.37945
0.36221
0.34491
0.32734
0.30969
0.29169
0.27355
0.25542
0.23713
0.21841
0.19958
0.18089
0.16206
0.14302
0.12395
0.10484
0.085636
0.066356
0.047066
0.027706
0.0082672
-0.011303
-0.030672
-0.049945
-0.069254
-0.088577
-0.10782
-0.12708
-0.14624
-0.16532
-0.18426
-0.20308
-0.22037
-0.23593
-0.25131
-0.26671
-0.28214
-0.29755
-0.3129
-0.32821
-0.34347
-0.3586
-0.37365
-0.38858
-0.4034
-0.41809
-0.43265
-0.44708
-0.46138
-0.47545
-0.48931
-0.5029
-0.51609
-0.52892
-0.54148
-0.55383
-0.56595
-0.57839
-0.59198
-0.60578
-0.61919
-0.6322
-0.64485
-0.65708
-0.6689
-0.6803
-0.69129
-0.70184
-0.71195
-0.72161
-0.73078
-0.73882
-0.74583
-0.75202
-0.75784
-0.7633
-0.7684
-0.77317
-0.77759
-0.78164
-0.78532
-0.78862
-0.79152
-0.79417
-0.79707
-0.79996
-0.80237
-0.80427
-0.80569
-0.80659
-0.80696
-0.80679
-0.80605
-0.80475
-0.80292
-0.80059
-0.79775
-0.79443
-0.79063
-0.78634
-0.78155
-0.77627
-0.77047
-0.76419
-0.75742
-0.75015
-0.74241
-0.73418
-0.72549
-0.71635
-0.70699
-0.69736
-0.68717
-0.67642
-0.66518
-0.6535
-0.64138
-0.62881
-0.61582
-0.60241
-0.58859
-0.57436
-0.55973
-0.54472
-0.52934
-0.51359
-0.49749
-0.48103
-0.46422
-0.44708
-0.42962
-0.41183
-0.39374
-0.37535
-0.35668
-0.33776
-0.31869
-0.29954
-0.2802
-0.26062
-0.2408
-0.22077
-0.20054
-0.18011
-0.15951
-0.13876
-0.11785
-0.096821
-0.075676
-0.054434
-0.033109
-0.01171
0.0097582
0.031274
0.052815
0.074358
0.095886
0.11738
0.13884
0.16024
0.18156
0.2028
0.22391
0.24483
0.26559
0.28622
0.30672
0.32708
0.34727
0.36728
0.3871
0.40672
0.42612
0.44528
0.4642
0.48286
0.50123
0.51931
0.53709
0.55455
0.57168
0.58848
0.60493
0.62101
0.63672
0.65205
0.66699
0.68151
0.69562
0.70926
0.72245
0.7352
0.74751
0.75937
0.77078
0.78172
