-0.068956
-0.091132
-0.11327
-0.13532
-0.15727
-0.17913
-0.2009
-0.22254
-0.24407
-0.2654
-0.28657
-0.30762
-0.32854
-0.34909
-0.36948
-0.38973
-0.4098
-0.4294
-0.44882
-0.46809
-0.48709
-0.5057
-0.52391
-0.54189
-0.55959
-0.57694
-0.59385
-0.61045
-0.62676
-0.64266
-0.65804
-0.67311
-0.6879
-0.70221
-0.71603
-0.72941
-0.74235
-0.75487
-0.76696
-0.77853
-0.78963
-0.80029
-0.81051
-0.82019
-0.82928
-0.83798
-0.84621
-0.85388
-0.86095
-0.86754
-0.87366
-0.87921
-0.88425
-0.88873
-0.89272
-0.89614
-0.89899
-0.90131
-0.90315
-0.90442
-0.90515
-0.90526
-0.90487
-0.90392
-0.9025
-0.90042
-0.89781
-0.89469
-0.89108
-0.88688
-0.8821
-0.87681
-0.87105
-0.86471
-0.85785
-0.85046
-0.84259
-0.8342
-0.82529
-0.81588
-0.806
-0.79567
-0.78475
-0.7734
-0.76161
-0.74938
-0.7367
-0.7235
-0.70989
-0.69586
-0.68142
-0.66657
-0.65128
-0.63561
-0.61958
-0.60318
-0.58639
-0.56923
-0.55176
-0.53394
-0.5158
-0.49734
-0.4786
-0.45956
-0.44023
-0.42064
-0.40081
-0.38075
-0.36041
-0.33987
-0.31913
-0.29821
-0.27712
-0.25587
-0.2344
-0.21281
-0.19112
-0.1693
-0.14737
-0.12536
-0.10327
-0.081137
-0.058935
-0.036691
-0.014442
0.007824
0.03009
0.052332
0.074545
-0.39859
0.14975
-0.15659
0.0057065
-0.015368
0.00067286
0.083597
0.047996
0.1298
0.12177
0.17074
0.18207
0.22184
0.2535
0.27303
0.30691
0.32846
0.35819
0.38223
0.38706
0.41549
0.43644
0.46459
0.48996
0.51224
0.78045
0.93236
0.80871
0.8904
0.88152
0.86297
0.92487
0.88656
0.94436
0.91907
0.95319
0.95124
0.96388
0.97164
0.91326
0.88877
0.9219
0.92885
0.93629
0.94729
0.962
0.96755
0.97831
0.97991
0.99432
0.97356
0.94
1.025
1.0383
1.0117
1.0339
1.0206
1.0239
1.0249
1.0208
1.0204
1.0145
1.0134
1.0106
1.0101
1.0089
0.98957
0.98508
0.9748
0.96943
0.96334
0.95638
0.95398
0.94071
0.93359
0.9228
0.92159
0.89129
0.87845
0.88321
0.86177
0.8484
0.83549
0.81888
0.80146
0.78685
0.76831
0.75288
0.73469
0.71989
0.71181
0.7029
0.68691
0.6622
0.64021
0.61718
0.59499
0.57142
0.55122
0.52831
0.50448
0.48081
0.45895
0.43712
0.40287
0.37829
0.35833
0.33113
0.30827
0.28447
0.25957
0.23568
0.21143
0.18632
0.16101
0.13389
0.10721
0.085496
0.064862
0.040553
0.014393
-0.011248
-0.036017
-0.062019
-0.086832
-0.11176
-0.13582
-0.16177
-0.18679
-0.20947
-0.2337
-0.25932
-0.28289
-0.30572
-0.33033
-0.3526
-0.37519
-0.39799
-0.41982
-0.44193
-0.46289
-0.48467
-0.5068
-0.52859
-0.54845
-0.56739
-0.58758
-0.60727
-0.6263
-0.64508
-0.66375
-0.68162
-0.69903
-0.71555
-0.73245
-0.74807
-0.76253
-0.77745
-0.79268
-0.80667
-0.82085
-0.83445
-0.84715
-0.85938
-0.87107
-0.88208
-0.89292
-0.90262
-0.91202
-0.92161
-0.93045
-0.93805
-0.94488
-0.95154
-0.9576
-0.96292
-0.9677
-0.97195
-0.9757
-0.97868
-0.9812
-0.98323
-0.9844
-0.98444
-0.98443
-0.9838
-0.98271
-0.98107
-0.97893
-0.97597
-0.97254
-0.9684
-0.96378
-0.95858
-0.95261
-0.94607
-0.93925
-0.93184
-0.9236
-0.91482
-0.90561
-0.89581
-0.88544
-0.87451
-0.86311
-0.85118
-0.83872
-0.82583
-0.81259
-0.79863
-0.78413
-0.7692
-0.75389
-0.73809
-0.72194
-0.7053
-0.68826
-0.67076
-0.65282
-0.63311
-0.61139
-0.58928
-0.56698
-0.54453
-0.5219
-0.49905
-0.47606
-0.45295
-0.42964
-0.40618
-0.38258
-0.35892
-0.33512
-0.31126
-0.28732
-0.26334
-0.23925
-0.21508
-0.19083
-0.16636
-0.14174
-0.11709
-0.09248
-0.067914
-0.043963
-0.021498
0.00040833
0.02236
0.044311
0.066224
0.08812
0.10998
0.13179
0.15352
0.17517
0.19673
0.21821
0.2396
0.26152
0.28388
0.30643
0.32873
0.35073
0.37241
0.39373
0.4147
0.43532
0.45557
0.47545
0.49496
0.51395
0.53189
0.54904
0.56586
0.58237
0.59852
0.61433
0.62981
0.64498
0.65982
0.67435
0.68851
0.70227
0.71562
0.72854
0.74103
0.75307
0.76468
0.77586
0.78661
0.79691
0.80675
0.81613
0.82505
0.8335
0.84148
0.84894
0.85568
0.86176
0.86743
0.87275
0.8776
0.88196
0.88585
0.88924
0.89215
0.89456
0.89648
0.89791
0.89884
0.89928
0.89921
0.89864
0.89758
0.89603
0.894
0.89148
0.88847
0.88498
0.88101
0.87658
0.87166
0.86625
0.86027
0.85365
0.84652
0.83895
0.83095
0.82252
0.81366
0.80438
0.79468
0.78455
0.77402
0.76307
0.75172
0.73996
0.7278
0.71526
0.70235
0.68906
0.67541
0.66138
0.64697
0.63221
0.61709
0.60162
0.58582
0.56968
0.55319
0.53631
0.51909
0.5016
0.48384
0.46583
0.44757
0.42907
0.41035
0.3914
0.37225
0.35289
0.33334
0.31361
0.2937
0.27362
0.25339
0.23301
0.2125
0.19187
0.17113
0.15029
0.12936
0.10835
0.087283
0.066156
0.044976
0.023731
0.0024413
-0.018851
-0.040123
-0.061366
-0.082571
-0.10373
