0.81384
0.82376
0.83267
0.8415
0.85014
0.85853
0.86548
0.87225
0.87883
0.88511
0.88998
0.89459
0.89902
0.90318
0.90588
0.90828
0.91051
0.91245
0.91302
0.9132
0.9132
0.91303
0.91141
0.90932
0.90702
0.90446
0.90091
0.8966
0.89211
0.88739
0.88171
0.87522
0.86857
0.86177
0.85384
0.84576
0.83699
0.82756
0.81783
0.80777
0.79699
0.78558
0.7739
0.76191
0.74928
0.73602
0.72249
0.70869
0.69435
0.67934
0.66407
0.64857
0.63266
0.61609
0.59925
0.58225
0.56487
0.54687
0.52865
0.51029
0.49156
0.47245
0.45315
0.43341
0.41347
0.39337
0.37302
0.35233
0.33145
0.31048
0.2893
0.26784
0.24623
0.22456
0.2028
0.18076
0.15861
0.13647
0.11429
0.091923
0.069474
0.047082
0.0247
0.0021994
-0.020338
-0.042775
-0.06515
-0.087547
-0.10987
-0.13215
-0.15438
-0.17647
-0.19843
-0.22032
-0.24209
-0.26368
-0.28508
-0.30635
-0.32747
-0.34834
-0.36897
-0.38942
-0.40967
-0.42965
-0.44931
-0.46874
-0.48792
-0.50678
-0.52529
-0.54352
-0.56145
-0.57902
-0.59621
-0.61305
-0.62952
-0.64562
-0.66135
-0.67666
-0.69155
-0.70603
-0.72009
-0.73372
-0.74688
-0.7596
-0.77188
-0.78369
-0.795
-0.80583
-0.8162
-0.82607
-0.83542
-0.84427
-0.85262
-0.86047
-0.86777
-0.87454
-0.88081
-0.88655
-0.89173
-0.89637
-0.90047
-0.90404
-0.90705
-0.90953
-0.91144
-0.9128
-0.91362
-0.91389
-0.9136
-0.91275
-0.91136
-0.90941
-0.90692
-0.90387
-0.90028
-0.89614
-0.89146
-0.88623
-0.88048
-0.8742
-0.86739
-0.86004
-0.85218
-0.84381
-0.83493
-0.82554
-0.81565
-0.80526
-0.7944
-0.78304
-0.77122
-0.75893
-0.74618
-0.73298
-0.71934
-0.70526
-0.69076
-0.67583
-0.66051
-0.64477
-0.62865
-0.61215
-0.59528
-0.57804
-0.56046
-0.54254
-0.52429
-0.50573
-0.48685
-0.46769
-0.44824
-0.42852
-0.40854
-0.38831
-0.36785
-0.34717
-0.32628
-0.30519
-0.28391
-0.26246
-0.24086
-0.21911
-0.19722
-0.17522
-0.15311
-0.13091
-0.10862
-0.086277
-0.063877
-0.041437
-0.018972
0.0035022
0.025974
0.04843
0.070851
0.09323
0.11556
0.13782
0.15999
0.18207
0.20404
0.22589
0.2476
0.26915
0.29055
0.31177
0.3328
0.35363
0.37424
0.39463
0.41477
0.43468
0.45432
0.47368
0.49276
0.51154
0.53001
0.54816
0.56598
0.58346
0.60058
0.61733
0.6337
0.64972
0.66533
0.68054
0.69533
0.70971
0.72366
0.73716
0.75022
0.76284
0.77499
0.78667
0.79786
0.80858
0.81879
0.82851
0.83772
0.84642
0.85461
0.86228
0.86943
0.87606
0.88215
0.88772
0.89275
0.89723
0.90117
0.90456
0.90741
0.9097
0.91145
0.91264
0.91328
0.91337
0.91291
0.9119
0.91034
0.90823
0.90556
0.90235
0.89859
0.89427
0.88941
0.88401
0.87807
0.8716
0.86461
0.8571
0.84907
0.84053
0.83148
0.82193
0.81188
0.80134
0.79032
0.77882
0.76685
0.75442
0.74153
0.72819
0.71442
0.70022
0.68559
0.67055
0.65511
0.63927
0.62304
0.60643
0.58945
0.57212
0.55444
0.53643
0.5181
0.49945
0.4805
0.46127
0.44176
0.42198
0.40195
0.38167
0.36117
0.34045
0.31952
0.29841
0.27711
0.25565
0.23403
0.21228
0.1904
0.1684
0.14631
0.12412
0.10186
0.079544
0.057174
0.03477
0.012347
-0.010082
-0.032504
-0.054904
-0.07727
-0.099587
-0.12184
-0.14402
-0.16611
-0.18811
-0.20998
-0.23173
-0.25333
-0.27479
-0.29607
-0.31718
-0.33809
-0.35879
-0.37928
-0.39954
-0.41955
-0.43931
-0.45881
-0.47802
-0.49695
-0.51558
-0.53389
-0.55188
-0.56954
-0.58685
-0.6038
-0.62039
-0.63661
-0.65243
-0.66786
-0.68289
-0.6975
-0.7117
-0.72546
-0.73878
-0.75165
-0.76407
-0.77602
-0.78751
-0.79852
-0.80904
-0.81908
-0.82862
-0.83766
-0.84619
-0.85421
-0.86172
-0.8687
-0.87516
-0.88109
-0.88648
-0.89134
-0.89566
-0.89944
-0.90267
-0.90536
-0.9075
-0.90909
-0.91013
-0.91062
-0.91056
-0.90995
-0.90879
-0.90708
-0.90482
-0.90201
-0.89866
-0.89477
-0.89033
-0.88535
-0.87984
-0.8738
-0.86723
-0.86014
-0.85252
-0.8444
-0.83576
-0.82661
-0.81697
-0.80683
-0.7962
-0.78509
-0.77351
-0.76146
-0.74895
-0.73599
-0.72258
-0.70873
-0.69446
-0.67977
-0.66466
-0.64916
-0.63326
-0.61698
-0.60032
-0.58331
-0.56594
-0.54823
-0.53019
-0.51183
-0.49315
-0.47419
-0.45493
-0.4354
-0.41561
-0.39556
-0.37528
-0.35477
-0.33404
-0.31312
-0.292
-0.27071
-0.24925
-0.22765
-0.2059
-0.18404
-0.16206
-0.13998
-0.11782
-0.09559
-0.073301
-0.050968
-0.028603
-0.0062226
0.016162
0.038536
0.060887
0.083201
0.10546
0.12766
0.14979
0.17182
0.19374
0.21555
0.23723
0.25877
0.28015
0.30136
0.32239
0.34322
0.36384
0.38425
0.40442
0.42434
0.44401
0.46342
0.48254
0.50137
0.51989
0.5381
0.55599
0.57354
0.59074
0.60759
0.62407
0.64017
0.65588
0.6712
0.68611
0.7006
0.71467
0.72831
0.74151
0.75426
0.76656
0.77839
0.78975
0.80063
0.81103
