-0.76735
-0.75487
-0.74135
-0.72785
-0.71427
-0.70051
-0.68537
-0.67017
-0.65489
-0.63944
-0.62279
-0.60601
-0.58918
-0.57223
-0.55418
-0.536
-0.51778
-0.49945
-0.48021
-0.4608
-0.44137
-0.42193
-0.40165
-0.38109
-0.36062
-0.34018
-0.31915
-0.29775
-0.27646
-0.25524
-0.23356
-0.21152
-0.18962
-0.16787
-0.14555
-0.1235
-0.10118
-0.078672
-0.056278
-0.034004
-0.011525
0.01109
0.033551
0.055858
0.078259
0.10075
0.12306
0.14515
0.16724
0.18944
0.21141
0.23309
0.25466
0.2763
0.29768
0.31874
0.33961
0.3605
0.38108
0.4013
0.42133
0.44115
0.46064
0.47998
0.49899
0.51761
0.53593
0.55403
0.57177
0.58908
0.60603
0.62272
0.63901
0.65483
0.67026
0.68538
0.70008
0.71429
0.72804
0.74142
0.75438
0.76683
0.77876
0.7903
0.8014
0.81192
0.82196
0.83155
0.8406
0.84916
0.85724
0.86477
0.87173
0.87823
0.88421
0.8896
0.89445
0.89878
0.9026
0.90585
0.90852
0.91067
0.9123
0.91335
0.91381
0.91373
0.91315
0.91199
0.91025
0.90797
0.90517
0.90182
0.89789
0.89345
0.88845
0.88292
0.87687
0.87029
0.86314
0.85549
0.84734
0.83867
0.82948
0.81979
0.80962
0.79897
0.78781
0.77618
0.76409
0.75154
0.73852
0.72505
0.71115
0.69684
0.68208
0.66691
0.65135
0.6354
0.61905
0.60233
0.58525
0.56782
0.55004
0.53193
0.5135
0.49474
0.4757
0.45637
0.43676
0.41689
0.39676
0.3764
0.35581
0.33501
0.314
0.2928
0.27142
0.24987
0.22818
0.20635
0.1844
0.16233
0.14016
0.11791
0.095595
0.073215
0.050792
0.028339
0.0058705
-0.016603
-0.039066
-0.06151
-0.083916
-0.10627
-0.12856
-0.15077
-0.17289
-0.19491
-0.2168
-0.23857
-0.26019
-0.28166
-0.30295
-0.32407
-0.34498
-0.36569
-0.38618
-0.40643
-0.42644
-0.44619
-0.46566
-0.48486
-0.50377
-0.52237
-0.54065
-0.5586
-0.57622
-0.59349
-0.61041
-0.62695
-0.64312
-0.65889
-0.67427
-0.68924
-0.70379
-0.71791
-0.73161
-0.74485
-0.75765
-0.77
-0.78187
-0.79328
-0.8042
-0.81463
-0.82457
-0.834
-0.84294
-0.85137
-0.85928
-0.86668
-0.87356
-0.87989
-0.88572
-0.89099
-0.89573
-0.89992
-0.90358
-0.90669
-0.90923
-0.91126
-0.91268
-0.9136
-0.91396
-0.91374
-0.913
-0.9117
-0.90984
-0.90743
-0.90448
-0.90099
-0.89693
-0.89232
-0.88716
-0.88151
-0.87532
-0.86859
-0.86132
-0.85356
-0.84527
-0.83646
-0.82714
-0.81735
-0.80705
-0.79626
-0.78498
-0.77322
-0.76099
-0.74831
-0.73518
-0.7216
-0.70757
-0.69312
-0.67825
-0.66298
-0.6473
-0.63124
-0.61479
-0.59796
-0.58077
-0.56323
-0.54538
-0.52719
-0.50869
-0.48987
-0.47075
-0.45136
-0.43169
-0.41176
-0.39159
-0.37118
-0.35055
-0.3297
-0.30865
-0.28741
-0.266
-0.24442
-0.2227
-0.20084
-0.17887
-0.15679
-0.13461
-0.11236
-0.090045
-0.067669
-0.045252
-0.022808
-0.00036296
0.022078
0.044505
0.066906
0.089266
0.11157
0.13381
0.15596
0.17801
0.19996
0.22178
0.24348
0.26502
0.28641
0.30762
0.32864
0.34946
0.37007
0.39046
0.41061
0.43051
0.45014
0.4695
0.48858
0.50736
0.52584
0.54399
0.56181
0.57928
0.59641
0.61318
0.62957
0.64558
0.6612
0.67642
0.69123
0.70562
0.71958
0.73311
0.74619
0.75882
0.77099
0.7827
0.79393
0.80468
0.81495
0.82472
0.83398
0.84275
0.851
0.85874
0.86596
0.87265
0.87882
0.88445
0.88954
0.8941
0.89812
0.90159
0.90452
0.9069
0.90873
0.91001
0.91074
0.91092
0.91055
0.90963
0.90816
0.90614
0.90357
0.90045
0.89679
0.89259
0.88784
0.88256
0.87675
0.8704
0.86353
0.85614
0.84823
0.8398
0.83087
0.82143
0.8115
0.80108
0.79017
0.77879
0.76693
0.75461
0.74183
0.72861
0.71495
0.70085
0.68633
0.6714
0.65606
0.64032
0.6242
0.60769
0.59083
0.5736
0.55603
0.53812
0.51989
0.50134
0.48249
0.46335
0.44392
0.42423
0.40429
0.3841
0.36367
0.34303
0.32218
0.30114
0.27991
0.25852
0.23696
0.21527
0.19345
0.17151
0.14947
0.12733
0.10512
0.08285
0.060527
0.038168
0.015785
-0.0066058
-0.028993
-0.051362
-0.073699
-0.095992
-0.11823
-0.14039
-0.16247
-0.18445
-0.20631
-0.22806
-0.24966
-0.27111
-0.2924
-0.31351
-0.33443
-0.35515
-0.37565
-0.39593
-0.41597
-0.43575
-0.45527
-0.47452
-0.49348
-0.51213
-0.53048
-0.54851
-0.56621
-0.58356
-0.60056
-0.6172
-0.63346
-0.64935
-0.66483
-0.67992
-0.69459
-0.70885
-0.72267
-0.73606
-0.749
-0.76149
-0.77352
-0.78508
-0.79617
-0.80677
-0.81689
-0.82651
-0.83563
-0.84425
-0.85236
-0.85995
-0.86702
-0.87357
-0.87958
-0.88507
-0.89002
-0.89443
-0.89831
-0.90163
-0.90442
-0.90665
-0.90834
-0.90948
-0.91007
-0.91011
-0.90959
-0.90853
-0.90692
-0.90476
-0.90205
-0.8988
-0.895
-0.89066
-0.88579
-0.88037
-0.87443
-0.86796
-0.86096
-0.85344
-0.84541
-0.83686
-0.82781
-0.81826
-0.80821
-0.79767
-0.78665
-0.77516
-0.7632
