-0.046495
-0.068898
-0.091317
-0.11365
-0.13588
-0.15802
-0.18011
-0.20208
-0.22394
-0.24567
-0.26719
-0.28858
-0.30984
-0.33094
-0.3517
-0.37229
-0.39273
-0.413
-0.4328
-0.4524
-0.47183
-0.49109
-0.50976
-0.52822
-0.54641
-0.56429
-0.58176
-0.59885
-0.61565
-0.63214
-0.64815
-0.6637
-0.67895
-0.6939
-0.7083
-0.72226
-0.73581
-0.74889
-0.76155
-0.77377
-0.78547
-0.79667
-0.80745
-0.81777
-0.82754
-0.83677
-0.84555
-0.85384
-0.86159
-0.86879
-0.87548
-0.88166
-0.88732
-0.89239
-0.89693
-0.90099
-0.90449
-0.90737
-0.90973
-0.91159
-0.91289
-0.9136
-0.91379
-0.91339
-0.91245
-0.91099
-0.90895
-0.90636
-0.90322
-0.89956
-0.89533
-0.89056
-0.88524
-0.87939
-0.87306
-0.86614
-0.85869
-0.85076
-0.84233
-0.83335
-0.82385
-0.81391
-0.80346
-0.7925
-0.78107
-0.76915
-0.75681
-0.744
-0.73073
-0.71701
-0.70286
-0.68831
-0.67331
-0.65791
-0.64211
-0.62592
-0.60937
-0.59243
-0.57514
-0.55751
-0.53955
-0.52126
-0.50263
-0.4837
-0.4645
-0.44499
-0.42523
-0.40521
-0.38496
-0.36445
-0.34373
-0.3228
-0.30169
-0.2804
-0.25892
-0.23729
-0.21552
-0.19362
-0.1716
-0.14947
-0.12725
-0.10495
-0.082597
-0.060194
-0.037743
-0.015281
0.0071892
0.029651
0.052106
0.074527
0.0969
0.11922
0.14147
0.16363
0.18568
0.20763
0.22946
0.25115
0.27268
0.29404
0.31523
0.33623
0.35702
0.37759
0.39794
0.41806
0.43792
0.45751
0.47683
0.49586
0.51459
0.53301
0.5511
0.56886
0.58628
0.60334
0.62004
0.63636
0.6523
0.66785
0.68299
0.69771
0.71202
0.7259
0.73934
0.75232
0.76485
0.77692
0.78853
0.79965
0.81029
0.82044
0.8301
0.83925
0.8479
0.85603
0.86365
0.87074
0.87731
0.88334
0.88884
0.8938
0.89823
0.90211
0.90544
0.90823
0.91047
0.91215
0.91329
0.91387
0.91391
0.91338
0.91231
0.91068
0.9085
0.90577
0.9025
0.89868
0.89432
0.88941
0.88397
0.878
0.87149
0.86445
0.8569
0.84882
0.84023
0.83113
0.82153
0.81143
0.80085
0.78977
0.77823
0.7662
0.75372
0.74077
0.72738
0.71356
0.69929
0.68461
0.66952
0.65401
0.63812
0.62184
0.60518
0.58815
0.57078
0.55306
0.535
0.51663
0.49791
0.47892
0.45964
0.44006
0.42024
0.40016
0.37983
0.35927
0.3385
0.31753
0.29635
0.27499
0.25346
0.2318
0.20999
0.18805
0.16599
0.14385
0.12161
0.099297
0.076919
0.054507
0.032059
0.0095921
-0.012885
-0.035359
-0.057799
-0.080194
-0.10254
-0.12482
-0.14704
-0.16916
-0.19118
-0.21308
-0.23485
-0.25648
-0.27795
-0.29926
-0.32039
-0.34132
-0.36202
-0.38251
-0.40276
-0.42277
-0.44253
-0.46201
-0.48122
-0.50014
-0.51875
-0.53704
-0.55501
-0.57265
-0.58994
-0.60686
-0.62341
-0.63958
-0.65537
-0.67076
-0.68574
-0.70031
-0.71446
-0.72817
-0.74144
-0.75426
-0.76663
-0.77853
-0.78996
-0.8009
-0.81136
-0.82133
-0.8308
-0.83977
-0.84823
-0.85618
-0.86361
-0.87051
-0.87689
-0.88274
-0.88806
-0.89284
-0.89707
-0.90076
-0.90391
-0.9065
-0.90856
-0.91006
-0.91101
-0.91141
-0.91126
-0.91056
-0.90931
-0.90751
-0.90516
-0.90225
-0.89881
-0.89482
-0.89029
-0.88522
-0.87961
-0.87348
-0.86682
-0.85963
-0.85192
-0.8437
-0.83497
-0.82573
-0.816
-0.80577
-0.79505
-0.78385
-0.77218
-0.76004
-0.74745
-0.7344
-0.72091
-0.70698
-0.69263
-0.67785
-0.66267
-0.64709
-0.63111
-0.61476
-0.59803
-0.58094
-0.5635
-0.54572
-0.52762
-0.50919
-0.49046
-0.47143
-0.45211
-0.43253
-0.41268
-0.39258
-0.37224
-0.35168
-0.33091
-0.30994
-0.28878
-0.26745
-0.24596
-0.22432
-0.20254
-0.18064
-0.15863
-0.13653
-0.11435
-0.092092
-0.069783
-0.047433
-0.025054
-0.002661
0.019733
0.042115
0.06447
0.086787
0.10905
0.13125
0.15336
0.17539
0.19731
0.2191
0.24077
0.26229
0.28365
0.30484
0.32584
0.34665
0.36724
0.38761
0.40775
0.42764
0.44728
0.46664
0.48572
0.5045
0.52298
0.54115
0.55898
0.57648
0.59363
0.61042
0.62684
0.64288
0.65853
0.67378
0.68863
0.70306
0.71706
0.73063
0.74376
0.75644
0.76866
0.78041
0.7917
0.8025
0.81282
0.82265
0.83198
0.8408
0.84912
0.85693
0.86421
0.87098
0.87721
0.88292
0.88809
0.89272
0.89682
0.90037
0.90338
0.90584
0.90776
0.90912
0.90994
0.9102
0.90992
0.90908
0.9077
0.90576
0.90328
0.90025
0.89668
0.89256
0.88791
0.88272
0.87699
0.87074
0.86396
0.85665
0.84883
0.84049
0.83165
0.8223
0.81246
0.80213
0.79131
0.78001
0.76824
0.756
0.74331
0.73017
0.71659
0.70257
0.68813
0.67328
0.65801
0.64235
0.6263
0.60987
0.59308
0.57592
0.55842
0.54057
0.52241
0.50392
0.48513
0.46605
0.44669
0.42706
0.40716
0.38703
0.36665
0.34606
0.32526
0.30426
0.28308
0.26172
0.24021
0.21855
0.19676
0.17485
0.15284
0.13073
0.10855
0.086295
0.063992
0.04165
0.019283
-0.0030952
-0.025472
-0.047833
