0.816353353736376
0.825685422290031
0.313174496941743
0.317240741883433
0.321163345547518
0.324939066672794
0.328552849586830
0.332001603257264
0.335282898802745
0.338394473798012
0.922044617437251
0.920519330677616
0.923813409178143
0.926568931900482
0.928809380266153
0.930516959499840
0.931674373206536
0.932302630395634
0.932384636057612
0.937807730569694
0.935739641651171
0.933609638374660
0.931501359548011
0.928837181951338
0.925653868450540
0.921928022465778
0.917660555030042
0.912861785983831
0.908591091514442
0.902709355850105
0.896305852848455
0.889405054282037
0.624689056365371
0.615174780610273
0.612030441505289
0.635193162764896
0.892571519135188
0.886011777910638
0.873162902096670
0.861225038756427
0.848757482362573
0.835323560416596
0.821476783980600
0.807901056592011
0.794264803378008
0.783510787795807
0.768528394230559
0.752588952448671
0.736683337429348
0.720043131693051
0.702987501647667
0.685433991508128
0.668171337355050
0.651038831618565
0.634054193724420
0.615569535912675
0.596810166669448
0.577726628426791
0.506023266670921
0.409158019434676
0.394864289697283
0.389480878035746
0.477038975681652
0.493933614339515
0.470879585573396
0.448363703758581
0.425778225453687
0.402650347518081
0.378996648873315
0.356052284831038
0.333355156349863
0.311686041378735
0.289473207093326
0.265669657724970
0.241928139251783
0.218033305568480
0.193747909938708
0.169429099529939
0.145597946457456
0.122220352578592
0.0990732720055346
0.0755097729020189
0.0516243990211380
0.0274185433939437
-0.0124966096710087
-0.0775423548870827
-0.104691982657534
-0.119656755216827
-0.105117069924469
-0.0926454403737073
-0.114086199327880
-0.138485302705388
-0.162522116036976
-0.186562346461781
-0.210690444269533
-0.234183507855913
-0.257045851618351
-0.279173893794957
-0.300895957517467
-0.323277574930163
-0.345544987966305
-0.367542477014346
-0.389459336909184
-0.411100176648612
-0.432154340055008
-0.452491478778912
-0.472282538306183
-0.491891601124262
-0.511437479050187
-0.530887954552602
-0.555073579686939
-0.590625294639396
-0.616007868866965
-0.629681645613826
-0.632284379780571
-0.628895359575815
-0.639837714564658
-0.656461277766966
-0.672772776857493
-0.688659519901404
-0.704223125459596
-0.719152849154313
-0.733262954287547
-0.746591528782710
-0.759234880432207
-0.771737314456508
-0.783961943059845
-0.795673110841953
-0.806942219059090
-0.817744505228792
-0.827880704963822
-0.837212321911899
-0.845811389182194
-0.853895587471812
-0.861596176665572
-0.868916304261633
-0.877402925229222
-0.890173017469293
-0.901024864269294
-0.904982474782680
-0.903332500332108
-0.897266139640747
-0.895346679413291
-0.897779095653237
-0.900406026356212
-0.902457204784395
-0.903986255588780
-0.904890851765898
-0.905018441977773
-0.904373934541050
-0.903025024384696
-0.901211685899902
-0.899001251235578
-0.896249995502396
-0.892966537694988
-0.889153499490372
-0.884731511128009
-0.879600998546264
-0.873779937525800
-0.867387114091070
-0.860535075402432
-0.853249614833362
-0.846035161174866
-0.840194449201758
-0.834263285008990
-0.825052005857514
-0.812605904269457
-0.797579213448361
-0.783140776297760
-0.770981035495317
-0.759339899603927
-0.747291988121351
-0.734792328256456
-0.721819395942874
-0.708292116927144
-0.694196667696034
-0.679580715692827
-0.664558537647542
-0.649218101442530
-0.633512575112434
-0.617426692694222
-0.600975015227289
-0.584130516662796
-0.566845076698702
-0.549118853087649
-0.531016659250489
-0.512621142090953
-0.493969341740573
-0.475236675574552
-0.456943590612462
-0.438850943784910
-0.419514237834696
-0.398482750444834
-0.376091389718232
-0.353535337355886
-0.332025169718888
-0.311126398605851
-0.290183241408356
-0.269067688395500
-0.247779251810683
-0.226288440469111
-0.204581998892694
-0.182690895482724
-0.160676951540188
-0.138606771727766
-0.116483162636109
-0.0942968378541824
-0.0720597032082859
-0.0497712408854142
-0.0274133112716070
-0.00498532213861026
0.0174770561884522
0.0399188996802491
0.0623032205211259
0.0845535822751845
0.106470993714263
0.128041362423847
0.149812819256222
0.172183806148577
0.195054683067214
0.217944476207741
0.240202711333724
0.261797973399295
0.283058727971261
0.304132060911143
0.325023999712269
0.345739913306917
0.366278614217389
0.386630583999403
0.406765121778675
0.426640920614000
0.446235906860409
0.465548371816828
0.484567425228763
0.503302867659768
0.521747021142348
0.539895407523703
0.557742652774623
0.575241593583507
0.592393798923074
0.609130307185537
0.625375168144300
0.641096835972167
0.656492550255165
0.671793830299109
0.687009725931764
0.701931612817216
0.716291386255478
0.729898826105112
0.742908349613152
0.755454156861911
0.767543086390679
0.779180628871385
0.790353536779660
0.801070215833165
0.811308778385522
0.821044824181480
0.830258396595445
0.838952165499916
0.847137806050817
0.854808167217624
0.861967723534847
0.868617703408690
0.874753682517307
0.880360390851255
0.885431285622487
0.889939818057041
0.893859541001191
0.897170017385781
0.899935449841903
0.902268791933045
0.904220131111176
0.905714562892135
0.906620376258205
0.906843671917499
0.906403360213125
0.905389708810995
0.903827300216107
0.901726489303419
0.899084609103586
0.895911238667168
0.892201560788166
0.887947322740685
0.883132365218049
0.877775188526975
0.871883719352560
0.865467299483510
0.858529254848877
0.851080787376286
0.843124427558476
0.834662674733421
0.825693999084883
0.816218342849587
0.806226519837637
0.795718965580335
0.784719599010328
0.773288460110324
0.761467235637847
0.749244089064393
0.736564406441829
0.723385033690062
0.709703255949338
0.695569109894140
0.681012120834529
0.666049359091856
0.650688043290206
0.634941569941920
0.618816302448330
0.602318863512738
0.585448046772460
0.568219522320034
0.550645632129509
0.532742500816009
0.514519131854160
0.495991503448748
0.477168921098086
0.458063585105009
0.438681635305835
0.419034000176392
0.399124328033804
0.378963003069172
0.358565435467992
0.337967776150271
0.317201324254074
0.296278159995856
0.275183188017947
0.253902715873222
0.232436516198501
0.210813565595666
0.189060477735391
0.167197597010726
0.145237427482842
0.123195513408559
0.101083531613412
0.0789140845761969
0.0566948826373923
0.0344403701261970
0.0121649140410906
-0.0101148276046472
-0.0323860186924249
-0.0546329583702543
-0.0768427841504688
-0.0990015866195103
-0.121098584371219
-0.143121153357928
-0.165059443526814
-0.186901520170292
-0.208633558235366
-0.230233212976346
-0.251677203510537
-0.272950039117788
-0.294049339522144
-0.314976480648338
-0.335727385635236
-0.356285619189094
-0.376630595674936
-0.396745698697767
-0.416617623900281
-0.436234222318282
-0.455583365846804
-0.474654630175710
-0.493438062877350
-0.511923727562220
-0.530099053073299
-0.547952622475646
-0.565472427581427
-0.582648237012340
-0.599468453585383
-0.615924051344049
-0.632004856704658
-0.647703190309893
-0.663009593687645
-0.677917165927154
-0.692415400752323
-0.706493681609821
-0.720136893205018
-0.733336050775660
-0.746085069415801
-0.758384862359898
-0.770231475938580
-0.781619367242845
-0.792535998768383
-0.802973804033924
-0.812923492030146
-0.822380909896796
-0.831338183533346
-0.839792495561581
-0.847737395811980
-0.855171117349365
-0.862086632236766
-0.868481652353279
-0.874349484142409
-0.879688912236992
-0.884493939635683
-0.888764354583728
-0.892495259740442
-0.895687658553582
-0.898337437249894
-0.900446382103244
-0.902010445420098
-0.903030403215248
-0.903500381378471
-0.903421516600740
-0.902791834186692
-0.901617899883644
-0.899900320565313
-0.897643914487861
-0.894845430287847
-0.891507998752632
-0.887629686671014
-0.883215841421474
-0.878265894575938
-0.872786239246955
-0.866777359174252
-0.860246583256979
-0.853194646810841
-0.845628861303808
-0.837550296098828
-0.828967011363615
-0.819880802782896
-0.810300468567293
-0.800228659945600
-0.789675039104700
-0.778642994843417
-0.767142770803162
-0.755178143597136
-0.742759200416523
-0.729889185207229
-0.716578223759150
-0.702831278734964
-0.688661199143097
-0.674074927965336
-0.659085124766921
-0.643697230316218
-0.627922759167115
-0.611767609726574
-0.595244427636134
-0.578360143131571
-0.561128021512565
-0.543555705912979
-0.525656972518347
-0.507439849311753
-0.488918104082892
-0.470100008770156
-0.450999615163203
-0.431625703436985
-0.411992635864640
-0.392109726606004
-0.371991691758382
-0.351648332603695
-0.331094548314807
-0.310340427692396
-0.289400721800819
-0.268285369872338
-0.247008893260425
-0.225581901145041
-0.204019973759692
-0.182334870967394
-0.160542154959288
-0.138652988573022
-0.116682019420769
-0.0946403952544101
-0.0725430035680782
-0.0504015190785445
-0.0282309178817967
-0.00604317645124620
0.0161467509069112
0.0383267390792921
0.0604821253930556
0.0826007909250466
0.104668290700724
0.126672375904014
0.148598786454969
0.170435149288757
0.192167387531447
0.213783031906739
0.235268285641493
0.256610706026443
0.277796939798722
0.298814783175201
0.319651428592099
0.340294644317903
0.360731593323972
0.380949662514665
0.400936330933507
0.420679428587956
0.440167356805975
0.459388315452683
0.478331105075119
0.496983927555024
0.515335975906154
0.533375581577849
0.551092415854530
0.568475023815425
0.585513687661213
0.602197279173036
0.618516691751237
0.634461067889884
0.650021881268075
0.665188553167713
0.679953141818734
0.694305366836562
0.708237916724699
0.721740881968102
0.734807660232079
0.747428817517924
0.759598523977039
0.771307747004667
0.782551179617464
0.793319982589952
0.803609446328177
0.813411287977294