-0.747399726118943
-0.734570170825979
-0.148066903510724
-0.146087498506933
-0.143934848280317
-0.141609824427221
-0.139099879675737
-0.136406808271121
-0.133533214761721
-0.130481730715906
-0.635179398564018
-0.612416799422076
-0.595051069106561
-0.577340589546079
-0.559306929654285
-0.540959974996370
-0.522298584415030
-0.503350239171463
-0.484114146312418
-0.469485308548163
-0.448416907610952
-0.427654256451338
-0.407286827683344
-0.386685276055014
-0.365882644793546
-0.344876517314190
-0.323679117519676
-0.302307418698663
-0.281681692745345
-0.259948682533069
-0.238077729398921
-0.216107241796528
0.0591650634269859
0.0750946558011554
0.0845274463103425
0.0703456794162370
-0.149805412492619
-0.130128616257709
-0.105299454978514
-0.0818947941131112
-0.0583803034079516
-0.0343999572011461
-0.0105211094031458
0.0126045086866424
0.0353750815583061
0.0552733940641970
0.0784586448056681
0.102053460902722
0.125069675728527
0.148282342690292
0.171345725560320
0.194357759172223
0.216548631371999
0.238156544064722
0.259165937521349
0.281053241368676
0.302629700385136
0.324008734429973
0.396609506000854
0.490678452398288
0.501900733370896
0.504849947505794
0.425499200513810
0.411340851761677
0.432809894701282
0.453168357401352
0.473074653411221
0.492977885147161
0.512841307748246
0.531455672563391
0.549341108943412
0.565860328477998
0.582386720921559
0.599810059812420
0.616644006727635
0.633115581182396
0.649420142972403
0.665222190262033
0.680036687376126
0.693951403532437
0.707199594404040
0.720376115852961
0.733325933635678
0.746122114044776
0.773881605820887
0.825077607669235
0.837571741427457
0.838053578092853
0.812241650259508
0.788999110203979
0.796222848489259
0.805662403374008
0.814342735688432
0.822640990951393
0.830626429123633
0.837600964539809
0.843607260172289
0.848615399224268
0.852923794487491
0.857466290759406
0.861546887856276
0.865051080784306
0.868157177863160
0.870680331826319
0.872338470939540
0.873044133156458
0.872989665407122
0.872525268761713
0.871730458327353
0.870610806150610
0.873928648399544
0.887969892713455
0.891318742181632
0.883024971860379
0.864797038428440
0.841539904824284
0.831338305248800
0.826127775824525
0.820477314020088
0.814321314643970
0.807759805355683
0.800500191786430
0.792385578149530
0.783497916520911
0.773942243996186
0.764207542125778
0.754171459608838
0.743641190432159
0.732697017964742
0.721311490541846
0.709310740899571
0.696591786625287
0.683250797801567
0.669507531571487
0.655477911774794
0.641178796469948
0.628151816231122
0.619399034572573
0.608689295896645
0.591312734475212
0.568997317918572
0.543097179387257
0.521292056996131
0.503622937573544
0.486306634784390
0.468668533274546
0.450769386238003
0.432518462872923
0.413782337250699
0.394592973619663
0.375031340557653
0.355320650132205
0.335524204352096
0.315524741097484
0.295343338445297
0.274983768983566
0.254376934599937
0.233448214118924
0.212233138063680
0.190858388645470
0.169428953050167
0.147975519908881
0.127005500079488
0.107787024840849
0.0888239041490938
0.0670229659171315
0.0426232706014527
0.0164124495342620
-0.00872844268504698
-0.0313382912430419
-0.0530407932084519
-0.0746641708671621
-0.0962423536038326
-0.117790935124125
-0.139384375451337
-0.161021987299064
-0.182650202305143
-0.204159192938085
-0.225470990910524
-0.246622296001317
-0.267623124057088
-0.288456755418967
-0.309151415330613
-0.329744521429526
-0.350230031941192
-0.370538633658291
-0.390596088654603
-0.410367090742975
-0.429679635851339
-0.448024940076110
-0.465665786075437
-0.484019721000800
-0.503459874677200
-0.523576311473234
-0.543260008249655
-0.561443236314690
-0.578549421085577
-0.595174896228204
-0.611438254093075
-0.627340440137989
-0.642915831261535
-0.658174787777427
-0.673090449338361
-0.687606136165739
-0.701669487179686
-0.715280049996139
-0.728452199246830
-0.741177129639654
-0.753465044314974
-0.765335265623565
-0.776793825877610
-0.787807825081965
-0.798334999187438
-0.808346278652885
-0.817769693349375
-0.826424470741715
-0.834321159759776
-0.842003117689174
-0.849846650115565
-0.857719753861798
-0.865170037068963
-0.871621900884135
-0.877078212328628
-0.881835445655900
-0.886045229261939
-0.889726818269426
-0.892881735290853
-0.895535567329477
-0.897680385662856
-0.899281999688786
-0.900344159929172
-0.900834491471017
-0.900761079050110
-0.900126105602131
-0.898965971620255
-0.897285615988401
-0.895063435441801
-0.892326108506145
-0.889035615043392
-0.885227884578701
-0.880808083716615
-0.875726140540742
-0.869990926144540
-0.863801957591549
-0.857381944503603
-0.850746255575521
-0.843674336282903
-0.835985515924896
-0.827483387143697
-0.818327794323909
-0.808667607921712
-0.798523197338420
-0.787909038126813
-0.776817820530362
-0.765281542765935
-0.753279994693286
-0.740826693761028
-0.727911512032238
-0.714526860781524
-0.700713213144742
-0.686473946405767
-0.671829097689612
-0.656786801480334
-0.641358179991331
-0.625538562884737
-0.609343672012594
-0.592750795565529
-0.575744520934199
-0.558326827514004
-0.540586449995365
-0.522642229629626
-0.504534483482236
-0.486195486140889
-0.467523626726885
-0.448448189903776
-0.428988835093840
-0.409245964447289
-0.389257287055931
-0.369042876091582
-0.348607379807726
-0.327972772343521
-0.307143713848100
-0.286128229844647
-0.264931791235770
-0.243562661431567
-0.222043139772497
-0.200392445065649
-0.178624424143618
-0.156756489775858
-0.134800917996387
-0.112765984143793
-0.0906638470897973
-0.0684990154588435
-0.0462688971587955
-0.0239832152926171
-0.00168040545629226
0.0205742320155833
0.0427411324672103
0.0648317124076496
0.0868880608483062
0.108941042478165
0.130989372699134
0.152982176856724
0.174882506763843
0.196671219878283
0.218336314121059
0.239863009047280
0.261238940345148
0.282455268997336
0.303502190178061
0.324369899478060
0.345043133099838
0.365505032511553
0.385742202116329
0.405740664156682
0.425487911091629
0.444974464346382
0.464189853714071
0.483126020418384
0.501778200114207
0.520138969535966
0.538188353919704
0.555893711414449
0.573226202488188
0.590182096884231
0.606774707893426
0.623019547112705
0.638916571646149
0.654444941870372
0.669578596287866
0.684304369926518
0.698611401925241
0.712492411073605
0.725937266893767
0.738941415171630
0.751497157945462
0.763600172038074
0.775240947908097
0.786412042778652
0.797103805920005
0.807310928385401
0.817024872530015
0.826242711123411
0.834957937770110
0.843168868787352
0.850871334986439
0.858065165206573
0.864741159741434
0.870888439997642
0.876491153336287
0.881548285811545
0.886064289882163
0.890051910386209
0.893513549029556
0.896446842808572
0.898839228675175
0.900687780870509
0.901987582495715
0.902740750215499
0.902943810260626
0.902600425052932
0.901708879890371
0.900273635485476
0.898292612085757
0.895769187763302
0.892701010513678
0.889092696745249
0.884943007059755
0.880257978395002
0.875037910399773
0.869289945110884
0.863015608739837
0.856223183504079
0.848912916492756
0.841088830034274
0.832747500064018
0.823895876212894
0.814539803920388
0.804694578297382
0.794367478672210
0.783568006338424
0.772295843685516
0.760558196666846
0.748357953271879
0.735705660747482
0.722605727099325
0.709069630384840
0.695102928858965
0.680717782045229
0.665919908537083
0.650721086056996
0.635126935308395
0.619149747061462
0.602795967030987
0.586078638118324
0.569005202037693
0.551589381625352
0.533839347991129
0.515769366133081
0.497387457495505
0.478706149488275
0.459731658930277
0.440477003370634
0.420952364902335
0.401175144481279
0.381157343600443
0.360914243330990
0.340454221552177
0.319790402184149
0.298932131758716
0.277894189719795
0.256687039962118
0.235325841668540
0.213821660506477
0.192189873085796
0.170441698505136
0.148592142144190
0.126652305152534
0.104637109881413
0.0825580327260614
0.0604301265640932
0.0382653195033639
0.0160787738112669
-0.00611728576694458
-0.0283077447154616
-0.0504804344773647
-0.0726212303567035
-0.0947189525042971
-0.116759915940669
-0.138731520201224
-0.160618253005833
-0.182406333379064
-0.204081207879467
-0.225630911003004
-0.247042669466257
-0.268304624597811
-0.289403630230797
-0.310327325472994
-0.331062708925792
-0.351597329014665
-0.371918477179120
-0.392013823139217
-0.411871262783372
-0.431478791933846
-0.450824848155459
-0.469897526189230
-0.488685652830048
-0.507177376439433
-0.525361919713354
-0.543227566206184
-0.560764045494238
-0.577959945337391
-0.594805888734251
-0.611291242653698
-0.627407460633566
-0.643143744698761
-0.658491196209865
-0.673438616903640
-0.687977845164938
-0.702098817177058
-0.715794851920216
-0.729056506725920
-0.741877495374557
-0.754248447262685
-0.766163591471385
-0.777613879297036
-0.788594171027964
-0.799095847575975
-0.809114550646186
-0.818642220975609
-0.827675280836945
-0.836206135131056
-0.844231883626611
-0.851745358979331
-0.858744328145817
-0.865222088114957
-0.871177127127934
-0.876603291892586
-0.881499942913127
-0.885861699585376
-0.889688825998758
-0.892976362927784
-0.895724894126274
-0.897929620264853
-0.899591807971900
-0.900707548379659
-0.901279277905489
-0.901303891503467
-0.900784485754152
-0.899718382950134
-0.898109292140415
-0.895955077471501
-0.893260126444584
-0.890022897269169
-0.886248511922374
-0.881936089370044
-0.877091484637293
-0.871714432410576
-0.865811444338501
-0.859382833534643
-0.852435738679560
-0.844971056139437
-0.836996559167230
-0.828513761109056
-0.819531113802992
-0.810050837487683
-0.800082080305332
-0.789627635942472
-0.778697059966363
-0.767293526615711
-0.755427073720468
-0.743101569968352