-0.0689536276185807
-0.0911152514651868
-0.165107593430532
-0.171153243375937
-0.177228497266619
-0.183329242245002
-0.189452969910533
-0.195594794985596
-0.201749684040488
-0.207912743081581
-0.286865218872874
-0.308102531255192
-0.328762340071275
-0.349228342354138
-0.369502450611608
-0.389556984504832
-0.409375788791960
-0.428952391224600
-0.448270489745602
-0.468322422021919
-0.487322734040588
-0.505955381923671
-0.524214531864996
-0.542151905896635
-0.559771223658118
-0.577051505152310
-0.593981437511021
-0.610554367285801
-0.626909398769705
-0.642760673317685
-0.658228123450094
-0.673297812486040
-0.683854119792861
-0.690269436412163
-0.696557887816325
-0.705538842181829
-0.742766106643139
-0.755883161653256
-0.767863447118576
-0.779330244643585
-0.790377178954905
-0.800923603216019
-0.810955674577780
-0.820505565278893
-0.829639884936505
-0.838784181860251
-0.846987039036458
-0.854642413351617
-0.861753013158078
-0.868325474383513
-0.874333227208167
-0.879791750680571
-0.884719968727352
-0.889195375683663
-0.893220131246183
-0.896622777281877
-0.899439867054911
-0.901735362857100
-0.902632772672151
-0.899836471833682
-0.896765023068943
-0.894330825542297
-0.902538176196141
-0.905274466101743
-0.903689480275325
-0.901532061160554
-0.898852878865559
-0.895628232665997
-0.891837956622332
-0.887507957395246
-0.882696265294097
-0.877546369857566
-0.871859928015720
-0.865479717538263
-0.858572145980286
-0.851148886751731
-0.843168052911921
-0.834651289792735
-0.825634633834365
-0.816171756111819
-0.806272866410362
-0.795885888755783
-0.784950332657521
-0.773540657439398
-0.761384996150565
-0.747535252782956
-0.732879758770794
-0.718396822876885
-0.707124580335854
-0.696353669831005
-0.682136649162013
-0.667177100669252
-0.651820619652073
-0.636078644490273
-0.619935984854795
-0.603417456684632
-0.586561408554684
-0.569441505430061
-0.552027836970792
-0.534188715830075
-0.516001899890814
-0.497508603770782
-0.478697840954759
-0.459580155178445
-0.440184130885269
-0.420552654378275
-0.400707127101668
-0.380633667638174
-0.360292979277854
-0.339722851598677
-0.318855068713271
-0.297344598074750
-0.275310873315395
-0.253343326247273
-0.232512658648560
-0.212644545249106
-0.191500590684727
-0.169666498058105
-0.147704537163113
-0.125661794743072
-0.103536679896593
-0.0813473426326158
-0.0591226238624699
-0.0369063877386694
-0.0147073635644350
0.00752977233027318
0.0297904834505556
0.0520319204093685
0.0742452010939583
0.0964330146865989
0.118569964063944
0.140620535286321
0.162560591380347
0.184388055900053
0.206118264890518
0.227737507791440
0.249251108997860
0.270773982896480
0.292335568372395
0.313669740307204
0.334335182413272
0.354168960253236
0.374054622416923
0.394156158079474
0.414099391571609
0.433788671509649
0.453216869350568
0.472372388892760
0.491236104726851
0.509780960921182
0.527993683826851
0.545891035767513
0.563477046883302
0.580725254404745
0.597623199249543
0.614169730506680
0.630354576527966
0.646152784427246
0.661546799462036
0.676528725445523
0.691106122352195
0.705274094924419
0.719029661095318
0.732407424360850
0.745439380859833
0.758029039940312
0.769982633667933
0.781166763914029
0.791869218982741
0.802319326738297
0.812380692812318
0.821956158988446
0.831034681860211
0.839610331066911
0.847676492378384
0.855218654994993
0.862230917997853
0.868717730585495
0.874689092352909
0.880134871113591
0.885049816751134
0.889431770646068
0.893281931993209
0.896589598128013
0.899348885028613
0.901555292908535
0.903217230745294
0.904336432483271
0.904916311425595
0.904968530688259
0.904516729860014
0.903533958835142
0.901942625121660
0.899667701191075
0.896795345605134
0.893468406033154
0.889675819690986
0.885358137636099
0.880505942488094
0.875119691948169
0.869204271730123
0.862756786669577
0.855781344820522
0.848283087705342
0.840276258906846
0.831763212631620
0.822749037100364
0.813236832847270
0.803236285199699
0.792748576894463
0.781779148015492
0.770330768892764
0.758416099506420
0.746043058130970
0.733216111073383
0.719953477026624
0.706279797335079
0.692190298432083
0.677662843966100
0.662665070793676
0.647225560860298
0.631419189549470
0.615280238928377
0.598776717683668
0.581913168349809
0.564702818556155
0.547141821982920
0.529256953111057
0.511049801662409
0.492516877909055
0.473703239314105
0.454598584609529
0.435212707232194
0.415558680372270
0.395663103959380
0.375538594844938
0.355168027916978
0.334583455730394
0.313794021458753
0.292834085654489
0.271677776529936
0.250350972395297
0.228894090171225
0.207309407335233
0.185588114203342
0.163736529642604
0.141742723464534
0.119694129668267
0.0975845610374363
0.0754194447096108
0.0532134510586596
0.0309801109466039
0.00872840925429516
-0.0135357162504250
-0.0357886730683498
-0.0580287836933484
-0.0802181304215557
-0.102346884564308
-0.124425304719491
-0.146424592907172
-0.168334220812952
-0.190138625846332
-0.211830901929452
-0.233395502527073
-0.254821827967618
-0.276087613610995
-0.297189022492616
-0.318115020068101
-0.338843189872889
-0.359348999847655
-0.379626562304541
-0.399685647630067
-0.419519076752376
-0.439096749532459
-0.458395482014866
-0.477414525120436
-0.496143744364862
-0.514570013161323
-0.532683613212968
-0.550477229296979
-0.567938466324754
-0.585057846941162
-0.601819092897121
-0.618200573983352
-0.634212527096468
-0.649840579581115
-0.665074854418902
-0.679904830706291
-0.694324297601450
-0.708323509563104
-0.721896690590634
-0.735030151996083
-0.747719327391732
-0.759957622679824
-0.771735750288692
-0.783039193555004
-0.793862692126867
-0.804208368106015
-0.814075801472995
-0.823452467291086
-0.832326076169174
-0.840692628649420
-0.848551286751807
-0.855894627599316
-0.862720578971082
-0.869024357412209
-0.874804578990141
-0.880055242794421
-0.884774132511016
-0.888950236951466
-0.892589421799038
-0.895688765230292
-0.898247533328508
-0.900261333971438
-0.901732167606378
-0.902656832190665
-0.903038049452341
-0.902871489020857
-0.902160020595723
-0.900902528148960
-0.899101972606083
-0.896753789388642
-0.893861487565664
-0.890427526743207
-0.886460256881029
-0.881957895912317
-0.876922262986867
-0.871353087845591
-0.865258507466977
-0.858639074024197
-0.851501966938181
-0.843848829409021
-0.835687924483099
-0.827020798508114
-0.817855499748757
-0.808192040583786
-0.798040542165198
-0.787405861950115
-0.776297215174929
-0.764717787228502
-0.752677970016064
-0.740182088380462
-0.727241124504812
-0.713859353399800
-0.700047715430327
-0.685811891460524
-0.671163645037174
-0.656107601506958
-0.640655227022177
-0.624813949826626
-0.608598246694627
-0.592014950360881
-0.575075429738724
-0.557786163395167
-0.540161223620315
-0.522208633001068
-0.503942082173559
-0.485369958596244
-0.466506527898013
-0.447360444414608
-0.427945794877994
-0.408270817013783
-0.388349907924005
-0.368193559013194
-0.347816565288377
-0.327228582932960
-0.306444459733601
-0.285474553475049
-0.264333927051614
-0.243033053695761
-0.221586754801618
-0.200006015052805
-0.178306017577518
-0.156497515741010
-0.134595148425010
-0.112610606859539
-0.0905598254377534
-0.0684547345050878
-0.0463097159379638
-0.0241360027340910
-0.00194863909601791
0.0202401550824480
0.0424156073666822
0.0645655387578924
0.0866752491489629
0.108732456433692
0.130722865176436
0.152634466952731
0.174453335303876
0.196166723699447
0.217760566296073
0.239222548833827
0.260539165175369
0.281697972604558
0.302685716465291
0.323490057702661
0.344098276928169
0.364498089258729
0.384677015970154
0.404622987924608
0.424324253727014
0.443768722448261
0.462944513230199
0.481839469284479
0.500442755402511
0.518742976965042
0.536729671157071
0.554391208735895
0.571717596568734
0.588697554912577
0.605321651701982
0.621578854614149
0.637460397578770
0.652955698668156
0.668056710171589
0.682752948306138
0.697036719160074
0.710897990946778
0.724329901482708
0.737322770057367
0.749870342003756
0.761963340442816
0.773596265294037
0.784760280610989
0.795450515519274
0.805658578075174
0.815380430773921
0.824608137712244
0.833338139700557
0.841562798936949
0.849279452149710
0.856481261345202
0.863166332647208
0.869328141320065
0.874965428634231
0.880072234325263
0.884648057867825
0.888687468605479
0.892190730439286
0.895153034928590
0.897575449698427
0.899453672451949
0.900789366867255
0.901578800705009
0.901824463319682
0.901523229627249
0.900678288695732
0.899287103046495
0.897353611472803
0.894875898810958
0.891858593810132
0.888300373030885
0.884206610536175
0.879576612527151
0.874416353895109
0.868725645844929
0.862511169970688
0.855773487872173
0.848520000125365
0.840751805751226
0.832476871342131
0.823696901981481
0.814420498943785
0.804649966342382
0.794394509354333
0.783657055749434
0.772447420122202
0.760769108497830
0.748632425254273
0.736041430051704
0.723006990137355
0.709533759228175
0.695633097172767
0.681310209691695
0.666576940615481
0.651439056209324
0.635908841487535
0.619992585867231
0.603703003115480
0.587046916411243
0.570037397407712
0.552681718610926
0.534993300803332
0.516979957751205
0.498655477039395
0.480028119792692
0.461111921100488
0.441915576051743
0.422453380679974
0.402734455396036
0.382773316235167
0.362579495894542
0.342167710590924
0.321547873454597
0.300734824261992
0.279738810197821
0.258574792886846
0.237253364521463
0.215789563071174
0.194194280367657
0.172482596861528
0.150665689303557
0.128758642443189
0.106772879141589
0.0847234535715197
0.0626220199703426
0.0404835563288510
0.0183198889383387
-0.00385411965059380
-0.0260264559737594
-0.0481823726072547
-0.0703097180085127