-0.76732
-0.7545
-0.74159
-0.72848
-0.71437
-0.70018
-0.6857
-0.67037
-0.65498
-0.63921
-0.62276
-0.60626
-0.58931
-0.57181
-0.55426
-0.53633
-0.51802
-0.49933
-0.48038
-0.46115
-0.44166
-0.42171
-0.40156
-0.38136
-0.36085
-0.33999
-0.31916
-0.29795
-0.27656
-0.25521
-0.23347
-0.21163
-0.18978
-0.16761
-0.14542
-0.12326
-0.10089
-0.078523
-0.05619
-0.033676
-0.011222
0.011161
0.03362
0.056053
0.078465
0.10082
0.1231
0.14535
0.16756
0.18959
0.21148
0.23331
0.25495
0.27643
0.29781
0.31893
0.33987
0.36068
0.3812
0.40154
0.42165
0.44145
0.46099
0.48027
0.49922
0.51789
0.53627
0.55428
0.57195
0.5893
0.6063
0.62293
0.63918
0.65505
0.67055
0.68563
0.70027
0.7145
0.7283
0.74165
0.75456
0.76702
0.77899
0.79052
0.80157
0.81212
0.82221
0.83178
0.84084
0.8494
0.85744
0.86496
0.87197
0.87843
0.88436
0.88976
0.89463
0.89896
0.90274
0.90598
0.90868
0.91083
0.91242
0.91345
0.91394
0.91387
0.91326
0.91209
0.91036
0.90809
0.90527
0.9019
0.898
0.89355
0.88855
0.88301
0.87694
0.87034
0.86321
0.85556
0.84739
0.83871
0.82952
0.81984
0.80965
0.79898
0.78783
0.7762
0.7641
0.75153
0.73851
0.72505
0.71115
0.69681
0.68206
0.66689
0.65133
0.63537
0.61902
0.6023
0.58521
0.56778
0.54999
0.53188
0.51344
0.49469
0.47564
0.4563
0.43669
0.41681
0.39668
0.37631
0.35572
0.33491
0.31391
0.2927
0.27131
0.24977
0.22807
0.20624
0.18428
0.16221
0.14005
0.1178
0.095474
0.073093
0.05067
0.028215
0.0057431
-0.016733
-0.0392
-0.061643
-0.084047
-0.1064
-0.1287
-0.15091
-0.17303
-0.19505
-0.21695
-0.23871
-0.26033
-0.2818
-0.3031
-0.32421
-0.34513
-0.36584
-0.38632
-0.40657
-0.42658
-0.44633
-0.46581
-0.485
-0.50391
-0.52251
-0.54079
-0.55874
-0.57636
-0.59363
-0.61054
-0.62709
-0.64325
-0.65902
-0.6744
-0.68937
-0.70392
-0.71804
-0.73173
-0.74498
-0.75778
-0.77012
-0.78199
-0.79339
-0.80431
-0.81474
-0.82467
-0.8341
-0.84304
-0.85147
-0.85938
-0.86678
-0.87365
-0.87999
-0.8858
-0.89108
-0.89581
-0.90001
-0.90365
-0.90676
-0.90931
-0.9113
-0.91276
-0.91367
-0.91402
-0.91379
-0.91306
-0.91175
-0.90988
-0.90747
-0.9045
-0.90102
-0.89695
-0.89235
-0.8872
-0.88153
-0.87534
-0.8686
-0.86133
-0.85355
-0.84529
-0.83646
-0.82716
-0.81735
-0.80705
-0.79624
-0.78498
-0.77321
-0.76099
-0.7483
-0.73515
-0.72156
-0.70754
-0.6931
-0.67822
-0.66295
-0.64725
-0.63119
-0.61473
-0.5979
-0.58073
-0.56319
-0.54533
-0.52713
-0.50862
-0.4898
-0.4707
-0.4513
-0.43163
-0.4117
-0.39152
-0.37111
-0.35047
-0.32963
-0.30857
-0.28733
-0.26591
-0.24433
-0.22261
-0.20076
-0.17878
-0.1567
-0.13452
-0.11226
-0.089944
-0.067564
-0.045154
-0.022713
-0.00026548
0.022181
0.04461
0.067012
0.089371
0.11167
0.13391
0.15606
0.17812
0.20006
0.22189
0.24358
0.26512
0.28651
0.30772
0.32875
0.34957
0.37018
0.39057
0.41071
0.43061
0.45025
0.46961
0.48869
0.50747
0.52594
0.54409
0.56191
0.57939
0.59651
0.61327
0.62966
0.64567
0.66129
0.67651
0.69132
0.70571
0.71967
0.73319
0.74627
0.75891
0.77108
0.78278
0.79401
0.80476
0.81502
0.82479
0.83405
0.84282
0.85107
0.85881
0.86602
0.87271
0.87887
0.8845
0.8896
0.89415
0.89817
0.90164
0.90456
0.90694
0.90877
0.91005
0.91077
0.91095
0.91058
0.90965
0.90818
0.90616
0.90358
0.90047
0.8968
0.8926
0.88785
0.88257
0.87675
0.8704
0.86353
0.85613
0.84822
0.83979
0.83085
0.82142
0.81148
0.80106
0.79014
0.77876
0.7669
0.75458
0.7418
0.72857
0.71491
0.70081
0.68628
0.67135
0.65601
0.64027
0.62414
0.60764
0.59077
0.57354
0.55596
0.53805
0.51982
0.50127
0.48241
0.46327
0.44385
0.42415
0.4042
0.38401
0.36359
0.34294
0.32209
0.30105
0.27982
0.25842
0.23687
0.21518
0.19335
0.17141
0.14937
0.12723
0.10502
0.082747
0.060422
0.038063
0.015679
-0.0067125
-0.029101
-0.05147
-0.073809
-0.096102
-0.11834
-0.1405
-0.16258
-0.18456
-0.20643
-0.22817
-0.24977
-0.27122
-0.29251
-0.31362
-0.33454
-0.35526
-0.37577
-0.39604
-0.41608
-0.43586
-0.45538
-0.47463
-0.49358
-0.51224
-0.53059
-0.54862
-0.56632
-0.58367
-0.60067
-0.61731
-0.63357
-0.64945
-0.66493
-0.68002
-0.69469
-0.70894
-0.72277
-0.73616
-0.7491
-0.76158
-0.77361
-0.78517
-0.79625
-0.80686
-0.81697
-0.82659
-0.83571
-0.84433
-0.85243
-0.86002
-0.86709
-0.87364
-0.87965
-0.88514
-0.89008
-0.89449
-0.89836
-0.90169
-0.90447
-0.9067
-0.90839
-0.90952
-0.91011
-0.91015
-0.90963
-0.90857
-0.90695
-0.90479
-0.90208
-0.89882
-0.89502
-0.89068
-0.8858
-0.88039
-0.87444
-0.86797
-0.86097
-0.85345
-0.84541
-0.83686
-0.8278
-0.81825
-0.8082
-0.79766
-0.78664
-0.77514
-0.76318
