-0.046595
-0.069045
-0.091401
-0.11367
-0.13592
-0.15807
-0.18011
-0.20205
-0.22387
-0.24556
-0.26711
-0.28854
-0.30977
-0.3308
-0.35168
-0.37233
-0.39275
-0.41277
-0.43267
-0.45229
-0.47165
-0.4907
-0.50947
-0.52798
-0.54615
-0.56399
-0.58151
-0.59865
-0.61543
-0.63188
-0.64788
-0.66352
-0.67874
-0.69346
-0.70784
-0.7218
-0.73534
-0.74845
-0.76112
-0.7733
-0.78504
-0.79631
-0.80707
-0.8173
-0.82706
-0.83633
-0.8451
-0.85335
-0.86109
-0.86832
-0.87503
-0.8812
-0.88685
-0.89197
-0.89653
-0.90056
-0.90405
-0.90696
-0.90935
-0.91114
-0.9124
-0.91311
-0.91329
-0.91292
-0.912
-0.91053
-0.9085
-0.90594
-0.90282
-0.89913
-0.8949
-0.89013
-0.88483
-0.879
-0.87263
-0.86574
-0.85833
-0.85039
-0.84195
-0.83299
-0.82353
-0.81357
-0.80313
-0.79219
-0.78077
-0.76886
-0.75649
-0.74367
-0.7304
-0.7167
-0.70256
-0.688
-0.67303
-0.65764
-0.64186
-0.62569
-0.60913
-0.5922
-0.57492
-0.55729
-0.53932
-0.52103
-0.50242
-0.48351
-0.46431
-0.44483
-0.42507
-0.40506
-0.38481
-0.36432
-0.34361
-0.32268
-0.30156
-0.28026
-0.25879
-0.23717
-0.2154
-0.19351
-0.1715
-0.14938
-0.12717
-0.10489
-0.082533
-0.060129
-0.03769
-0.015229
0.0072406
0.029707
0.052152
0.074562
0.096931
0.11924
0.14148
0.16364
0.18569
0.20764
0.22946
0.25114
0.27267
0.29404
0.31523
0.33623
0.35701
0.37758
0.39793
0.41804
0.4379
0.45749
0.4768
0.49583
0.51456
0.53297
0.55107
0.56883
0.58625
0.6033
0.62
0.63632
0.65226
0.6678
0.68294
0.69766
0.71197
0.72584
0.73928
0.75227
0.76481
0.77688
0.78848
0.7996
0.81024
0.82039
0.83004
0.83919
0.84784
0.85597
0.86359
0.87068
0.87725
0.88328
0.88879
0.89375
0.89817
0.90205
0.90538
0.90817
0.91041
0.91209
0.91323
0.91381
0.91385
0.91332
0.91225
0.91062
0.90845
0.90572
0.90244
0.89862
0.89426
0.88935
0.88391
0.87794
0.87143
0.86439
0.85684
0.84876
0.84017
0.83107
0.82147
0.81137
0.80079
0.78971
0.77817
0.76614
0.75365
0.74071
0.72732
0.71349
0.69924
0.68455
0.66946
0.65395
0.63806
0.62178
0.60512
0.5881
0.57071
0.55299
0.53494
0.51655
0.49786
0.47887
0.45958
0.44
0.42018
0.40009
0.37976
0.3592
0.33842
0.31746
0.29628
0.27492
0.2534
0.23173
0.20993
0.18798
0.16593
0.14377
0.12155
0.099233
0.076861
0.054446
0.031995
0.0095208
-0.012951
-0.035428
-0.057863
-0.080257
-0.10261
-0.1249
-0.1471
-0.16922
-0.19124
-0.21315
-0.23493
-0.25655
-0.27802
-0.29933
-0.32046
-0.34138
-0.36209
-0.38257
-0.40283
-0.42284
-0.44259
-0.46207
-0.48128
-0.5002
-0.51881
-0.5371
-0.55508
-0.57272
-0.59
-0.60692
-0.62347
-0.63964
-0.65543
-0.67082
-0.6858
-0.70037
-0.71452
-0.72823
-0.74149
-0.75432
-0.76668
-0.77858
-0.79001
-0.80095
-0.81141
-0.82137
-0.83084
-0.83981
-0.84827
-0.85621
-0.86364
-0.87055
-0.87693
-0.88278
-0.8881
-0.89287
-0.8971
-0.90079
-0.90393
-0.90653
-0.90858
-0.91008
-0.91103
-0.91143
-0.91128
-0.91057
-0.90932
-0.90752
-0.90517
-0.90226
-0.89881
-0.89482
-0.89029
-0.88522
-0.87961
-0.87347
-0.86681
-0.85962
-0.85191
-0.84369
-0.83496
-0.82572
-0.81598
-0.80574
-0.79503
-0.78382
-0.77215
-0.76001
-0.74742
-0.73436
-0.72087
-0.70694
-0.69259
-0.67781
-0.66263
-0.64704
-0.63107
-0.61471
-0.59798
-0.58089
-0.56345
-0.54567
-0.52756
-0.50913
-0.49039
-0.47136
-0.45205
-0.43246
-0.41261
-0.39251
-0.37217
-0.35161
-0.33084
-0.30986
-0.2887
-0.26737
-0.24588
-0.22423
-0.20246
-0.18056
-0.15855
-0.13644
-0.11426
-0.092003
-0.069694
-0.047342
-0.024962
-0.002568
0.019827
0.042209
0.064565
0.086882
0.10915
0.13134
0.15346
0.17549
0.1974
0.2192
0.24087
0.26239
0.28375
0.30494
0.32594
0.34674
0.36734
0.38771
0.40785
0.42774
0.44738
0.46674
0.48582
0.5046
0.52308
0.54124
0.55908
0.57658
0.59372
0.61051
0.62693
0.64297
0.65862
0.67387
0.68872
0.70315
0.71715
0.73072
0.74384
0.75652
0.76874
0.78049
0.79178
0.80258
0.8129
0.82272
0.83205
0.84087
0.84919
0.85699
0.86428
0.87104
0.87727
0.88298
0.88815
0.89278
0.89687
0.90042
0.90343
0.90589
0.9078
0.90916
0.90998
0.91024
0.90995
0.90911
0.90773
0.90579
0.90331
0.90027
0.8967
0.89258
0.88793
0.88273
0.87701
0.87075
0.86396
0.85666
0.84883
0.84049
0.83165
0.8223
0.81245
0.80211
0.79129
0.77999
0.76822
0.75598
0.74329
0.73014
0.71656
0.70254
0.6881
0.67324
0.65798
0.64231
0.62626
0.60983
0.59303
0.57587
0.55837
0.54052
0.52235
0.50387
0.48508
0.46599
0.44663
0.42699
0.4071
0.38696
0.36658
0.34599
0.32518
0.30418
0.283
0.26164
0.24013
0.21847
0.19668
0.17477
0.15275
0.13064
0.10846
0.086206
0.063902
0.041559
0.019191
-0.0031887
-0.025566
-0.047928
