0.81392
0.82355
0.83299
0.84215
0.85029
0.85825
0.86581
0.87243
0.87885
0.88478
0.88988
0.8948
0.89908
0.9026
0.90594
0.90866
0.91078
0.9121
0.91305
0.91344
0.9133
0.91242
0.91104
0.90934
0.907
0.90397
0.90067
0.8966
0.89199
0.88709
0.88135
0.87515
0.86851
0.86107
0.85326
0.84506
0.83624
0.82697
0.81731
0.80698
0.79626
0.78515
0.77345
0.76125
0.74859
0.73552
0.722
0.708
0.69353
0.67873
0.66355
0.64789
0.6319
0.61554
0.59872
0.58163
0.56417
0.54629
0.52815
0.5096
0.49075
0.47167
0.45231
0.43264
0.41278
0.39263
0.37223
0.35166
0.33086
0.30983
0.2886
0.2672
0.24566
0.22395
0.20208
0.18011
0.15806
0.1359
0.11364
0.091349
0.068971
0.046556
0.024137
0.0016657
-0.020802
-0.04326
-0.065721
-0.088115
-0.11044
-0.1327
-0.15488
-0.17695
-0.19894
-0.22079
-0.2425
-0.26407
-0.2855
-0.30676
-0.32782
-0.34869
-0.36936
-0.3898
-0.41
-0.42994
-0.44963
-0.46905
-0.48818
-0.50702
-0.52555
-0.54377
-0.56167
-0.57922
-0.59643
-0.61329
-0.62976
-0.64584
-0.66154
-0.67683
-0.69172
-0.70619
-0.72022
-0.73382
-0.74699
-0.75971
-0.77196
-0.78375
-0.79507
-0.80591
-0.81625
-0.82609
-0.83545
-0.84429
-0.85263
-0.86045
-0.86776
-0.87453
-0.88078
-0.88651
-0.89169
-0.89634
-0.90044
-0.904
-0.907
-0.90946
-0.91137
-0.91273
-0.91354
-0.91378
-0.91349
-0.91264
-0.91124
-0.90929
-0.90679
-0.90374
-0.90015
-0.896
-0.89131
-0.88608
-0.88033
-0.87404
-0.86722
-0.85988
-0.85202
-0.84364
-0.83475
-0.82536
-0.81548
-0.80509
-0.79422
-0.78286
-0.77104
-0.75874
-0.746
-0.73279
-0.71914
-0.70506
-0.69056
-0.67563
-0.6603
-0.64457
-0.62845
-0.61195
-0.59507
-0.57784
-0.56026
-0.54233
-0.52409
-0.50552
-0.48665
-0.46749
-0.44804
-0.42832
-0.40834
-0.38812
-0.36766
-0.34697
-0.32608
-0.30499
-0.28372
-0.26227
-0.24066
-0.21891
-0.19703
-0.17503
-0.15292
-0.13072
-0.10844
-0.086097
-0.063697
-0.041259
-0.018797
0.0036755
0.026146
0.0486
0.071019
0.093394
0.11572
0.13798
0.16015
0.18222
0.20419
0.22603
0.24774
0.2693
0.29069
0.31191
0.33294
0.35376
0.37437
0.39475
0.4149
0.4348
0.45444
0.47379
0.49287
0.51166
0.53012
0.54827
0.56608
0.58356
0.60067
0.61742
0.6338
0.6498
0.66542
0.68062
0.69541
0.70978
0.72374
0.73723
0.7503
0.76291
0.77506
0.78672
0.79793
0.80863
0.81885
0.82856
0.83776
0.84646
0.85465
0.86233
0.86946
0.8761
0.88218
0.88774
0.89275
0.89724
0.90119
0.90457
0.90742
0.9097
0.91145
0.91264
0.91329
0.91337
0.91291
0.9119
0.91033
0.90821
0.90555
0.90234
0.89858
0.89425
0.88938
0.88398
0.87804
0.87157
0.86458
0.85707
0.84904
0.84049
0.83144
0.82188
0.81184
0.8013
0.79027
0.77876
0.7668
0.75436
0.74147
0.72814
0.71436
0.70016
0.68553
0.67048
0.65504
0.6392
0.62297
0.60636
0.58938
0.57204
0.55436
0.53635
0.51801
0.49936
0.48042
0.46118
0.44167
0.42189
0.40186
0.38158
0.36108
0.34035
0.31943
0.29831
0.27701
0.25555
0.23394
0.21218
0.1903
0.1683
0.1462
0.12402
0.10176
0.079443
0.057072
0.034667
0.012244
-0.010186
-0.032607
-0.055008
-0.077373
-0.09969
-0.12195
-0.14413
-0.16622
-0.18821
-0.21008
-0.23183
-0.25344
-0.27489
-0.29617
-0.31728
-0.33819
-0.35889
-0.37938
-0.39964
-0.41965
-0.43941
-0.4589
-0.47812
-0.49705
-0.51567
-0.53399
-0.55197
-0.56963
-0.58694
-0.60389
-0.62048
-0.63669
-0.65252
-0.66795
-0.68297
-0.69758
-0.71177
-0.72553
-0.73885
-0.75172
-0.76414
-0.77609
-0.78758
-0.79858
-0.80911
-0.81914
-0.82868
-0.83772
-0.84625
-0.85427
-0.86177
-0.86875
-0.87521
-0.88114
-0.88653
-0.89139
-0.8957
-0.89948
-0.90271
-0.90539
-0.90753
-0.90912
-0.91016
-0.91065
-0.91058
-0.90997
-0.90881
-0.90709
-0.90483
-0.90202
-0.89867
-0.89477
-0.89033
-0.88535
-0.87984
-0.8738
-0.86722
-0.86013
-0.85251
-0.84438
-0.83574
-0.82659
-0.81694
-0.8068
-0.79617
-0.78506
-0.77348
-0.76143
-0.74891
-0.73595
-0.72254
-0.70869
-0.69441
-0.67972
-0.66461
-0.64911
-0.6332
-0.61692
-0.60027
-0.58325
-0.56588
-0.54817
-0.53012
-0.51176
-0.49308
-0.47411
-0.45486
-0.43532
-0.41553
-0.39548
-0.3752
-0.35469
-0.33396
-0.31303
-0.29191
-0.27062
-0.24916
-0.22756
-0.20581
-0.18394
-0.16196
-0.13989
-0.11772
-0.095493
-0.073202
-0.050868
-0.028503
-0.0061214
0.016264
0.038639
0.060991
0.083305
0.10557
0.12777
0.14989
0.17192
0.19385
0.21566
0.23734
0.25888
0.28025
0.30146
0.32249
0.34332
0.36395
0.38435
0.40452
0.42445
0.44412
0.46352
0.48264
0.50147
0.51999
0.53821
0.55609
0.57364
0.59084
0.60769
0.62416
0.64026
0.65597
0.67129
0.6862
0.70069
0.71476
0.7284
0.7416
0.75435
0.76664
0.77847
0.78983
0.80071
0.81111
