-0.76735
-0.75485
-0.74193
-0.72855
-0.71417
-0.70012
-0.68576
-0.67033
-0.65482
-0.63926
-0.62296
-0.6061
-0.5892
-0.57221
-0.55419
-0.53606
-0.5179
-0.49932
-0.48013
-0.46088
-0.44162
-0.42177
-0.40147
-0.38125
-0.36104
-0.34001
-0.31894
-0.29798
-0.27672
-0.25502
-0.23337
-0.21186
-0.18984
-0.16771
-0.14548
-0.12333
-0.10111
-0.078641
-0.056209
-0.033903
-0.011412
0.011159
0.03359
0.055941
0.078416
0.10083
0.12305
0.14519
0.16746
0.18952
0.21132
0.23314
0.25489
0.27637
0.29758
0.31883
0.33984
0.36053
0.38101
0.40136
0.4215
0.44131
0.46079
0.48009
0.49911
0.51774
0.53607
0.55415
0.57186
0.58918
0.60617
0.62285
0.63909
0.6549
0.67041
0.68552
0.70015
0.71434
0.72819
0.74156
0.75442
0.76688
0.77892
0.79041
0.80141
0.81199
0.82208
0.83167
0.84072
0.84927
0.85734
0.86486
0.87184
0.87833
0.88429
0.88969
0.89455
0.89889
0.90269
0.90591
0.90859
0.91077
0.91236
0.91338
0.91388
0.91384
0.91321
0.91203
0.91033
0.90806
0.90522
0.90185
0.89795
0.89351
0.88852
0.88297
0.87691
0.87032
0.86319
0.85554
0.84739
0.83872
0.82953
0.81984
0.80968
0.799
0.78784
0.77622
0.76413
0.75155
0.73853
0.72508
0.71118
0.69684
0.6821
0.66694
0.65136
0.6354
0.61905
0.60234
0.58526
0.56782
0.55004
0.53193
0.51349
0.49474
0.4757
0.45637
0.43676
0.41688
0.39676
0.37639
0.35579
0.33499
0.31399
0.29278
0.27139
0.24985
0.22816
0.20632
0.18436
0.1623
0.14013
0.11788
0.095554
0.073177
0.050756
0.0283
0.0058275
-0.016647
-0.039111
-0.061556
-0.083962
-0.10631
-0.1286
-0.15082
-0.17294
-0.19496
-0.21686
-0.23863
-0.26025
-0.28171
-0.30301
-0.32413
-0.34504
-0.36575
-0.38624
-0.40649
-0.4265
-0.44625
-0.46573
-0.48493
-0.50383
-0.52243
-0.54071
-0.55867
-0.57629
-0.59356
-0.61047
-0.62702
-0.64318
-0.65896
-0.67433
-0.6893
-0.70385
-0.71798
-0.73167
-0.74492
-0.75772
-0.77006
-0.78194
-0.79334
-0.80426
-0.8147
-0.82463
-0.83406
-0.843
-0.85143
-0.85935
-0.86674
-0.87362
-0.87996
-0.88576
-0.89105
-0.89579
-0.89998
-0.90363
-0.90673
-0.90928
-0.91129
-0.91274
-0.91364
-0.914
-0.91379
-0.91304
-0.91174
-0.90987
-0.90747
-0.90452
-0.90101
-0.89696
-0.89235
-0.8872
-0.88154
-0.87534
-0.8686
-0.86135
-0.85358
-0.84528
-0.83648
-0.82718
-0.81736
-0.80707
-0.79626
-0.78498
-0.77324
-0.76101
-0.74832
-0.73518
-0.7216
-0.70757
-0.69313
-0.67826
-0.66298
-0.6473
-0.63123
-0.61478
-0.59796
-0.58077
-0.56324
-0.54537
-0.52718
-0.50867
-0.48986
-0.47076
-0.45136
-0.43169
-0.41176
-0.39159
-0.37117
-0.35053
-0.32968
-0.30863
-0.28739
-0.26598
-0.2444
-0.22267
-0.20082
-0.17885
-0.15677
-0.13459
-0.11233
-0.090016
-0.067636
-0.045223
-0.022783
-0.00033277
0.022111
0.04454
0.066943
0.089296
0.1116
0.13383
0.15599
0.17805
0.2
0.22183
0.24352
0.26506
0.28644
0.30766
0.32868
0.34951
0.37012
0.3905
0.41065
0.43055
0.45019
0.46955
0.48863
0.50741
0.52588
0.54403
0.56186
0.57933
0.59646
0.61322
0.62962
0.64563
0.66125
0.67647
0.69128
0.70567
0.71963
0.73316
0.74624
0.75887
0.77105
0.78275
0.79398
0.80473
0.815
0.82476
0.83403
0.8428
0.85105
0.85879
0.86601
0.8727
0.87886
0.88449
0.88959
0.89415
0.89816
0.90163
0.90456
0.90694
0.90877
0.91005
0.91078
0.91096
0.91059
0.90967
0.90819
0.90617
0.9036
0.90048
0.89682
0.89262
0.88788
0.88259
0.87678
0.87043
0.86356
0.85616
0.84825
0.83983
0.83089
0.82145
0.81152
0.8011
0.79019
0.7788
0.76695
0.75462
0.74185
0.72862
0.71496
0.70086
0.68634
0.6714
0.65606
0.64032
0.6242
0.6077
0.59083
0.5736
0.55603
0.53812
0.51988
0.50133
0.48248
0.46334
0.44391
0.42422
0.40427
0.38408
0.36366
0.34301
0.32216
0.30112
0.27989
0.25849
0.23694
0.21525
0.19342
0.17148
0.14944
0.1273
0.10509
0.082818
0.060493
0.038134
0.01575
-0.0066416
-0.02903
-0.0514
-0.073739
-0.096032
-0.11827
-0.14043
-0.16251
-0.18449
-0.20636
-0.2281
-0.24971
-0.27116
-0.29245
-0.31356
-0.33448
-0.3552
-0.37571
-0.39598
-0.41602
-0.4358
-0.45533
-0.47457
-0.49353
-0.51219
-0.53054
-0.54857
-0.56627
-0.58362
-0.60062
-0.61726
-0.63352
-0.6494
-0.66489
-0.67998
-0.69465
-0.7089
-0.72273
-0.73612
-0.74906
-0.76155
-0.77358
-0.78514
-0.79623
-0.80683
-0.81695
-0.82657
-0.83569
-0.84431
-0.85241
-0.86
-0.86707
-0.87362
-0.87964
-0.88512
-0.89007
-0.89448
-0.89836
-0.90168
-0.90447
-0.9067
-0.90839
-0.90953
-0.91011
-0.91015
-0.90964
-0.90857
-0.90696
-0.9048
-0.90209
-0.89884
-0.89504
-0.8907
-0.88582
-0.88041
-0.87446
-0.86799
-0.86099
-0.85347
-0.84544
-0.83689
-0.82783
-0.81828
-0.80823
-0.79769
-0.78668
-0.77518
-0.76322
