0.81388
0.82378
0.83322
0.84215
0.85004
0.85814
0.86585
0.87239
0.87875
0.88491
0.89016
0.89469
0.89903
0.90314
0.9059
0.90838
0.91068
0.91228
0.91293
0.91333
0.91358
0.91269
0.91118
0.90946
0.90746
0.90422
0.90064
0.89688
0.89241
0.88705
0.88145
0.87568
0.86881
0.8615
0.85368
0.84553
0.83685
0.82747
0.8177
0.8076
0.79682
0.78546
0.77382
0.76177
0.74905
0.73589
0.72248
0.70859
0.69404
0.6792
0.66412
0.64847
0.63233
0.61598
0.59936
0.5821
0.56453
0.54683
0.52871
0.51016
0.4913
0.47222
0.45291
0.43324
0.4133
0.39318
0.37282
0.35214
0.3313
0.31032
0.2891
0.26765
0.24611
0.22446
0.20258
0.18056
0.15852
0.13639
0.11408
0.091733
0.069425
0.046994
0.024483
0.0020334
-0.020377
-0.042864
-0.065323
-0.08773
-0.11004
-0.13231
-0.15452
-0.17661
-0.19858
-0.22046
-0.24222
-0.2638
-0.28521
-0.30649
-0.32758
-0.34843
-0.36909
-0.38956
-0.40977
-0.4297
-0.44941
-0.46887
-0.488
-0.50682
-0.5254
-0.54364
-0.56151
-0.57906
-0.59629
-0.61315
-0.62962
-0.64571
-0.66143
-0.67674
-0.69162
-0.7061
-0.72017
-0.73378
-0.74695
-0.75967
-0.77194
-0.78373
-0.79504
-0.80589
-0.81625
-0.82609
-0.83545
-0.84432
-0.85266
-0.86048
-0.86779
-0.87459
-0.88084
-0.88656
-0.89175
-0.89641
-0.90051
-0.90407
-0.90708
-0.90955
-0.91146
-0.91282
-0.91364
-0.9139
-0.9136
-0.91276
-0.91136
-0.90942
-0.90691
-0.90387
-0.90029
-0.89614
-0.89144
-0.88623
-0.88048
-0.87419
-0.86737
-0.86003
-0.85218
-0.8438
-0.83491
-0.82552
-0.81563
-0.80525
-0.79438
-0.78303
-0.7712
-0.75891
-0.74616
-0.73296
-0.71932
-0.70523
-0.69073
-0.67581
-0.66047
-0.64474
-0.62862
-0.61212
-0.59524
-0.578
-0.56042
-0.5425
-0.52425
-0.50569
-0.48682
-0.46765
-0.4482
-0.42848
-0.4085
-0.38827
-0.36781
-0.34713
-0.32623
-0.30514
-0.28386
-0.26242
-0.24081
-0.21906
-0.19717
-0.17517
-0.15306
-0.13085
-0.10857
-0.086227
-0.063824
-0.041382
-0.01892
0.0035553
0.026029
0.048486
0.070905
0.093285
0.11561
0.13787
0.16005
0.18213
0.2041
0.22594
0.24765
0.26921
0.29061
0.31183
0.33286
0.35368
0.37429
0.39468
0.41483
0.43473
0.45437
0.47373
0.49281
0.5116
0.53006
0.54821
0.56603
0.58351
0.60063
0.61738
0.63376
0.64977
0.66538
0.68058
0.69538
0.70976
0.7237
0.73721
0.75028
0.76289
0.77504
0.7867
0.7979
0.80862
0.81884
0.82855
0.83776
0.84646
0.85464
0.86232
0.86947
0.8761
0.88219
0.88775
0.89278
0.89726
0.9012
0.9046
0.90744
0.90973
0.91147
0.91267
0.91332
0.91341
0.91295
0.91194
0.91037
0.90826
0.90559
0.90238
0.89862
0.8943
0.88943
0.88403
0.87809
0.87163
0.86464
0.85712
0.84909
0.84055
0.8315
0.82195
0.8119
0.80136
0.79033
0.77883
0.76686
0.75443
0.74154
0.72821
0.71443
0.70023
0.6856
0.67056
0.65511
0.63927
0.62304
0.60643
0.58945
0.57212
0.55444
0.53642
0.51809
0.49944
0.4805
0.46126
0.44175
0.42197
0.40193
0.38166
0.36115
0.34043
0.3195
0.29839
0.27709
0.25563
0.23401
0.21226
0.19037
0.16838
0.14628
0.12409
0.10184
0.079514
0.057143
0.034738
0.012314
-0.010117
-0.032539
-0.05494
-0.077306
-0.099625
-0.12188
-0.14406
-0.16616
-0.18815
-0.21002
-0.23177
-0.25338
-0.27483
-0.29612
-0.31722
-0.33813
-0.35884
-0.37933
-0.39959
-0.4196
-0.43936
-0.45886
-0.47807
-0.497
-0.51563
-0.53394
-0.55194
-0.56959
-0.5869
-0.60386
-0.62045
-0.63666
-0.65249
-0.66792
-0.68294
-0.69756
-0.71175
-0.72551
-0.73883
-0.7517
-0.76412
-0.77608
-0.78756
-0.79857
-0.8091
-0.81913
-0.82867
-0.83771
-0.84624
-0.85426
-0.86177
-0.86875
-0.87521
-0.88114
-0.88653
-0.89139
-0.89571
-0.89949
-0.90272
-0.90541
-0.90754
-0.90913
-0.91018
-0.91066
-0.9106
-0.90999
-0.90883
-0.90712
-0.90486
-0.90205
-0.8987
-0.8948
-0.89036
-0.88539
-0.87988
-0.87383
-0.86726
-0.86017
-0.85255
-0.84442
-0.83578
-0.82663
-0.81699
-0.80685
-0.79622
-0.78511
-0.77353
-0.76147
-0.74896
-0.736
-0.72259
-0.70874
-0.69447
-0.67977
-0.66467
-0.64916
-0.63326
-0.61698
-0.60033
-0.58331
-0.56594
-0.54823
-0.53018
-0.51182
-0.49315
-0.47418
-0.45492
-0.43539
-0.41559
-0.39555
-0.37526
-0.35475
-0.33403
-0.3131
-0.29198
-0.27069
-0.24923
-0.22762
-0.20588
-0.18401
-0.16203
-0.13995
-0.11779
-0.095559
-0.073268
-0.050934
-0.028569
-0.0061872
0.016199
0.038574
0.060926
0.083241
0.10551
0.12771
0.14983
0.17186
0.19379
0.2156
0.23728
0.25882
0.2802
0.30141
0.32243
0.34327
0.36389
0.3843
0.40447
0.4244
0.44407
0.46347
0.48259
0.50142
0.51995
0.53816
0.55605
0.5736
0.5908
0.60764
0.62412
0.64022
0.65594
0.67125
0.68616
0.70066
0.71473
0.72837
0.74157
0.75432
0.76661
0.77844
0.78981
0.80069
0.81109
