-0.046523
-0.068929
-0.091289
-0.11359
-0.13587
-0.15803
-0.18009
-0.20207
-0.22392
-0.24565
-0.2672
-0.28859
-0.30983
-0.33094
-0.35171
-0.37232
-0.39278
-0.41296
-0.43279
-0.45245
-0.47196
-0.49092
-0.50971
-0.52821
-0.54642
-0.56421
-0.5817
-0.5989
-0.61568
-0.63204
-0.64808
-0.66383
-0.67896
-0.69379
-0.7082
-0.7222
-0.73574
-0.74883
-0.76149
-0.77369
-0.7854
-0.79662
-0.80741
-0.81771
-0.82747
-0.83672
-0.84553
-0.85377
-0.8615
-0.86872
-0.87544
-0.88161
-0.88722
-0.89235
-0.89694
-0.90093
-0.90438
-0.90735
-0.90973
-0.91152
-0.9128
-0.91353
-0.9137
-0.91332
-0.91241
-0.91092
-0.90889
-0.90629
-0.90316
-0.8995
-0.89527
-0.8905
-0.88519
-0.87936
-0.87299
-0.86608
-0.85867
-0.85073
-0.84226
-0.83329
-0.82385
-0.81387
-0.8034
-0.79245
-0.78103
-0.76912
-0.75676
-0.74394
-0.73068
-0.71696
-0.70282
-0.68825
-0.67326
-0.65786
-0.64207
-0.62589
-0.60933
-0.5924
-0.57512
-0.55748
-0.5395
-0.52121
-0.50259
-0.48368
-0.46447
-0.44497
-0.42521
-0.4052
-0.38493
-0.36443
-0.34371
-0.32279
-0.30166
-0.28036
-0.25889
-0.23726
-0.21549
-0.19359
-0.17157
-0.14944
-0.12723
-0.10493
-0.082583
-0.060175
-0.037735
-0.015271
0.0072079
0.029676
0.052125
0.074543
0.096915
0.11923
0.14148
0.16364
0.1857
0.20765
0.22948
0.25116
0.27269
0.29406
0.31525
0.33625
0.35704
0.37762
0.39797
0.41808
0.43794
0.45753
0.47685
0.49588
0.51461
0.53302
0.55112
0.56888
0.5863
0.60336
0.62006
0.63638
0.65232
0.66787
0.683
0.69774
0.71204
0.72592
0.73935
0.75235
0.76488
0.77695
0.78855
0.79967
0.81031
0.82047
0.83012
0.83928
0.84792
0.85605
0.86367
0.87076
0.87733
0.88336
0.88887
0.89383
0.89825
0.90213
0.90546
0.90825
0.91049
0.91218
0.91331
0.9139
0.91393
0.91341
0.91233
0.9107
0.90852
0.9058
0.90252
0.8987
0.89434
0.88943
0.88399
0.87801
0.8715
0.86447
0.85691
0.84884
0.84025
0.83115
0.82154
0.81145
0.80086
0.78979
0.77824
0.76621
0.75372
0.74078
0.72739
0.71356
0.6993
0.68461
0.66952
0.65402
0.63811
0.62184
0.60518
0.58815
0.57077
0.55305
0.53499
0.51661
0.49791
0.4789
0.45962
0.44005
0.42022
0.40014
0.37981
0.35925
0.33848
0.3175
0.29633
0.27497
0.25344
0.23178
0.20996
0.18802
0.16597
0.14382
0.12158
0.099269
0.076899
0.054474
0.032028
0.0095546
-0.01292
-0.035388
-0.057827
-0.080227
-0.10257
-0.12486
-0.14707
-0.16919
-0.19121
-0.21312
-0.23489
-0.25652
-0.27799
-0.2993
-0.32043
-0.34136
-0.36206
-0.38255
-0.4028
-0.42281
-0.44257
-0.46206
-0.48126
-0.50018
-0.51879
-0.53709
-0.55506
-0.5727
-0.58999
-0.6069
-0.62345
-0.63963
-0.65542
-0.67081
-0.68579
-0.70036
-0.7145
-0.72821
-0.74148
-0.75431
-0.76668
-0.77858
-0.79
-0.80095
-0.8114
-0.82137
-0.83084
-0.83981
-0.84827
-0.85622
-0.86365
-0.87055
-0.87694
-0.88279
-0.8881
-0.89288
-0.89711
-0.9008
-0.90394
-0.90654
-0.90859
-0.9101
-0.91105
-0.91145
-0.9113
-0.91059
-0.90934
-0.90754
-0.90519
-0.90229
-0.89884
-0.89485
-0.89031
-0.88524
-0.87964
-0.8735
-0.86684
-0.85965
-0.85194
-0.84372
-0.83499
-0.82575
-0.81601
-0.80578
-0.79506
-0.78387
-0.77219
-0.76006
-0.74746
-0.73441
-0.72092
-0.70699
-0.69263
-0.67786
-0.66268
-0.64709
-0.63111
-0.61476
-0.59803
-0.58094
-0.5635
-0.54572
-0.52761
-0.50918
-0.49045
-0.47142
-0.4521
-0.43251
-0.41266
-0.39256
-0.37223
-0.35167
-0.33089
-0.30992
-0.28876
-0.26743
-0.24593
-0.22429
-0.20251
-0.18062
-0.15861
-0.1365
-0.11432
-0.092062
-0.069752
-0.0474
-0.025021
-0.0026261
0.019768
0.042152
0.064508
0.086825
0.10909
0.13129
0.1534
0.17543
0.19735
0.21915
0.24081
0.26233
0.28369
0.30488
0.32589
0.34669
0.36729
0.38766
0.4078
0.42769
0.44733
0.46669
0.48577
0.50456
0.52304
0.5412
0.55904
0.57654
0.59368
0.61047
0.62689
0.64293
0.65859
0.67384
0.68869
0.70312
0.71712
0.73069
0.74382
0.75649
0.76871
0.78047
0.79175
0.80256
0.81287
0.8227
0.83203
0.84086
0.84917
0.85698
0.86426
0.87103
0.87726
0.88297
0.88814
0.89278
0.89687
0.90042
0.90343
0.90589
0.9078
0.90917
0.90998
0.91025
0.90996
0.90912
0.90774
0.9058
0.90332
0.90029
0.89672
0.8926
0.88795
0.88275
0.87703
0.87077
0.86399
0.85668
0.84886
0.84052
0.83168
0.82233
0.81248
0.80215
0.79133
0.78003
0.76826
0.75602
0.74333
0.73019
0.7166
0.70259
0.68814
0.67329
0.65802
0.64236
0.62631
0.60988
0.59308
0.57592
0.55842
0.54057
0.5224
0.50392
0.48513
0.46605
0.44668
0.42705
0.40715
0.38701
0.36664
0.34604
0.32524
0.30424
0.28306
0.2617
0.24019
0.21853
0.19674
0.17483
0.15281
0.1307
0.10852
0.086265
0.063961
0.041617
0.01925
-0.0031301
-0.025507
-0.04787
