0.8166
0.82577
0.83475
0.84291
0.85088
0.85802
0.86496
0.87106
0.87695
0.88199
0.88685
0.89088
0.89444
0.89752
0.90001
0.902
0.90343
0.90428
0.90464
0.90446
0.90373
0.90246
0.90064
0.89826
0.89535
0.8919
0.88791
0.88339
0.87834
0.87271
0.86649
0.85975
0.85255
0.84483
0.8366
0.82787
0.81864
0.80892
0.7987
0.788
0.77682
0.76518
0.75309
0.74055
0.72757
0.71416
0.70033
0.68607
0.67139
0.65631
0.64082
0.62495
0.60871
0.59209
0.57511
0.55778
0.54008
0.52205
0.50372
0.48509
0.46617
0.44697
0.4275
0.40777
0.38779
0.36758
0.34714
0.3265
0.30567
0.28465
0.26347
0.24213
0.22064
0.19902
0.17729
0.15544
0.13349
0.11147
0.089375
0.067227
0.045036
0.022811
0.00056629
-0.021683
-0.04392
-0.066127
-0.088291
-0.1104
-0.13244
-0.15441
-0.17628
-0.19804
-0.21969
-0.2412
-0.26256
-0.28377
-0.3048
-0.32565
-0.34629
-0.36673
-0.38695
-0.40694
-0.42668
-0.44616
-0.46537
-0.48431
-0.50295
-0.52129
-0.53932
-0.55703
-0.5744
-0.59142
-0.60808
-0.62438
-0.64029
-0.65582
-0.67096
-0.68569
-0.7
-0.71389
-0.72735
-0.74037
-0.75294
-0.76506
-0.77671
-0.78789
-0.7986
-0.80882
-0.81856
-0.82778
-0.8365
-0.84474
-0.85247
-0.85968
-0.8664
-0.51698
-0.53128
-0.54518
-1.3435
-1.33
-1.3156
-1.3003
-1.2844
-1.2689
-1.2531
-1.2431
-1.2264
-1.2094
-1.2719
-1.2511
-1.2284
-1.0115
-0.6501
-0.65312
-0.65564
-0.86242
-0.85108
-0.83934
-0.57099
-0.52022
-0.5296
-0.49464
-0.49251
-0.50276
-0.51407
-0.53612
-0.54095
-0.54481
-0.37742
-0.37344
-0.38955
-0.63688
-0.92361
-0.89091
-0.88376
-0.80319
-0.77208
-0.7403
-0.80177
-0.81802
-0.77537
-0.78614
-0.76184
-0.71363
-0.61421
-0.39698
-0.37071
-0.33504
-0.41247
-0.40772
-0.37688
-0.23128
-0.023205
-0.025936
-0.00049039
-0.017037
-0.024548
-0.035503
-0.015105
0.016965
0.0026672
0.051818
0.078302
0.067538
-0.0038508
-0.19345
-0.18226
-0.1714
-0.097883
-0.054393
-0.025926
-0.047174
-0.139
-0.093783
-0.063813
-0.023894
0.023489
0.079618
0.17957
0.20165
0.24333
0.23392
0.23287
0.26523
0.33217
0.50573
0.52547
0.53115
0.51432
0.50259
0.50502
0.52196
0.59731
0.5913
0.595
0.6087
0.59987
0.57881
0.49041
0.49042
0.50134
0.53889
0.57562
0.5865
0.57717
0.49028
0.50295
0.53351
0.56617
0.60278
0.62958
0.67239
0.66006
0.67934
0.69073
0.69063
0.71403
0.74598
0.84187
0.86442
0.86214
0.84784
0.82864
0.82978
0.83557
0.89811
0.90176
0.8887
0.88021
0.8602
0.84273
0.79665
0.79512
0.79394
0.79673
0.80936
0.80081
0.78654
0.72038
0.70218
0.71093
0.72382
0.74279
0.7473
0.75643
0.72418
0.71633
0.72117
0.71716
0.72567
0.73328
0.77078
0.775
0.76245
0.74603
0.71963
0.70895
0.70024
0.72955
0.73084
0.70632
0.68201
0.64963
0.62468
0.58929
0.58073
0.56926
0.54965
0.53868
0.51585
0.49176
0.44092
0.40968
0.40034
0.39298
0.3934
0.38231
0.3711
0.33339
0.30655
0.29894
0.2878
0.28343
0.2754
0.27915
0.26633
0.24355
0.22436
0.1971
0.17876
0.16207
0.16576
0.15964
0.1322
0.10379
0.069195
0.041339
0.011447
-0.0022024
-0.015232
-0.041107
-0.062831
-0.090076
-0.1167
-0.15433
-0.18373
-0.19901
-0.21688
-0.23537
-0.2526
-0.26705
-0.28103
-0.29469
-0.30846
-0.3232
-0.33958
-0.35498
-0.37027
-0.38609
-0.401
-0.4143
-0.42949
-0.44457
-0.45862
-0.47312
-0.48817
-0.50229
-0.51364
-0.52604
-0.53997
-0.55393
-0.56515
-0.5764
-0.59146
-0.60802
-0.62312
-0.6359
-0.64845
-0.65885
-0.66814
-0.67906
-0.69064
-0.70185
-0.7122
-0.72347
-0.73375
-0.74117
-0.74884
-0.75649
-0.76318
-0.76919
-0.77467
-0.77983
-0.78413
-0.78842
-0.79332
-0.7978
-0.80185
-0.80543
-0.8086
-0.81167
-0.81397
-0.81524
-0.81603
-0.81658
-0.8168
-0.81634
-0.81559
-0.81447
-0.81273
-0.81054
-0.80761
-0.80413
-0.80094
-0.79783
-0.79392
-0.78909
-0.78371
-0.77765
-0.77072
-0.76351
-0.75634
-0.74886
-0.74087
-0.73253
-0.7237
-0.71423
-0.7042
-0.69344
-0.68208
-0.67027
-0.65804
-0.64536
-0.63244
-0.61927
-0.60568
-0.59159
-0.5771
-0.56223
-0.54702
-0.53161
-0.51576
-0.49942
-0.48274
-0.46578
-0.44845
-0.43069
-0.41277
-0.39468
-0.37631
-0.35766
-0.33872
-0.31957
-0.30031
-0.28074
-0.26084
-0.24066
-0.22029
-0.19971
-0.17897
-0.15818
-0.13728
-0.11621
-0.095031
-0.073773
-0.052449
-0.031077
-0.00963
0.011927
0.033545
0.055174
0.076815
0.098486
0.12006
0.1415
0.16286
0.18417
0.2054
0.22651
0.24749
0.26839
0.28921
0.30991
0.33043
0.35076
0.37088
0.39076
0.41042
0.42986
0.44907
0.46802
0.48669
0.50505
0.52308
0.54083
0.55828
0.57542
0.59222
0.60869
0.62478
0.64046
0.65572
0.67059
0.68507
0.69911
0.71272
0.72591
0.73869
0.75104
0.76294
0.77436
0.7853
