-0.74751
-0.7345
-0.7214
-0.70753
-0.69356
-0.67885
-0.66405
-0.64853
-0.63294
-0.61666
-0.60031
-0.58335
-0.56611
-0.54858
-0.53067
-0.51249
-0.49396
-0.4752
-0.45613
-0.43678
-0.41718
-0.39731
-0.37721
-0.35686
-0.3363
-0.31555
-0.29461
-0.2735
-0.25222
-0.23075
-0.2091
-0.18732
-0.16546
-0.1435
-0.12146
-0.099348
-0.077173
-0.054952
-0.0327
-0.010432
0.01184
0.034102
0.056336
0.078528
0.10067
0.12274
0.14475
0.16667
0.18849
0.2102
0.23178
0.25322
0.27451
0.29563
0.31657
0.33733
0.35791
0.37827
0.3984
0.41828
0.4379
0.45726
0.47635
0.49514
0.51364
0.53182
0.54968
0.5672
0.58438
0.60121
0.61766
0.63375
0.64945
0.66475
0.67966
0.69416
0.70824
0.72189
0.7351
0.74787
0.76018
0.77205
0.78345
0.79438
0.80483
0.81479
0.82425
0.83322
0.84168
0.84964
0.85707
0.86399
0.87039
0.87626
0.8816
0.8864
0.89067
0.8944
0.89758
0.90023
0.90233
0.90388
0.90489
0.90536
0.90527
0.90464
0.90346
0.90174
0.89947
0.89666
0.89331
0.88942
0.88499
0.88003
0.87453
0.8685
0.86195
0.85487
0.84728
0.83918
0.83057
0.82145
0.81184
0.80173
0.79115
0.78008
0.76854
0.75654
0.74408
0.73116
0.7178
0.70401
0.6898
0.67517
0.66017
-0.066478
-0.064946
-0.063533
-0.84697
-0.81918
-0.79093
-0.7639
-0.7373
-0.70943
-0.6818
-0.63513
-0.60839
-0.58189
-0.44239
-0.42381
-0.40371
-0.1899
0.16789
0.16082
0.15405
0.55722
0.52559
0.49461
0.69865
0.70722
0.65674
0.50762
0.45041
0.41067
0.36994
0.3293
0.29418
0.26002
-0.095449
-0.13524
-0.13958
-0.36993
-0.64621
-0.60569
-0.50983
-0.54906
-0.51302
-0.47032
-0.5122
-0.52009
-0.47127
-0.33496
-0.27899
-0.24787
-0.17049
0.022272
0.03115
0.0019054
0.19039
0.21964
0.1965
0.27913
0.43261
0.38182
0.25903
0.22853
0.19182
0.14739
0.14032
0.13878
0.1169
-0.014327
-0.091315
-0.10669
-0.17861
-0.36881
-0.36327
-0.29675
-0.34225
-0.34592
-0.31276
-0.32432
-0.41052
-0.37911
-0.30093
-0.25801
-0.22537
-0.18225
-0.099731
-0.089905
-0.096682
-0.011294
0.049894
0.047598
0.073373
0.2056
0.199
0.14522
0.13287
0.125
0.093534
0.078517
0.1217
0.099734
0.041512
-0.021331
-0.043463
-0.075393
-0.17102
-0.18529
-0.16999
-0.19786
-0.22634
-0.2107
-0.20799
-0.28268
-0.27298
-0.2274
-0.19276
-0.17402
-0.14242
-0.097079
-0.10344
-0.085728
-0.038938
0.017076
0.02989
0.043745
0.11941
0.1326
0.11204
0.10734
0.11712
0.10032
0.083827
0.12416
0.11389
0.073148
0.03169
0.014881
-0.0058842
-0.052691
-0.058622
-0.060078
-0.076906
-0.10713
-0.10564
-0.099105
-0.1424
-0.14441
-0.11419
-0.089668
-0.082807
-0.062152
-0.033108
-0.04389
-0.032264
-0.00028041
0.039932
0.05508
0.066148
0.1056
0.11546
0.10726
0.10616
0.12115
0.11656
0.10444
0.12969
0.1305
0.10554
0.078033
0.068679
0.055436
0.029879
0.031224
0.031094
0.018228
-0.0062444
-0.011611
-0.0093638
-0.032
-0.036733
-0.021155
-0.0061869
-0.0065991
0.0028886
0.020713
0.012238
0.01308
0.03315
0.06035
0.071773
0.080249
0.10155
0.10624
0.10229
0.10382
0.11727
0.11886
0.11222
0.12521
0.12995
0.11584
0.097566
0.092309
0.084315
0.068245
0.069052
0.070541
0.059897
0.040614
0.032717
0.030749
0.017365
0.011853
0.019626
0.030554
0.044536
0.051403
0.056298
0.061337
0.067538
0.072686
0.078034
0.086749
0.094934
0.10181
0.1077
0.11519
0.12237
0.13482
0.14615
0.15358
0.15963
0.16454
0.17084
0.17377
0.17965
0.18853
0.19676
0.20697
0.21583
0.22217
0.22891
0.23356
0.23656
0.23842
0.24204
0.24599
0.24762
0.25024
0.25266
0.25429
0.25396
0.25408
0.25572
0.25867
0.26189
0.26291
0.26292
0.26241
0.2617
0.25898
0.25594
0.2543
0.25261
0.25029
0.24712
0.24393
0.24117
0.23755
0.23214
0.22556
0.21834
0.21056
0.20247
0.19469
0.18684
0.17829
0.16907
0.15973
0.14991
0.13961
0.1293
0.11808
0.10624
0.093961
0.081639
0.068759
0.055123
0.041994
0.028966
0.015627
0.0017157
-0.012361
-0.025949
-0.03972
-0.054308
-0.069501
-0.084957
-0.10055
-0.11633
-0.13208
-0.14777
-0.16368
-0.17976
-0.19594
-0.21222
-0.22841
-0.24429
-0.26031
-0.27663
-0.29308
-0.30954
-0.32609
-0.3427
-0.35887
-0.37467
-0.39033
-0.40595
-0.42143
-0.43661
-0.45164
-0.46679
-0.48198
-0.49699
-0.51174
-0.52624
-0.54037
-0.55414
-0.56765
-0.58092
-0.59392
-0.60663
-0.61899
-0.6308
-0.64223
-0.65344
-0.66437
-0.67493
-0.68513
-0.69501
-0.70439
-0.7132
-0.72154
-0.72947
-0.73696
-0.74396
-0.75045
-0.75656
-0.76232
-0.76766
-0.77253
-0.77691
-0.78077
-0.78406
-0.78681
-0.78907
-0.79084
-0.7921
-0.79283
-0.79297
-0.79258
-0.79172
-0.7904
-0.78855
-0.78618
-0.78332
-0.7799
-0.77588
-0.77131
-0.76622
-0.76063
-0.75451
-0.74786
-0.74072
-0.73313
-0.72508
-0.71654
-0.70751
-0.69798
