-0.069095
-0.091268
-0.11335
-0.13539
-0.15732
-0.17917
-0.20091
-0.22252
-0.24401
-0.26533
-0.28655
-0.30753
-0.32833
-0.34894
-0.36934
-0.38951
-0.40947
-0.42907
-0.44851
-0.46767
-0.48656
-0.50514
-0.52343
-0.54141
-0.55905
-0.57635
-0.5933
-0.60989
-0.62612
-0.64196
-0.65739
-0.67243
-0.68708
-0.70132
-0.71514
-0.72852
-0.74147
-0.75397
-0.766
-0.77757
-0.78866
-0.79929
-0.80943
-0.81908
-0.82824
-0.83691
-0.84508
-0.85274
-0.85988
-0.86651
-0.87261
-0.87818
-0.88321
-0.88772
-0.89168
-0.89511
-0.89799
-0.90032
-0.90211
-0.90336
-0.90407
-0.90423
-0.90384
-0.90291
-0.90143
-0.8994
-0.89682
-0.89371
-0.89005
-0.88586
-0.88113
-0.87587
-0.87009
-0.86378
-0.85695
-0.8496
-0.84173
-0.83335
-0.82447
-0.81509
-0.80522
-0.79486
-0.78401
-0.77269
-0.76091
-0.74866
-0.73596
-0.72282
-0.70924
-0.69523
-0.6808
-0.66595
-0.6507
-0.63506
-0.61903
-0.60263
-0.58587
-0.56875
-0.55129
-0.53349
-0.51538
-0.49695
-0.47822
-0.4592
-0.4399
-0.42033
-0.40051
-0.38045
-0.36015
-0.33964
-0.31892
-0.298
-0.27691
-0.25565
-0.23424
-0.21268
-0.19099
-0.16919
-0.14728
-0.12529
-0.10321
-0.08108
-0.058896
-0.036677
-0.014436
0.0078134
0.030059
0.052286
0.074482
0.096623
0.11871
0.14073
0.16267
0.18451
0.20624
0.58346
0.59623
0.60871
-0.16386
-0.12541
-0.086688
-0.047859
-0.0092437
0.028262
0.065339
0.095739
0.13204
0.16786
0.12341
0.16128
0.20028
0.43258
0.80848
0.81905
0.82929
0.63433
0.6566
0.67841
0.95591
1.0148
1.0127
1.054
1.0615
1.0556
1.0478
1.0283
1.0249
1.0217
1.1888
1.1915
1.1732
0.92281
0.63198
0.65967
0.66094
0.73461
0.75788
0.78096
0.70985
0.68301
0.71417
0.69104
0.70205
0.73617
0.8206
1.0219
1.0314
1.0495
0.95362
0.93904
0.94979
1.0745
1.2608
1.2356
1.2379
1.1973
1.1651
1.1287
1.123
1.1282
1.0865
1.1075
1.1052
1.065
0.96366
0.74348
0.72352
0.70269
0.74399
0.75477
0.75004
0.6951
0.56913
0.57978
0.57477
0.5793
0.59095
0.611
0.67454
0.65991
0.66462
0.61797
0.57947
0.57415
0.60324
0.7388
0.72039
0.68782
0.63264
0.5825
0.54648
0.52496
0.56182
0.51734
0.48263
0.45801
0.41092
0.35172
0.22533
0.18749
0.16076
0.16087
0.16037
0.13427
0.088246
-0.035042
-0.05846
-0.063643
-0.066352
-0.064727
-0.072522
-0.063861
-0.10991
-0.12386
-0.14522
-0.17756
-0.18587
-0.18508
-0.11979
-0.12727
-0.15896
-0.20206
-0.24942
-0.27581
-0.29685
-0.26048
-0.28229
-0.32009
-0.35259
-0.39587
-0.43584
-0.50365
-0.52613
-0.54745
-0.56399
-0.56987
-0.5961
-0.62719
-0.70932
-0.74263
-0.7481
-0.74855
-0.74203
-0.74907
-0.75058
-0.79257
-0.80924
-0.81229
-0.82327
-0.8208
-0.81829
-0.78495
-0.78396
-0.79879
-0.81654
-0.84333
-0.85346
-0.86068
-0.82892
-0.82425
-0.84445
-0.86348
-0.88967
-0.90748
-0.93482
-0.9344
-0.93597
-0.94477
-0.94403
-0.95425
-0.96485
-1.0013
-1.0173
-1.0105
-1.0009
-0.98269
-0.97515
-0.96689
-0.98433
-0.99011
-0.97587
-0.96439
-0.94539
-0.9293
-0.9007
-0.88796
-0.88448
-0.87673
-0.87639
-0.86648
-0.85428
-0.82109
-0.79711
-0.79387
-0.79104
-0.79386
-0.78942
-0.78651
-0.76688
-0.74617
-0.73786
-0.72498
-0.71722
-0.70845
-0.71034
-0.70366
-0.68255
-0.66372
-0.64525
-0.62527
-0.60227
-0.57861
-0.55447
-0.53025
-0.50686
-0.48499
-0.46204
-0.43892
-0.41629
-0.39274
-0.36757
-0.34432
-0.32102
-0.29675
-0.27303
-0.25
-0.22616
-0.19972
-0.17453
-0.15107
-0.12787
-0.1022
-0.076833
-0.055574
-0.036133
-0.015587
0.0069244
0.029282
0.053359
0.078144
0.10085
0.12241
0.14387
0.16568
0.18604
0.20683
0.22992
0.25218
0.27386
0.29586
0.31792
0.33984
0.3614
0.38315
0.40419
0.42391
0.4433
0.46239
0.48118
0.4996
0.51733
0.53504
0.55295
0.57052
0.5875
0.60395
0.62023
0.63593
0.65113
0.66606
0.68056
0.69489
0.70885
0.72162
0.73339
0.74503
0.75666
0.76791
0.77888
0.7898
0.80005
0.80932
0.81796
0.82615
0.83375
0.84089
0.84773
0.85418
0.86041
0.86632
0.87173
0.87663
0.88105
0.8848
0.88788
0.89047
0.89264
0.89432
0.8955
0.89613
0.89608
0.89562
0.89479
0.89346
0.89157
0.88923
0.88651
0.88316
0.87919
0.87474
0.8698
0.86442
0.85851
0.85201
0.84511
0.83786
0.83023
0.82215
0.81364
0.80468
0.79517
0.7852
0.77483
0.76404
0.75281
0.74114
0.72904
0.71655
0.70374
0.69056
0.677
0.66308
0.64883
0.63415
0.61902
0.60352
0.58771
0.57158
0.5551
0.53829
0.52122
0.50393
0.48638
0.46854
0.45043
0.43205
0.4134
0.39451
0.3754
0.3561
0.33659
0.31689
0.29697
0.27686
0.25661
0.23623
0.21573
0.19512
0.17441
0.15359
0.13263
0.11157
0.090447
0.069273
0.048045
0.02677
0.0054948
-0.015751
-0.036974
-0.058179
-0.079361
-0.10051
