0.81657
0.82561
0.83447
0.84296
0.85054
0.85794
0.86479
0.87086
0.87675
0.88191
0.88646
0.89086
0.89434
0.89739
0.90027
0.90222
0.90353
0.9044
0.90473
0.90436
0.90369
0.90228
0.9005
0.8982
0.8952
0.89184
0.88786
0.88327
0.87835
0.87269
0.86653
0.86012
0.85267
0.84482
0.83662
0.82789
0.81862
0.80897
0.79878
0.78811
0.77707
0.76547
0.75333
0.74074
0.72772
0.71424
0.70038
0.68609
0.67141
0.65634
0.64085
0.62499
0.60875
0.59213
0.57518
0.55785
0.54018
0.52224
0.50387
0.48517
0.46623
0.44703
0.42755
0.40784
0.38787
0.36768
0.34729
0.32667
0.30582
0.28478
0.26357
0.24219
0.22068
0.19905
0.1773
0.15546
0.13351
0.11149
0.089395
0.067244
0.045059
0.022841
0.00060268
-0.021622
-0.043861
-0.066097
-0.088282
-0.1104
-0.13245
-0.15441
-0.17628
-0.19804
-0.21967
-0.24117
-0.26254
-0.28376
-0.3048
-0.32567
-0.34633
-0.36678
-0.38701
-0.407
-0.42674
-0.44622
-0.46544
-0.48437
-0.50302
-0.52136
-0.53938
-0.55708
-0.57445
-0.59148
-0.60816
-0.62446
-0.64038
-0.65591
-0.67105
-0.68577
-0.70008
-0.71397
-0.72743
-0.74046
-0.75304
-0.76516
-0.77682
-0.78801
-0.79872
-0.80895
-0.81868
-0.82791
-0.83663
-0.84487
-0.85259
-0.8598
-0.86647
-0.87264
-0.87824
-0.52101
-0.53395
-0.54652
-0.55869
-0.57013
-1.3589
-1.3448
-1.3304
-1.2387
-1.1992
-1.1844
-1.1742
-1.1689
-1.0043
-0.98273
-0.97537
-0.98473
-1.0234
-1.0255
-1.1813
-1.1599
-1.1775
-1.1522
-1.1235
-0.74293
-0.73067
-0.73248
-0.71151
-0.77661
-0.83119
-0.80796
-0.71168
-0.55717
-0.27546
-0.19152
-0.2087
-0.23033
-0.21066
-0.19163
-0.20519
-0.24505
-0.40987
-0.55879
-0.59644
-0.56068
-0.55391
-0.52856
-0.39497
-0.3598
-0.32698
-0.35299
-0.39138
-0.6351
-0.63426
-0.58489
-0.51888
-0.46995
-0.41088
-0.37154
-0.36724
-0.36898
-0.38486
-0.39813
-0.35478
-0.32622
-0.33704
-0.34595
-0.27671
-0.19355
-0.065636
0.13459
0.22086
0.2066
0.19873
0.1963
0.13278
0.11101
0.09994
0.15664
0.21665
0.3847
0.4159
0.41313
0.41197
0.43664
0.43931
0.43428
0.43445
0.39687
0.35539
0.39557
0.42024
0.43978
0.48957
0.53938
0.51866
0.47532
0.41858
0.3004
0.24787
0.28423
0.33256
0.36606
0.43205
0.4883
0.53793
0.54662
0.56595
0.51402
0.51424
0.5391
0.5536
0.5422
0.56547
0.61216
0.66282
0.75382
0.85428
0.8502
0.83534
0.82898
0.81199
0.78684
0.79986
0.83819
0.88044
0.95705
1.0083
0.99889
0.97208
0.96195
0.93069
0.88855
0.85031
0.8286
0.78295
0.79699
0.81698
0.81999
0.82856
0.85426
0.85479
0.82019
0.77565
0.70886
0.63248
0.62973
0.65198
0.66684
0.68046
0.70744
0.71697
0.70602
0.69661
0.66495
0.62502
0.62031
0.62855
0.62307
0.62875
0.65607
0.6842
0.70668
0.75011
0.74862
0.71241
0.68182
0.65225
0.61132
0.58427
0.5862
0.59877
0.61893
0.65085
0.63994
0.60309
0.56946
0.53882
0.48995
0.44456
0.41165
0.37526
0.34973
0.35319
0.343
0.32053
0.30617
0.28667
0.24408
0.19226
0.14188
0.079551
0.043325
0.045502
0.049088
0.048097
0.05513
0.057357
0.038822
0.010422
-0.017764
-0.064258
-0.094092
-0.10321
-0.11228
-0.12468
-0.11962
-0.10909
-0.10533
-0.10054
-0.10044
-0.13467
-0.17077
-0.19796
-0.22823
-0.25783
-0.26934
-0.26777
-0.26689
-0.25923
-0.26677
-0.30841
-0.35268
-0.39354
-0.43296
-0.45971
-0.47517
-0.49078
-0.50897
-0.52824
-0.5467
-0.56653
-0.58062
-0.59011
-0.60127
-0.61437
-0.62745
-0.63866
-0.65051
-0.66397
-0.67711
-0.6927
-0.70149
-0.70409
-0.7059
-0.70775
-0.71043
-0.71675
-0.72415
-0.73076
-0.73624
-0.74557
-0.75539
-0.76363
-0.77198
-0.78153
-0.78989
-0.79681
-0.80194
-0.80377
-0.8059
-0.81225
-0.81927
-0.82585
-0.83241
-0.83718
-0.83906
-0.8407
-0.84016
-0.83722
-0.83341
-0.82911
-0.82469
-0.82153
-0.81898
-0.81592
-0.8118
-0.80666
-0.80096
-0.79529
-0.78948
-0.78406
-0.7782
-0.77159
-0.76411
-0.75522
-0.74551
-0.73558
-0.72551
-0.71538
-0.70515
-0.69523
-0.68503
-0.67424
-0.66231
-0.64903
-0.63488
-0.62012
-0.60513
-0.5904
-0.57597
-0.56174
-0.54701
-0.53166
-0.51589
-0.49964
-0.48278
-0.46584
-0.44873
-0.43138
-0.41366
-0.39519
-0.37609
-0.35678
-0.33735
-0.31785
-0.29825
-0.27853
-0.25858
-0.23853
-0.21812
-0.19712
-0.17566
-0.15401
-0.13233
-0.11085
-0.089658
-0.068477
-0.047108
-0.025607
-0.0040438
0.017454
0.038876
0.06022
0.081505
0.10273
0.12394
0.14532
0.16684
0.18833
0.20969
0.23081
0.25172
0.27246
0.29303
0.31348
0.33388
0.35429
0.37468
0.39489
0.41482
0.43439
0.45353
0.4723
0.49083
0.50913
0.52716
0.54487
0.56223
0.5792
0.59577
0.61195
0.62777
0.64329
0.65852
0.67339
0.68783
0.70183
0.71538
0.72845
0.74105
0.75318
0.76488
0.77619
0.78712
