-0.069099
-0.091285
-0.11338
-0.13538
-0.15733
-0.17918
-0.2009
-0.22251
-0.244
-0.26532
-0.28647
-0.30752
-0.32833
-0.34898
-0.36948
-0.38965
-0.40947
-0.42912
-0.44851
-0.46766
-0.48653
-0.50511
-0.5234
-0.54136
-0.559
-0.57635
-0.59333
-0.60994
-0.6262
-0.64202
-0.65746
-0.67258
-0.68711
-0.70131
-0.71512
-0.7285
-0.74144
-0.75396
-0.76602
-0.77762
-0.78878
-0.79941
-0.80951
-0.81913
-0.82826
-0.83691
-0.84507
-0.85272
-0.85987
-0.86649
-0.87259
-0.87818
-0.88323
-0.88775
-0.89173
-0.89515
-0.89803
-0.90038
-0.90215
-0.90337
-0.90407
-0.90423
-0.90384
-0.90291
-0.90144
-0.89943
-0.89688
-0.89377
-0.8901
-0.88589
-0.88115
-0.87588
-0.87009
-0.86377
-0.85694
-0.84959
-0.84172
-0.83335
-0.82448
-0.81511
-0.80524
-0.79488
-0.78403
-0.77272
-0.76092
-0.74866
-0.73595
-0.72281
-0.70923
-0.69522
-0.68079
-0.66595
-0.65071
-0.63507
-0.61904
-0.60263
-0.58586
-0.56873
-0.55126
-0.53347
-0.51535
-0.49692
-0.47819
-0.45917
-0.43987
-0.4203
-0.40048
-0.38042
-0.36012
-0.33961
-0.31888
-0.29796
-0.27687
-0.2556
-0.23418
-0.21263
-0.19094
-0.16914
-0.14723
-0.12524
-0.10316
-0.081025
-0.058835
-0.03661
-0.014365
0.0078879
0.030135
0.052364
0.074562
0.096703
0.11879
0.14081
0.16275
0.18459
0.20631
0.22791
0.24936
0.63298
0.64572
0.65814
0.67023
0.68237
-0.083677
-0.047514
-0.011922
0.10023
0.15931
0.1928
0.22099
0.24331
0.42418
0.46112
0.48302
0.48729
0.46144
0.47116
0.32628
0.35761
0.34912
0.38252
0.41846
0.80532
0.82289
0.82544
0.84985
0.78726
0.73426
0.75818
0.85414
1.0074
1.2869
1.3677
1.3464
1.3197
1.3334
1.3455
1.3241
1.2755
1.101
0.9415
0.89238
0.91574
0.90917
0.92033
1.0388
1.0581
1.0741
1.0304
0.97355
0.7105
0.6912
0.71965
0.76396
0.79043
0.82627
0.84164
0.82122
0.79406
0.75204
0.71192
0.72778
0.72818
0.68856
0.65025
0.6895
0.7421
0.83888
1.0074
1.0614
1.0145
0.97336
0.93724
0.83958
0.78325
0.7372
0.75854
0.78283
0.91482
0.90965
0.87022
0.83212
0.8196
0.78485
0.7422
0.70454
0.62896
0.54933
0.55126
0.5376
0.51876
0.5301
0.54145
0.48224
0.40044
0.30527
0.14875
0.057942
0.056128
0.066423
0.06205
0.090377
0.10917
0.12161
0.093311
0.075929
-0.012428
-0.04831
-0.059223
-0.08012
-0.12654
-0.13789
-0.12541
-0.10852
-0.050807
0.01686
-0.019484
-0.066106
-0.10363
-0.15125
-0.20645
-0.22295
-0.21348
-0.19945
-0.15044
-0.12615
-0.16178
-0.2141
-0.24904
-0.30438
-0.36985
-0.4306
-0.47412
-0.54076
-0.54695
-0.54628
-0.56181
-0.57093
-0.56211
-0.57762
-0.62742
-0.68626
-0.76646
-0.85536
-0.86971
-0.85808
-0.85297
-0.84821
-0.82914
-0.82661
-0.84368
-0.85826
-0.89415
-0.93734
-0.94442
-0.93747
-0.94339
-0.93718
-0.90835
-0.87782
-0.85202
-0.80424
-0.80045
-0.83044
-0.8539
-0.87548
-0.90748
-0.92471
-0.91195
-0.88773
-0.85498
-0.80954
-0.80601
-0.82762
-0.84514
-0.85881
-0.8899
-0.91667
-0.93012
-0.94624
-0.95068
-0.92535
-0.91286
-0.91195
-0.90211
-0.89677
-0.91377
-0.93931
-0.96269
-0.99734
-1.0053
-0.9742
-0.94106
-0.91194
-0.87419
-0.84069
-0.82741
-0.8234
-0.81876
-0.8319
-0.8279
-0.80277
-0.7772
-0.75454
-0.71402
-0.66769
-0.62779
-0.58652
-0.54966
-0.54683
-0.54564
-0.53532
-0.52787
-0.51958
-0.49304
-0.45327
-0.41412
-0.36809
-0.33718
-0.34035
-0.34613
-0.34848
-0.34942
-0.33772
-0.3148
-0.29214
-0.27215
-0.25339
-0.234
-0.21617
-0.19281
-0.16508
-0.13929
-0.1157
-0.092392
-0.067543
-0.043667
-0.021776
4.3715e-005
0.019005
0.044337
0.075412
0.10679
0.13765
0.16715
0.1925
0.2162
0.24014
0.26462
0.28465
0.30358
0.32345
0.34254
0.35978
0.3775
0.39596
0.41548
0.43758
0.45861
0.47467
0.48927
0.50353
0.51702
0.53146
0.54798
0.56389
0.58113
0.59992
0.6187
0.63709
0.65471
0.67019
0.68415
0.69771
0.71142
0.72523
0.73868
0.75116
0.76285
0.77322
0.78309
0.79275
0.80233
0.81239
0.82231
0.83151
0.8399
0.8474
0.85406
0.85946
0.8642
0.8686
0.87321
0.87823
0.8832
0.88786
0.89184
0.89466
0.89626
0.89679
0.89693
0.89682
0.89628
0.89535
0.89419
0.89228
0.88971
0.88658
0.88302
0.87943
0.87569
0.87141
0.8665
0.86094
0.85476
0.84801
0.84079
0.83303
0.82497
0.81687
0.8086
0.79995
0.79074
0.78077
0.76998
0.75865
0.74701
0.73503
0.72265
0.70976
0.69638
0.68252
0.66822
0.65351
0.63846
0.62326
0.60791
0.59227
0.57624
0.55976
0.54288
0.52563
0.50808
0.49026
0.47229
0.45426
0.43614
0.4178
0.39916
0.38017
0.36078
0.34109
0.32124
0.30125
0.28112
0.26082
0.24035
0.21967
0.19881
0.17781
0.1567
0.13558
0.11448
0.093345
0.072134
0.050851
0.029506
0.0081021
-0.013335
-0.034778
-0.05619
-0.077491
-0.098649
