-0.74747
-0.73433
-0.72109
-0.70759
-0.69321
-0.67876
-0.66388
-0.64835
-0.63276
-0.61659
-0.59999
-0.58334
-0.56601
-0.54842
-0.53079
-0.51257
-0.49406
-0.47527
-0.45622
-0.4367
-0.41716
-0.39718
-0.37711
-0.35684
-0.33619
-0.3155
-0.29453
-0.27333
-0.25215
-0.23067
-0.20907
-0.18753
-0.16555
-0.14351
-0.12149
-0.099384
-0.077184
-0.055014
-0.032761
-0.010485
0.011711
0.033943
0.056185
0.078386
0.10054
0.12267
0.14469
0.16664
0.18846
0.21015
0.23175
0.25318
0.27448
0.29562
0.31654
0.3373
0.35785
0.37814
0.39828
0.4182
0.43784
0.4572
0.47629
0.49507
0.51357
0.53175
0.54959
0.5671
0.58428
0.60111
0.61758
0.63368
0.6494
0.66472
0.67964
0.69413
0.70821
0.72187
0.73508
0.74786
0.76018
0.77204
0.78343
0.79434
0.80478
0.81476
0.82424
0.83321
0.84167
0.84963
0.85707
0.86399
0.87038
0.87624
0.88158
0.88639
0.89066
0.8944
0.8976
0.90025
0.90236
0.90391
0.90492
0.90539
0.90531
0.90468
0.9035
0.90178
0.89951
0.89669
0.89334
0.88945
0.88502
0.88006
0.87457
0.86854
0.86199
0.85491
0.84732
0.83921
0.8306
0.82148
0.81187
0.80177
0.79119
0.78012
0.76859
0.75658
0.74412
0.7312
0.71784
0.70406
0.68984
0.67521
0.66017
0.64473
0.62889
-0.11196
-0.11177
-0.11162
-0.11154
-0.11224
-0.88972
-0.86205
-0.83218
-0.95652
-0.97409
-0.94372
-0.91571
-0.86773
-0.61427
-0.57266
-0.54645
-0.48761
-0.50699
-0.50463
-0.171
-0.16477
-0.19385
-0.18382
-0.17273
0.17177
0.15524
0.17059
0.14326
0.29544
0.46052
0.43246
0.41008
0.51489
0.74264
0.76367
0.69877
0.65559
0.52849
0.4161
0.35793
0.32172
0.17793
0.012257
-0.039663
-0.061647
-0.062768
-0.069868
-0.30366
-0.33947
-0.26268
-0.26711
-0.30385
-0.53571
-0.54241
-0.5209
-0.53876
-0.5499
-0.60919
-0.55792
-0.56396
-0.56983
-0.57974
-0.58816
-0.55179
-0.51722
-0.35456
-0.2259
-0.18926
-0.15259
-0.060066
0.11694
0.19295
0.18059
0.18525
0.1872
0.29159
0.29702
0.2316
0.23753
0.24856
0.3631
0.34684
0.32025
0.28576
0.20554
0.19964
0.1618
0.14517
0.077286
-0.0080697
-0.019502
-0.046068
-0.077512
-0.20248
-0.30094
-0.30996
-0.33134
-0.37574
-0.48476
-0.52994
-0.49453
-0.47547
-0.44011
-0.44262
-0.41269
-0.35391
-0.33194
-0.28968
-0.31423
-0.29083
-0.26119
-0.20782
-0.099541
-0.075638
-0.056037
-0.027534
0.049768
0.14425
0.14565
0.15308
0.16958
0.22433
0.2693
0.25869
0.26106
0.26942
0.30878
0.32363
0.28706
0.25646
0.19267
0.15084
0.1208
0.0803
0.050135
-0.013106
-0.021147
-0.027115
-0.045587
-0.080193
-0.15117
-0.16615
-0.16607
-0.18278
-0.22576
-0.27842
-0.26537
-0.24927
-0.23422
-0.2235
-0.22133
-0.19314
-0.1722
-0.1442
-0.13188
-0.12446
-0.08855
-0.048843
0.018905
0.0742
0.097433
0.12753
0.16002
0.21741
0.23332
0.22725
0.23351
0.24353
0.27306
0.27273
0.26279
0.26505
0.27453
0.29446
0.27766
0.25247
0.22177
0.18278
0.16493
0.1399
0.1136
0.079744
0.051945
0.049196
0.030721
0.00599
-0.035491
-0.06944
-0.0738
-0.084474
-0.098907
-0.12603
-0.12855
-0.10621
-0.092405
-0.072676
-0.066589
-0.051809
-0.031408
-0.017034
-0.00069666
0.00022363
0.016287
0.042847
0.075462
0.11728
0.13553
0.15251
0.1737
0.19952
0.22223
0.21622
0.21687
0.22189
0.23304
0.24252
0.23297
0.22813
0.22442
0.22671
0.22779
0.21855
0.2051
0.18597
0.16208
0.15161
0.15366
0.15676
0.16585
0.1782
0.19029
0.20673
0.21516
0.21742
0.2211
0.22539
0.23003
0.23789
0.24871
0.25719
0.26636
0.2744
0.27375
0.26976
0.2661
0.26214
0.26078
0.26804
0.27553
0.27944
0.27996
0.27526
0.27006
0.26647
0.26497
0.26512
0.26546
0.2683
0.26857
0.26476
0.25963
0.25123
0.242
0.23312
0.22511
0.2187
0.21425
0.21011
0.20223
0.19006
0.17694
0.16394
0.15179
0.14297
0.13559
0.1267
0.11601
0.10468
0.093344
0.0816
0.070354
0.059788
0.049334
0.039336
0.028614
0.015472
0.001289
-0.012622
-0.026531
-0.04068
-0.054647
-0.06901
-0.083721
-0.098175
-0.11364
-0.13134
-0.14985
-0.16805
-0.18578
-0.20205
-0.21704
-0.23271
-0.24927
-0.26621
-0.28313
-0.29968
-0.31547
-0.33062
-0.3454
-0.36003
-0.37471
-0.39011
-0.40601
-0.42168
-0.43701
-0.45213
-0.46689
-0.48124
-0.4953
-0.50918
-0.52317
-0.53784
-0.55285
-0.56753
-0.58168
-0.59495
-0.60718
-0.61891
-0.63059
-0.64227
-0.65369
-0.66478
-0.67538
-0.68532
-0.69462
-0.70346
-0.71193
-0.72028
-0.72857
-0.73648
-0.74382
-0.7507
-0.75707
-0.76286
-0.76812
-0.77287
-0.77717
-0.78136
-0.78541
-0.78904
-0.79206
-0.7943
-0.79566
-0.79633
-0.79656
-0.79645
-0.79589
-0.79481
-0.79314
-0.79086
-0.78795
-0.78447
-0.78049
-0.77611
-0.77142
-0.76629
-0.76062
-0.75439
-0.74761
-0.74027
-0.73241
-0.72406
-0.71526
-0.70613
-0.69669
