-0.747264938412709
-0.734439265728717
-0.147653116612685
-0.145682976208432
-0.701293101263008
-0.683089666987104
-0.668186047528498
-0.656338334694719
-0.638807420580308
-0.622678199304464
-0.607851082357144
-0.590914302798971
-0.573649906463700
-0.556047757548423
-0.538102628023970
-0.519841322645908
-0.501270291617257
-0.482400200795749
-0.463245469741520
-0.443811095578923
-0.424113414665912
-0.404163848167679
-0.384377911884212
-0.363971718269198
-0.343328184186043
-0.322488455758633
-0.301462503924142
-0.280255392941750
-0.258886197023073
-0.237362225286183
-0.215701225486733
-0.193914053427019
-0.177309395812915
-0.157622933428403
-0.134935718777789
-0.112349775891657
-0.0907263176500644
-0.0684124363470652
-0.0459656359198546
-0.0234978988649632
-0.00101321425393594
0.0214592249930719
0.0438959890592803
0.0662981710186499
0.0886591853394123
0.110956746637239
0.133173602619385
0.155301452989930
0.177198963903979
0.198991226549447
0.220774220428415
0.242415846964274
0.263887414988093
0.285193044005134
0.306322003095667
0.327255177266523
0.347977050858555
0.368483641845938
0.387310384116910
0.405218132582669
0.425021665588717
0.444904246207536
0.464029098312709
0.482985574203644
0.501771342833424
0.520241607068241
0.538396884681874
0.556216605190038
0.573677871524612
0.590772727849501
0.607509046526297
0.623868332859510
0.639834035595751
0.655402119369937
0.670522880882057
0.685179435340887
0.699488171802560
0.713380322171620
0.726821021557824
0.739808187094805
0.752344047556220
0.764416039579479
0.776010840769564
0.787130566225549
0.797369178510177
0.806353358211343
0.815780544591553
0.825137062199444
0.833825146435975
0.841966122485943
0.849669902072481
0.856858876418254
0.863523877154492
0.869660452803235
0.875254082367692
0.880300014029660
0.884807921040778
0.888774742624667
0.892190218055243
0.895056705586758
0.897359007617077
0.899074907344798
0.900268071981232
0.900929480517543
0.901033583265965
0.900580287981272
0.899576777699651
0.898024670917568
0.895917593877849
0.893263862956585
0.889954364769196
0.885687716579524
0.881162623450379
0.876419956108951
0.871128995230506
0.865258252046569
0.858889338342386
0.852007330533397
0.844603477217147
0.836685983138072
0.828251371102955
0.819303887325178
0.809853620875275
0.799911235907158
0.789475782045351
0.778556996631894
0.767155657802557
0.755267387558154
0.742921367912922
0.730147946947136
0.716931890945350
0.703276603219320
0.689186378980427
0.674678821567494
0.659756284255241
0.644430593594923
0.628681392065979
0.612366275304510
0.595720253098718
0.578891949560824
0.561748157470887
0.544236771569496
0.526390193640858
0.508227303345069
0.489753453977577
0.470980328610137
0.451917306335053
0.432572551920020
0.412961146503978
0.393097415977014
0.372991890769463
0.352656896325966
0.332102166463063
0.311334188164736
0.290374937834991
0.269251047733330
0.247971186543288
0.226537705319713
0.204963552647311
0.183262209947165
0.161447692574509
0.139531632409574
0.117521453431054
0.0953647592824322
0.0731321317242198
0.0509364455340566
0.0287501673903551
0.00653640005631780
-0.0156871124410233
-0.0379020658922504
-0.0600954639105970
-0.0822545988463387
-0.104366102466896
-0.126419100823780
-0.148398878468083
-0.170290552984391
-0.192080833613397
-0.213757266830054
-0.235306856314376
-0.256720080378309
-0.277981206658629
-0.299069689205250
-0.319972527817247
-0.340682232695642
-0.361187743445636
-0.381476280434591
-0.401535162848475
-0.421352608337942
-0.440918430910953
-0.460245256039185
-0.479314894930581
-0.498063066780561
-0.516481188709433
-0.534585557750009
-0.552370846793386
-0.569822421668947
-0.586930297863781
-0.603683249876033
-0.620072303819726
-0.636087417885170
-0.651720117881098
-0.666958502336914
-0.681794483057142
-0.696218021230659
-0.710221916145750
-0.723797602336817
-0.736938127709854
-0.749630140040644
-0.761866356842215
-0.773639808617574
-0.784946661674890
-0.795778108415479
-0.806129253114522
-0.815991470657409
-0.825347832270352
-0.834215427277837
-0.842605898700029
-0.850474755052801
-0.857812759167849
-0.864626351689491
-0.870916527889237
-0.876684093391384
-0.881920979072870
-0.886617829495884
-0.890788660190888
-0.894414948633178
-0.897504807044822
-0.900040024517442
-0.902037487810147
-0.903489758574554
-0.904392644382562
-0.904756681303358
-0.904565124877337
-0.903826594260167
-0.902554330367658
-0.900719952001347
-0.898342860302518
-0.895421210163449
-0.891965223880858
-0.887963632581654
-0.883412982467513
-0.878327379140223
-0.872725184382250
-0.866594244668365
-0.859947858012689
-0.852764577873468
-0.845054536591606
-0.836845258232336
-0.828136317976192
-0.818913062365160
-0.809199851736387
-0.798998050200548
-0.788305365618796
-0.777141197098604
-0.765511370257559
-0.753405073617983
-0.740846268983730
-0.727834149469148
-0.714373774629566
-0.700484341926280
-0.686177345788484
-0.671453282543955
-0.656316479228907
-0.640786948074040
-0.624868159759994
-0.608573127710563
-0.591908497082212
-0.574875385952584
-0.557507318974830
-0.539806679449803
-0.521791473623119
-0.503455961183917
-0.484809653704124
-0.465872818735566
-0.446659221445270
-0.427172951187181
-0.407430784538598
-0.387438952296073
-0.367215142523853
-0.346768635646552
-0.326118901100900
-0.305265700790424
-0.284225907651062
-0.263009608103402
-0.241631657952333
-0.220107146882905
-0.198456036476425
-0.176684545414326
-0.154805186888176
-0.132835264338543
-0.110783892924754
-0.0886684771492966
-0.0665018663579517
-0.0442887878684599
-0.0220559156460329
0.000186875489311582
0.0224219593762590
0.0446431496164495
0.0668393246781414
0.0889945996914185
0.111092272390860
0.133122027157384
0.155069614800653
0.176924358378766
0.198669590089227
0.220294541263720
0.241782306840276
0.263124753651197
0.284308855688940
0.305322070439239
0.326151352344345
0.346783250913527
0.367201733483553
0.387396644648577
0.407356969691594
0.427068824202643
0.446522232584280
0.465703285401354
0.484600769858337
0.503206671207215
0.521505924963090
0.539486527963511
0.557137289571739
0.574448850256652
0.591413839220411
0.608020405296399
0.624257776894645
0.640115677229601
0.655586076035676
0.670659116027977
0.685325967653846
0.699576992478067
0.713403823672573
0.726797809039872
0.739753350675670
0.752260802395063
0.764314376808972
0.775904600789000
0.787024819460957
0.797666719980668
0.807826743122624
0.817496171331492
0.826671774266199
0.835345265757512
0.843513508530570
0.851170658724877
0.858313610762098
0.864934546247947
0.871031881775545
0.876599734794350
0.881638849702928
0.886143401398596
0.890112785505685
0.893541574678400
0.896431112682023
0.898776806201396
0.900580189744178
0.901837007489024
0.902549474999921
0.902714025420082
0.902334601560256
0.901408002876963
0.899938289430023
0.897922690962415
0.895365375482660
0.892264162406192
0.888625023581283
0.884446444843159
0.879734722389448
0.874488896335986
0.868715741731586
0.862415466785237
0.855595691601188
0.848256065845080
0.840404793866499
0.832042827700180
0.823179788944913
0.813817331729044
0.803964764924826
0.793623922854247
0.782805212542575
0.771511322239486
0.759753060041562
0.747533508691228
0.734863977934081
0.721748124654261
0.708198181649836
0.694218454365120
0.679821357215181
0.665011601775130
0.649801828457800
0.634197161719756
0.618211108976551
0.601849538782322
0.585126172492327
0.568047320901904
0.550627004009287
0.532872164249853
0.514797370941662
0.496409595624437
0.477723484170411
0.458746748725653
0.439494688571206
0.419975628139192
0.400204742163730
0.380190450405741
0.359948269610569
0.339487198575765
0.318822885478404
0.297964598683390
0.276928065487579
0.255722893591625
0.234365041138872
0.212864553247035
0.191237310880904
0.169493558524797
0.147649083604819
0.125714316379412
0.103705161575815
0.0816324688688025
0.0595120157457670
0.0373548218520172
0.0151765271648467
-0.00701162293351926
-0.0291940130419539
-0.0513593645837574
-0.0734924147517979
-0.0955816570859448
-0.117611861734249
-0.139571277409017
-0.161445042633725
-0.183221507346533
-0.204886092391684
-0.226426990037585
-0.247829931327665
-0.269083125494821
-0.290172696492825
-0.311086863254933
-0.331812094852561
-0.352336566153800
-0.372647207997239
-0.392732312282005
-0.412579318028840
-0.432176652509932
-0.451512202846966
-0.470574414250437
-0.489351694152000
-0.507832661760312
-0.526006288745063
-0.543861360303299
-0.561387368044470
-0.578573322047107
-0.595409406360828
-0.611884844157453
-0.627990357929080
-0.643715340343813
-0.659051182277680
-0.673987643462463
-0.688516807085921
-0.702628687815793
-0.716316032190857
-0.729569193646911
-0.742381641131407
-0.754744082298810
-0.766650689590176
-0.778092501804412
-0.789064426620529
-0.799557923223816
-0.809568670815973
-0.819088565151714
-0.828114033894882
-0.836637357538517
-0.844655714483032
-0.852161849543079
-0.859153723415243
-0.865624549708770
-0.871573044313444
-0.876992903746551
-0.881883665877422
-0.886239536425064
-0.890060799331876
-0.893342129532406
-0.896084587282030
-0.898283413312865
-0.899940470756414
-0.901051522470221
-0.901619188648713
-0.901639781940187
-0.901116699331445
-0.900046814916817
-0.898434280256983
-0.896276515542777
-0.893578415453250
-0.890337982395395
-0.886560861944766
-0.882245643822956
-0.877398698006960
-0.872019172363442
-0.866114131690400
-0.859683308480725
-0.852734464714042
-0.845267915680195
-0.837292087682324
-0.828807870985939
-0.819824360064779
-0.810343033919029
-0.800373604547730
-0.789918103083426
-0.778986839383636
-0.767582429048808
-0.755715779813845
-0.743390067738799