0.816338001868563
0.825660010202521
0.312278830582098
0.316340777371720
0.857927573643678
0.861114981252492
0.867867703385947
0.878259885951785
0.882384847365126
0.887556359408345
0.893826786750810
0.897930251166982
0.901523250200019
0.904579814675081
0.907082018620346
0.909044345281804
0.910458922042841
0.911328185424291
0.911654053798895
0.911423368101296
0.910631147320193
0.909285947776209
0.907608227553391
0.905183942960677
0.902199464015459
0.898682106549896
0.894624303988569
0.890028601549419
0.884903004622872
0.879240274925143
0.873053811120685
0.866341614597384
0.863445761345417
0.858120016123873
0.849316541297883
0.840105038311448
0.831368618548266
0.821547298690871
0.811150184867172
0.800263278131875
0.788894399465405
0.777060865297034
0.764772638416477
0.752033308644031
0.738839037052855
0.725204924297001
0.711131738725072
0.696626473107093
0.681779668619292
0.666531569982707
0.650813263296003
0.634713305412078
0.618247404175724
0.601415314777676
0.584223813561586
0.566687302304303
0.548822405393690
0.530630143992969
0.513309317549823
0.496444133452604
0.477368066583410
0.457630013021112
0.438070183580899
0.418149544559025
0.397866021607361
0.377352283706938
0.356612760993941
0.335668375373298
0.314537734979995
0.293238030191151
0.271761248169602
0.250129532255715
0.228356460525434
0.206450312795857
0.184451598534662
0.162386151872807
0.140183743424905
0.117897770599621
0.0955571154305982
0.0731735048098848
0.0507493597257321
0.0283037058957073
0.00585482970951595
-0.0165901212479119
-0.0386939231004916
-0.0600675298831652
-0.0821872583194079
-0.104672610185548
-0.126945499860437
-0.149095841371536
-0.171221559385190
-0.193241475965255
-0.215138679946547
-0.236897597922101
-0.258499528729052
-0.279925982424427
-0.301178230144477
-0.322241214364834
-0.343098862577406
-0.363741515868869
-0.384148587251732
-0.404289770852647
-0.424196605166591
-0.443851376134019
-0.463226710757036
-0.482308644132590
-0.501093716871402
-0.519569866527262
-0.537721215732766
-0.555540657103246
-0.572929585175733
-0.589602779471120
-0.606137444858214
-0.622597235321841
-0.638671160420233
-0.654306924778069
-0.669569395562338
-0.684431318624896
-0.698873128446504
-0.712887695949567
-0.726461657327567
-0.739584040722798
-0.752252350988490
-0.764462275461928
-0.776202171280873
-0.787467364004803
-0.798247628333123
-0.808527292334838
-0.818312960472326
-0.827630623282279
-0.836451783384591
-0.844761933729086
-0.852552402953172
-0.859826258686019
-0.866574142205395
-0.872793417999272
-0.878457264966102
-0.883429324268527
-0.887890373297084
-0.891973309995388
-0.895553079717544
-0.898564383511098
-0.901036876365607
-0.902973783547445
-0.904362436753121
-0.905200663027096
-0.905487072783893
-0.905217933362917
-0.904396701447934
-0.903025702970619
-0.901105263014199
-0.898636683011900
-0.895619441391554
-0.892050737248027
-0.887939189214171
-0.883305297040556
-0.878151223460264
-0.872463879865305
-0.866246570114946
-0.859501459944860
-0.852235563983037
-0.844449631097929
-0.836146056951639
-0.827271362501066
-0.817877316364233
-0.808057933287429
-0.797789514712333
-0.787028623638108
-0.775790725607840
-0.764086393014527
-0.751921056683794
-0.739297841333072
-0.726226480978755
-0.712710583991536
-0.698761548315664
-0.684387094615674
-0.669598320668102
-0.654401473843099
-0.638807976098534
-0.622822133602374
-0.606457842786528
-0.589730823154734
-0.572656333597801
-0.555235237675793
-0.537478114769544
-0.519392796816675
-0.500993706910973
-0.482288504717973
-0.463290212916742
-0.443986473812361
-0.424395726892503
-0.404573001165486
-0.384533527082777
-0.364261368382392
-0.343767340207417
-0.323065557095119
-0.302169899438635
-0.281089575266207
-0.259839242780833
-0.238428832403245
-0.216873227155094
-0.195184561561038
-0.173378111318130
-0.151465017132729
-0.129460326271121
-0.107374450901086
-0.0852225976828469
-0.0630201049597485
-0.0407844857354177
-0.0185251298523004
0.00374525659033770
0.0260148811113536
0.0482686034490768
0.0704941843538217
0.0926706267158151
0.114800788276503
0.136878888705860
0.158867896917071
0.180745020018361
0.202509077032572
0.224151468272891
0.245658469475466
0.267016456239060
0.288212673624764
0.309235953081010
0.330072470598913
0.350711815815694
0.371128560625140
0.391321398327516
0.411287525360812
0.431002749211592
0.450460941576897
0.469646539692253
0.488546064734035
0.507153723201916
0.525448817937633
0.543425855504059
0.561073403999255
0.578385839936373
0.595347703982291
0.611941838678429
0.628168361339324
0.644022688554142
0.659490743327313
0.674557802575850
0.689208579456941
0.703438967732031
0.717247207448995
0.730625340210062
0.743556688909368
0.756039045635402
0.768064764152339
0.779624813885664
0.790711623999040
0.801322015911696
0.811444642775619
0.821067055497880
0.830180684674535
0.838789627795163
0.846892711998815
0.854483863517491
0.861558126065590
0.868108492843166
0.874133403381818
0.879630402462304
0.884597582815179
0.889027149162775
0.892915344606615
0.896270468244846
0.899080756289482
0.901343550258041
0.903057265752477
0.904223060071691
0.904842690746164
0.904917907301626
0.904444950988581
0.903426932136515
0.901859986257897
0.899750745000435
0.897095653217141
0.893901093302719
0.890163684204944
0.885882243184021
0.881047356790111
0.875679853458807
0.869782173452479
0.863362084833389
0.856418856561875
0.848959339509658
0.840986297671885
0.832506055034809
0.823523690230636
0.814045897177574
0.804071947864016
0.793617564183248
0.782682732604351
0.771275025798777
0.759398666486387
0.747064304967519
0.734277710386982
0.721050759262443
0.707387596274856
0.693299791809996
0.678791074952532
0.663875660055470
0.648557940003476
0.632851383722905
0.616761262860145
0.600298694053346
0.583464371984311
0.566277822266782
0.548748360640471
0.530891095470916
0.512712503928699
0.494226918838649
0.475442490830786
0.456373187929195
0.437028561486890
0.417423271112161
0.397563853071503
0.377468069553855
0.357144501050050
0.336607069002535
0.315865129332789
0.294934340934230
0.273824968806866
0.252553266226685
0.231129187504566
0.209568282760593
0.187880241104784
0.166081530902604
0.144182461561653
0.122198895260238
0.100141505507045
0.0780252453518809
0.0558584178770665
0.0336582091321657
0.0114376925082534
-0.0107868789806279
-0.0330044016705560
-0.0551996049861512
-0.0773608915926060
-0.0994733286711252
-0.121524859538896
-0.143500427441759
-0.165389260492179
-0.187175991346116
-0.208848531275771
-0.230393232410343
-0.251798470833543
-0.273050172404052
-0.294136311189708
-0.315042925863294
-0.335758132275367
-0.356268820368634
-0.376563486271162
-0.396629198883644
-0.416454241441663
-0.436026365360114
-0.455333995478004
-0.474365633359400
-0.493110975293596
-0.511558650666153
-0.529696317584748
-0.547512781155853
-0.564996962041609
-0.582138852512543
-0.598927567848114
-0.615353696269652
-0.631406495308835
-0.647076981161460
-0.662355143486339
-0.677232708586467
-0.691699304873518
-0.705747678808243
-0.719368246472012
-0.732554181708008
-0.745295979362770
-0.757587380307724
-0.769419225851394
-0.780786180413715
-0.791679659840108
-0.802095027013879
-0.812023930698057
-0.821462522546845
-0.830402930291961
-0.838842136264084
-0.846773166092698
-0.854193841212810
-0.861096716542086
-0.867479877563524
-0.873336772444916
-0.878666656883545
-0.883463546921050
-0.887727453103870
-0.891452869346679
-0.894640485698384
-0.897285448593333
-0.899389355637600
-0.900947617932403
-0.901962617886651
-0.902430577269346
-0.902354603917499
-0.901731326412019
-0.900564529658343
-0.898851369287336
-0.896596455110576
-0.893797613989327
-0.890460216560990
-0.886582582402743
-0.882170795753169
-0.877223786667152
-0.871748378250358
-0.865744250633340
-0.859219042221524
-0.852172665616320
-0.844613082756182
-0.836540890520822
-0.827964933760593
-0.818886471307764
-0.809314979693417
-0.799252281567930
-0.788708424769297
-0.777685829682741
-0.766195219355948
-0.754239492433117
-0.741829885508705
-0.728969971240413
-0.715671548826255
-0.701938672642852
-0.687783601161317
-0.673210902365744
-0.658233335597203
-0.642856048862923
-0.627092276975621
-0.610947654216267
-0.594435811975155
-0.577562900825219
-0.560342948823895
-0.542782656058213
-0.524896478852415
-0.506691477334979
-0.488182225767755
-0.469376230370005
-0.450288455395324
-0.430926907933284
-0.411306802635885
-0.391436558328312
-0.371331578683625
-0.351000678916916
-0.330459473443485
-0.309717133710549
-0.288789366385770
-0.267685735027226
-0.246422070546591
-0.225008241613301
-0.203460106744177
-0.181787823870253
-0.160007272400612
-0.138128914777469
-0.116168629171027
-0.0941371265659799
-0.0720502122198390
-0.0499188304978303
-0.0277586962937087
-0.00558098015056502
0.0165986975231726
0.0387690170205954
0.0609146263176899
0.0830240887651270
0.105082216768065
0.127077409864700
0.148994716469357
0.170822443761555
0.192545930336628
0.214153421947012
0.235630558894781
0.256965549128731
0.278144406786893
0.299155322527140
0.319984677908336
0.340620689161835
0.361050172201693
0.381261401719850
0.401241646810606
0.420979249669583
0.440461950147335
0.459678195092869
0.478616243465015
0.497264675756805
0.515612287882657
0.533647812425083
0.551360593803058
0.568739555013690
0.585774675050464
0.602455118749899
0.618771467844641
0.634713103946024
0.650271239010162
0.665435520348214
0.680197824172633
0.694548092220082
0.708478875948521
0.721980428978563
0.735046010438240
0.747666213626750
0.759835003382976
0.771543334162291
0.782785907359794
0.793554066981689
0.803843259296088
0.813645229839931