-0.0690730634545707
-0.0912207444725078
-0.164625713969065
-0.170657801162914
-0.156634472380300
-0.178025314263986
-0.199681655856058
-0.221921551256070
-0.243577426783459
-0.264878160102605
-0.285975704392382
-0.307015948366684
-0.327873343734967
-0.348532057125300
-0.368979390595008
-0.389203022634509
-0.409188630424204
-0.428927984627158
-0.448408584055988
-0.467612272520989
-0.486517732652898
-0.505122099607173
-0.523230315667854
-0.541212224690184
-0.558871279828209
-0.576193650790048
-0.593161800063239
-0.609773208606539
-0.626016807598705
-0.641878049637902
-0.657352585632907
-0.672427561169362
-0.686136365531545
-0.700497082694544
-0.714380822519214
-0.727755262418951
-0.740642300897403
-0.753134862343049
-0.765184548946606
-0.776765379266418
-0.787881185211037
-0.798520090289529
-0.808668627475336
-0.818331479662326
-0.827498222391954
-0.836161670933884
-0.844305341344087
-0.851927926096758
-0.858978632523034
-0.865522796531969
-0.871587483724289
-0.877129152376270
-0.882134819163787
-0.886608358782832
-0.890545816657329
-0.893942479570952
-0.896799456252426
-0.899113785839142
-0.900619701667024
-0.901662266035615
-0.902389732172526
-0.902534259229106
-0.902099281894129
-0.901135118763252
-0.899637364441441
-0.897593890775888
-0.895009645676577
-0.891884980564162
-0.888215606505491
-0.884010758041592
-0.879270294696891
-0.873997865116268
-0.868190496122286
-0.861852432166947
-0.854974479417926
-0.847565587214953
-0.839671915228774
-0.831278092772599
-0.822378136989831
-0.812981691906162
-0.803093407283482
-0.792719745476735
-0.781865670480680
-0.770540444979285
-0.758675255411374
-0.746285828329894
-0.733593286273889
-0.720464452015682
-0.706879646577363
-0.692870281116265
-0.678448342689185
-0.663617400454923
-0.648385197209902
-0.632762854883118
-0.616754553640654
-0.600374031607273
-0.583629690898368
-0.566533528261924
-0.549091355479951
-0.531315189720021
-0.513210420367500
-0.494785136494322
-0.476071466816832
-0.457078104385731
-0.437806872511153
-0.418271643850908
-0.398483060830484
-0.378454804392541
-0.358196378147320
-0.337723205855573
-0.317024779595694
-0.296084937110632
-0.275025178594390
-0.253822720789331
-0.232457834812490
-0.210951327270711
-0.189319942782254
-0.167576011910699
-0.145730348772835
-0.123798287190690
-0.101789713777565
-0.0797198466045454
-0.0576012698889409
-0.0354489604473760
-0.0132736107666122
0.00891036737079292
0.0310919705284631
0.0532599047745989
0.0753915925573354
0.0974826763330921
0.119519892437210
0.141485330507753
0.163366023970752
0.185147437116554
0.206817857948203
0.228362824402420
0.249775872898215
0.271063048962130
0.292170120196502
0.313081360432722
0.333804922244838
0.354327611939806
0.374646682722977
0.394746480200627
0.414608982773820
0.434220334415262
0.453569766447169
0.472645381441252
0.491435554942339
0.509928286992017
0.528113372243175
0.545979786684401
0.563517274926987
0.580716549081814
0.597564251377731
0.614054249305806
0.630180036915583
0.645926174544227
0.661283017466298
0.676239249996385
0.690787871407245
0.704917998687101
0.718624603519360
0.731906603217436
0.744745184638845
0.757121487752233
0.769039347320867
0.780492223580708
0.791477838047810
0.801988458905753
0.812016520593395
0.821552440178444
0.830592583444713
0.839129684814408
0.847160426782868
0.854677647599215
0.861679154280679
0.868158740672362
0.874114832412149
0.879542213979952
0.884439049444456
0.888800512359312
0.892628861414406
0.895917470370822
0.898665858214597
0.900869077250714
0.902528869758927
0.903641113055423
0.904208643827233
0.904231729851116
0.903710621822684
0.902636067945677
0.901014715791870
0.898846926132091
0.896138187000524
0.892887978763816
0.889100197302197
0.884772825142052
0.879911546600401
0.874516250288288
0.868593345036094
0.862143063897885
0.855172594375236
0.847683038363382
0.839682242416895
0.831172053237957
0.822160725392784
0.812650245000506
0.802650842577776
0.792164938470048
0.781201405084755
0.769763227304358
0.757860649665707
0.745497286303879
0.732677205554857
0.719414639001684
0.705727009994547
0.691606858136136
0.677067739149924
0.662117274657384
0.646765059616838
0.631025623916438
0.614904522834358
0.598405155871696
0.581552707110481
0.564342478034894
0.546792991229784
0.528911463892983
0.510716089483339
0.492202233214477
0.473389895171730
0.454295739727247
0.434918585185894
0.415280529526966
0.395400607166600
0.375271134064596
0.354917004799363
0.334347806165121
0.313579383945435
0.292615928600332
0.271471143790076
0.250159017801913
0.228702495829141
0.207103501342105
0.185390055437910
0.163555998417619
0.141615568860684
0.119598050784469
0.0975109777672739
0.0753563734569523
0.0531608061021606
0.0309332860493995
0.00868055173433811
-0.0135704268992154
-0.0358106456529039
-0.0580395691563902
-0.0802207865128933
-0.102346535204118
-0.124415853164317
-0.146408370071246
-0.168306517727708
-0.190104843520326
-0.211792013612943
-0.233346455306455
-0.254762242700981
-0.276024455103281
-0.297118652079223
-0.318039958652687
-0.338763149268668
-0.359274076838328
-0.379552076633569
-0.399601304567207
-0.419413406366211
-0.438969872009244
-0.458258685855003
-0.477271999800048
-0.495996147596567
-0.514421033960479
-0.532535602475240
-0.550327017569282
-0.567782192200517
-0.584897983413255
-0.601656335531727
-0.618037748685517
-0.634048195505318
-0.649675026568457
-0.664906048355888
-0.679734311146514
-0.694154152620488
-0.708151033332390
-0.721722162109145
-0.734855213080475
-0.747544030818801
-0.759783159994781
-0.771561648536484
-0.782869608092978
-0.793696985174397
-0.804041816102245
-0.813903629645116
-0.823272310077907
-0.832143031652856
-0.840509623431846
-0.848369406610305
-0.855715433331008
-0.862545250144459
-0.868852481267012
-0.874633690563050
-0.879886016511267
-0.884607549742263
-0.888786442423584
-0.892429174611214
-0.895531611554141
-0.898092828954664
-0.900109148577527
-0.901583888530548
-0.902511315033791
-0.902895420513889
-0.902731846888713
-0.902024040971021
-0.900770524279301
-0.898973994517583
-0.896631029014261
-0.893744358575032
-0.890313979590259
-0.886348180155518
-0.881845374104201
-0.876811043122321
-0.871244864735216
-0.865154358797372
-0.858539357133921
-0.851407498557662
-0.843759454040986
-0.835602718934127
-0.826939314548284
-0.817778596028965
-0.808119220273594
-0.797972585942647
-0.787342293298809
-0.776237940481928
-0.764662318311754
-0.752627138138156
-0.740135279740610
-0.727198445596837
-0.713820406220418
-0.700013081090648
-0.685781398234570
-0.671137619417889
-0.656086014974117
-0.640638649367171
-0.624801263962808
-0.608588677300904
-0.592007090210943
-0.575069859644470
-0.557783442405137
-0.540162292315512
-0.522213319932379
-0.503950990862697
-0.485382766049543
-0.466523109642005
-0.447380029944290
-0.427968968203070
-0.408297027585593
-0.388379638766097
-0.368226373379896
-0.347852594329034
-0.327267200366810
-0.306486171070966
-0.285518876997267
-0.264381026122013
-0.243082401029366
-0.221638760572335
-0.200060323301103
-0.178362983016919
-0.156556760973754
-0.134657115060440
-0.112674581230345
-0.0906256072390718
-0.0685213523684324
-0.0463773846192499
-0.0242046970049892
-0.00201903213098011
0.0201683375985116
0.0423419669702255
0.0644904220047533
0.0865985446107074
0.108654805635662
0.130643954612229
0.152554711725578
0.174372483995649
0.196085114764997
0.217678049103784
0.239139610723243
0.260455547905098
0.281614008136854
0.302601280609692
0.323405548442946
0.344013481687290
0.364413284341697
0.384591984694178
0.404538022306231
0.424239133714532
0.443683828542011
0.462859915344638
0.481755698271200
0.500359787493014
0.518660918880051
0.536648185498489
0.554310415412102
0.571637331081153
0.588617983717976
0.605242730264269
0.621500893074263
0.637383337110277
0.652879697385153
0.667981731339525
0.682679107090486
0.696963999150383
0.710826574140487
0.724259772183912
0.737254002438154
0.749802963946900
0.761897459715221
0.773531897603816
0.784697452615683
0.795389232397381
0.805598857016415
0.815322300260100
0.824551628326015
0.833283410560215
0.841509950051643
0.849228643794874
0.856432409712170
0.863119427988838
0.869283038900520
0.874922208303356
0.880030779711218
0.884608508468167
0.888649764080398
0.892155043676759
0.895119222212375
0.897543686850072
0.899423789617461
0.900761543797126
0.901552882880525
0.901800658242934
0.901501322184426
0.900658496788645
0.899269220089444
0.897337867429560
0.894862039221149
0.891846841488947
0.888290455758707
0.884198772747704
0.879570579185841
0.874412428476887
0.868723581958384
0.862511289023178
0.855775467334090
0.848524079487955
0.840757602594733
0.832484661363403
0.823706320214457
0.814431853352855
0.804662912798295
0.794409385885579
0.783673481956714
0.772465729099131
0.760788906205036
0.748654044500134
0.736064476388474
0.723031817128737
0.709559947675771
0.695660998015660
0.681339405783541
0.666607793080660
0.651471127763831
0.635942485420761
0.620027354619944
0.603739259092674
0.587084213900091
0.570076121425726
0.552721440372776
0.535034415082559
0.517022011595253
0.498698823948059
0.480072272802904
0.461157238503654
0.441961586849603
0.422500455868714
0.402782139162304
0.382821992376612
0.362628703119978
0.342217821652470
0.321598427383978
0.300786186896568
0.279790525075318
0.258627230164571
0.237306068419663
0.215842892682474
0.194247788134740
0.172536640543626
0.150719823462321
0.128813211735998
0.106827442009562
0.0847783496287124
0.0626768202944410
0.0405386011669016
0.0183747689232695
-0.00379906797404082
-0.0259716379307798
-0.0481274794801608
-0.0702551620990696