-0.046597
-0.069062
-0.091432
-0.1137
-0.1359
-0.15809
-0.18017
-0.20214
-0.22398
-0.24569
-0.26727
-0.2887
-0.30988
-0.33091
-0.35182
-0.37242
-0.39277
-0.41296
-0.433
-0.45249
-0.47187
-0.49096
-0.50978
-0.52826
-0.54641
-0.56426
-0.58181
-0.59891
-0.61566
-0.63211
-0.64819
-0.66375
-0.67896
-0.69389
-0.70823
-0.72221
-0.73575
-0.74887
-0.76151
-0.77368
-0.78543
-0.79668
-0.8074
-0.81768
-0.82751
-0.83673
-0.8455
-0.85375
-0.86151
-0.86874
-0.87541
-0.88159
-0.88724
-0.89234
-0.89688
-0.90091
-0.90439
-0.90732
-0.90966
-0.91152
-0.91281
-0.91351
-0.91368
-0.9133
-0.91237
-0.91088
-0.90885
-0.90628
-0.90314
-0.89944
-0.89523
-0.89048
-0.88514
-0.87929
-0.87294
-0.86603
-0.8586
-0.85067
-0.84222
-0.83324
-0.82378
-0.81379
-0.80335
-0.79239
-0.78097
-0.76906
-0.7567
-0.74388
-0.73062
-0.71689
-0.70276
-0.68818
-0.67318
-0.6578
-0.64201
-0.62582
-0.60925
-0.59232
-0.57503
-0.55739
-0.53942
-0.52113
-0.50251
-0.48359
-0.46438
-0.44489
-0.42513
-0.4051
-0.38484
-0.36435
-0.34363
-0.3227
-0.30159
-0.28028
-0.25882
-0.23719
-0.21541
-0.19351
-0.17149
-0.14936
-0.12716
-0.10486
-0.082502
-0.060095
-0.037656
-0.015189
0.0072868
0.029752
0.052201
0.074618
0.09699
0.1193
0.14155
0.16371
0.18577
0.20772
0.22954
0.25122
0.27275
0.29412
0.31531
0.3363
0.35709
0.37767
0.39802
0.41813
0.43799
0.45758
0.4769
0.49593
0.51465
0.53307
0.55116
0.56892
0.58634
0.6034
0.62009
0.63641
0.65235
0.6679
0.68304
0.69776
0.71206
0.72594
0.73937
0.75236
0.76489
0.77696
0.78856
0.79968
0.81032
0.82047
0.83012
0.83927
0.84792
0.85605
0.86366
0.87075
0.87732
0.88335
0.88885
0.89381
0.89823
0.90211
0.90544
0.90823
0.91047
0.91215
0.91328
0.91386
0.91389
0.91337
0.91229
0.91066
0.90849
0.90575
0.90248
0.89866
0.89429
0.88938
0.88394
0.87796
0.87145
0.86442
0.85686
0.84878
0.84019
0.83109
0.82148
0.81138
0.8008
0.78972
0.77817
0.76615
0.75366
0.74071
0.72732
0.71349
0.69923
0.68454
0.66945
0.65394
0.63805
0.62176
0.6051
0.58808
0.5707
0.55298
0.53492
0.51654
0.49783
0.47884
0.45955
0.43998
0.42015
0.40005
0.37973
0.35917
0.33839
0.31742
0.29624
0.27488
0.25336
0.2317
0.20987
0.18794
0.16589
0.14374
0.12151
0.099188
0.07682
0.054405
0.031955
0.0094861
-0.012987
-0.035464
-0.057901
-0.080296
-0.10265
-0.12493
-0.14714
-0.16926
-0.19128
-0.21318
-0.23496
-0.25658
-0.27806
-0.29937
-0.32049
-0.34142
-0.36212
-0.38261
-0.40286
-0.42287
-0.44262
-0.4621
-0.48131
-0.50022
-0.51883
-0.53713
-0.5551
-0.57273
-0.59002
-0.60694
-0.62349
-0.63966
-0.65545
-0.67083
-0.68582
-0.70038
-0.71453
-0.72824
-0.74151
-0.75433
-0.76669
-0.77859
-0.79001
-0.80095
-0.81141
-0.82137
-0.83084
-0.83981
-0.84827
-0.85621
-0.86364
-0.87055
-0.87693
-0.88277
-0.88809
-0.89286
-0.89709
-0.90078
-0.90392
-0.90652
-0.90857
-0.91007
-0.91102
-0.91142
-0.91126
-0.91056
-0.90931
-0.9075
-0.90515
-0.90224
-0.8988
-0.8948
-0.89027
-0.8852
-0.87959
-0.87345
-0.86679
-0.8596
-0.85189
-0.84366
-0.83493
-0.82569
-0.81595
-0.80572
-0.795
-0.7838
-0.77213
-0.75999
-0.74739
-0.73434
-0.72085
-0.70692
-0.69256
-0.67779
-0.6626
-0.64702
-0.63104
-0.61468
-0.59795
-0.58086
-0.56342
-0.54564
-0.52753
-0.5091
-0.49037
-0.47134
-0.45202
-0.43243
-0.41258
-0.39248
-0.37215
-0.35158
-0.33081
-0.30984
-0.28868
-0.26735
-0.24585
-0.22421
-0.20244
-0.18054
-0.15853
-0.13642
-0.11424
-0.091984
-0.069675
-0.047323
-0.024945
-0.0025509
0.019843
0.042225
0.064581
0.086897
0.10916
0.13136
0.15347
0.1755
0.19742
0.21921
0.24088
0.2624
0.28376
0.30494
0.32595
0.34675
0.36735
0.38772
0.40786
0.42775
0.44738
0.46674
0.48582
0.5046
0.52308
0.54124
0.55908
0.57657
0.59372
0.61051
0.62693
0.64297
0.65862
0.67387
0.68871
0.70314
0.71714
0.73071
0.74384
0.75651
0.76873
0.78048
0.79176
0.80256
0.81288
0.82271
0.83203
0.84086
0.84917
0.85698
0.86426
0.87102
0.87725
0.88296
0.88813
0.89276
0.89685
0.9004
0.90341
0.90587
0.90778
0.90914
0.90995
0.91022
0.90993
0.90909
0.9077
0.90576
0.90328
0.90025
0.89667
0.89256
0.8879
0.8827
0.87698
0.87072
0.86394
0.85663
0.8488
0.84046
0.83162
0.82227
0.81242
0.80209
0.79126
0.77996
0.76819
0.75595
0.74326
0.73012
0.71653
0.70251
0.68807
0.67321
0.65795
0.64228
0.62623
0.6098
0.593
0.57584
0.55834
0.54049
0.52233
0.50384
0.48505
0.46596
0.4466
0.42696
0.40707
0.38693
0.36656
0.34596
0.32516
0.30416
0.28298
0.26162
0.24011
0.21845
0.19666
0.17475
0.15273
0.13062
0.10844
0.086187
0.063884
0.041541
0.019174
-0.0032051
-0.025582
-0.047943
