-0.76729
-0.75434
-0.7413
-0.72817
-0.71447
-0.69992
-0.68531
-0.67062
-0.65492
-0.63888
-0.62279
-0.60646
-0.58911
-0.57172
-0.55429
-0.53623
-0.51766
-0.49906
-0.48044
-0.4612
-0.44134
-0.42143
-0.40159
-0.38135
-0.36058
-0.33985
-0.3192
-0.29788
-0.27639
-0.25502
-0.23352
-0.21153
-0.18957
-0.16775
-0.1456
-0.12321
-0.10092
-0.078722
-0.056228
-0.033696
-0.0113
0.011084
0.033658
0.056127
0.078416
0.10075
0.12308
0.14542
0.16752
0.18945
0.21147
0.23332
0.25487
0.27634
0.29778
0.31893
0.3398
0.36059
0.38119
0.40145
0.42144
0.44133
0.46091
0.48012
0.49907
0.5178
0.53616
0.55413
0.57186
0.58926
0.60622
0.6228
0.63906
0.65498
0.67049
0.6855
0.70016
0.71444
0.72822
0.74152
0.75447
0.76695
0.77891
0.7904
0.80149
0.81204
0.82205
0.83164
0.84074
0.84928
0.8573
0.86485
0.87185
0.87832
0.88425
0.88968
0.89455
0.89885
0.90263
0.90589
0.9086
0.91074
0.91231
0.91337
0.91387
0.91378
0.91317
0.91202
0.91029
0.90801
0.90519
0.90184
0.89791
0.89344
0.88847
0.88294
0.87686
0.87026
0.86315
0.8555
0.84733
0.83866
0.82948
0.81978
0.80959
0.79893
0.78779
0.77616
0.76405
0.75149
0.73848
0.72501
0.7111
0.69678
0.68203
0.66686
0.65129
0.63534
0.61899
0.60226
0.58518
0.56776
0.54997
0.53185
0.51342
0.49467
0.47562
0.45629
0.43668
0.4168
0.39667
0.3763
0.35572
0.33491
0.3139
0.29269
0.27131
0.24977
0.22807
0.20624
0.18429
0.16222
0.14005
0.1178
0.095485
0.073101
0.050677
0.028228
0.0057608
-0.016721
-0.039185
-0.061626
-0.084031
-0.10639
-0.12867
-0.15088
-0.17301
-0.19503
-0.21692
-0.23869
-0.26031
-0.28178
-0.30307
-0.32418
-0.3451
-0.36581
-0.38629
-0.40654
-0.42655
-0.4463
-0.46577
-0.48497
-0.50388
-0.52247
-0.54075
-0.55871
-0.57633
-0.5936
-0.61051
-0.62705
-0.64321
-0.65898
-0.67436
-0.68933
-0.70388
-0.718
-0.73169
-0.74494
-0.75774
-0.77008
-0.78195
-0.79335
-0.80427
-0.8147
-0.82463
-0.83406
-0.843
-0.85143
-0.85934
-0.86674
-0.87361
-0.87995
-0.88576
-0.89103
-0.89577
-0.89996
-0.90362
-0.90672
-0.90926
-0.91127
-0.91272
-0.91362
-0.91397
-0.91376
-0.91302
-0.9117
-0.90984
-0.90743
-0.90446
-0.90097
-0.8969
-0.8923
-0.88715
-0.8815
-0.87528
-0.86855
-0.8613
-0.85352
-0.84524
-0.83642
-0.82712
-0.81731
-0.80701
-0.7962
-0.78494
-0.77317
-0.76094
-0.74826
-0.73511
-0.72152
-0.70751
-0.69306
-0.67819
-0.66292
-0.64723
-0.63116
-0.6147
-0.59787
-0.58069
-0.56315
-0.54529
-0.5271
-0.50859
-0.48977
-0.47067
-0.45127
-0.43161
-0.41167
-0.3915
-0.37109
-0.35045
-0.32961
-0.30856
-0.28731
-0.26589
-0.24432
-0.2226
-0.20075
-0.17877
-0.15669
-0.13452
-0.11226
-0.089937
-0.067554
-0.045141
-0.022702
-0.00025693
0.022187
0.044616
0.067017
0.089374
0.11167
0.13391
0.15606
0.17812
0.20006
0.22189
0.24358
0.26512
0.28651
0.30772
0.32874
0.34957
0.37017
0.39056
0.4107
0.4306
0.45024
0.4696
0.48868
0.50746
0.52593
0.54408
0.5619
0.57937
0.5965
0.61326
0.62965
0.64566
0.66128
0.6765
0.6913
0.70569
0.71965
0.73318
0.74626
0.75889
0.77106
0.78276
0.79399
0.80474
0.815
0.82477
0.83403
0.8428
0.85105
0.85879
0.866
0.87269
0.87885
0.88448
0.88958
0.89413
0.89814
0.90162
0.90454
0.90692
0.90874
0.91002
0.91075
0.91093
0.91055
0.90963
0.90816
0.90613
0.90356
0.90044
0.89678
0.89257
0.88783
0.88255
0.87673
0.87038
0.86351
0.85611
0.8482
0.83977
0.83083
0.8214
0.81146
0.80104
0.79012
0.77874
0.76688
0.75456
0.74178
0.72855
0.71489
0.70079
0.68627
0.67133
0.65599
0.64025
0.62412
0.60762
0.59075
0.57352
0.55595
0.53804
0.5198
0.50125
0.4824
0.46326
0.44383
0.42414
0.40419
0.384
0.36358
0.34293
0.32208
0.30104
0.27981
0.25841
0.23686
0.21517
0.19334
0.1714
0.14936
0.12723
0.10501
0.082741
0.060417
0.038058
0.015675
-0.0067162
-0.029103
-0.051472
-0.073811
-0.096103
-0.11834
-0.1405
-0.16258
-0.18456
-0.20642
-0.22817
-0.24977
-0.27122
-0.29251
-0.31362
-0.33454
-0.35526
-0.37576
-0.39604
-0.41607
-0.43586
-0.45537
-0.47462
-0.49358
-0.51223
-0.53058
-0.54861
-0.5663
-0.58366
-0.60066
-0.61729
-0.63355
-0.64943
-0.66492
-0.68
-0.69468
-0.70893
-0.72275
-0.73614
-0.74908
-0.76157
-0.77359
-0.78515
-0.79623
-0.80684
-0.81695
-0.82657
-0.83569
-0.84431
-0.85241
-0.86
-0.86707
-0.87361
-0.87963
-0.88511
-0.89006
-0.89447
-0.89834
-0.90166
-0.90444
-0.90668
-0.90836
-0.9095
-0.91008
-0.91012
-0.9096
-0.90854
-0.90692
-0.90476
-0.90205
-0.89879
-0.89499
-0.89065
-0.88577
-0.88036
-0.87441
-0.86794
-0.86094
-0.85342
-0.84538
-0.83683
-0.82777
-0.81822
-0.80817
-0.79763
-0.78661
-0.77511
-0.76315
