0.81388
0.8234
0.83273
0.84188
0.85037
0.85801
0.86548
0.87276
0.8789
0.88457
0.89006
0.89516
0.89898
0.90263
0.9061
0.90865
0.91042
0.91202
0.91345
0.91369
0.91321
0.9124
0.91137
0.90961
0.90699
0.90411
0.90101
0.89679
0.89205
0.88713
0.88171
0.87528
0.86853
0.86164
0.85383
0.84542
0.83667
0.8276
0.81773
0.80737
0.79673
0.78559
0.77375
0.76155
0.74909
0.73598
0.72242
0.70833
0.69399
0.67928
0.66395
0.64827
0.63237
0.616
0.5991
0.58198
0.56459
0.54673
0.52847
0.51007
0.49137
0.47218
0.45278
0.43318
0.4133
0.39308
0.37268
0.35215
0.33128
0.31018
0.28901
0.26768
0.24608
0.22431
0.20245
0.18053
0.15845
0.13624
0.114
0.091719
0.069307
0.046848
0.024443
0.0019919
-0.020518
-0.042978
-0.065354
-0.087757
-0.11013
-0.13239
-0.15455
-0.17667
-0.19868
-0.22052
-0.24224
-0.26387
-0.2853
-0.30653
-0.3276
-0.3485
-0.36919
-0.38961
-0.40981
-0.42979
-0.44949
-0.46889
-0.48804
-0.50691
-0.52545
-0.54365
-0.56156
-0.57914
-0.59632
-0.61316
-0.62965
-0.64575
-0.66145
-0.67675
-0.69166
-0.70613
-0.72017
-0.7338
-0.74698
-0.75969
-0.77194
-0.78374
-0.79507
-0.80591
-0.81625
-0.8261
-0.83547
-0.84432
-0.85265
-0.86049
-0.8678
-0.87458
-0.88083
-0.88656
-0.89174
-0.89638
-0.90049
-0.90407
-0.90706
-0.90952
-0.91144
-0.9128
-0.91361
-0.91386
-0.91358
-0.91273
-0.91132
-0.90937
-0.90688
-0.90384
-0.90024
-0.89609
-0.89141
-0.88618
-0.88043
-0.87414
-0.86733
-0.85998
-0.85212
-0.84374
-0.83486
-0.82546
-0.81557
-0.80519
-0.79432
-0.78296
-0.77114
-0.75884
-0.74609
-0.73289
-0.71925
-0.70517
-0.69066
-0.67573
-0.6604
-0.64467
-0.62855
-0.61204
-0.59516
-0.57793
-0.56035
-0.54242
-0.52418
-0.50561
-0.48674
-0.46757
-0.44812
-0.4284
-0.40842
-0.38819
-0.36773
-0.34705
-0.32615
-0.30506
-0.28378
-0.26233
-0.24073
-0.21898
-0.19709
-0.17509
-0.15298
-0.13078
-0.1085
-0.086147
-0.063746
-0.041308
-0.018845
0.0036304
0.026102
0.048557
0.070978
0.093356
0.11568
0.13794
0.16012
0.18219
0.20416
0.22601
0.24772
0.26927
0.29067
0.31189
0.33292
0.35374
0.37435
0.39474
0.41489
0.43479
0.45442
0.47378
0.49286
0.51164
0.53011
0.54826
0.56607
0.58355
0.60066
0.61742
0.63379
0.6498
0.66541
0.68061
0.69541
0.70978
0.72373
0.73723
0.7503
0.7629
0.77505
0.78672
0.79792
0.80864
0.81884
0.82856
0.83776
0.84645
0.85465
0.86232
0.86947
0.8761
0.88219
0.88774
0.89276
0.89724
0.90118
0.90457
0.90741
0.90971
0.91145
0.91264
0.91328
0.91337
0.91291
0.91189
0.91033
0.90822
0.90555
0.90234
0.89858
0.89425
0.88938
0.88398
0.87804
0.87158
0.86459
0.85707
0.84904
0.84049
0.83144
0.82188
0.81183
0.80129
0.79027
0.77877
0.76679
0.75436
0.74147
0.72813
0.71436
0.70015
0.68552
0.67048
0.65504
0.63919
0.62297
0.60636
0.58938
0.57204
0.55436
0.53635
0.51801
0.49936
0.48042
0.46118
0.44167
0.42188
0.40185
0.38157
0.36107
0.34035
0.31942
0.2983
0.27701
0.25554
0.23393
0.21217
0.19029
0.16829
0.1462
0.12401
0.10176
0.079437
0.057066
0.034661
0.012237
-0.010192
-0.032613
-0.055013
-0.077378
-0.099695
-0.12195
-0.14413
-0.16623
-0.18822
-0.21009
-0.23184
-0.25344
-0.27489
-0.29618
-0.31728
-0.33819
-0.3589
-0.37938
-0.39964
-0.41966
-0.43941
-0.45891
-0.47812
-0.49705
-0.51567
-0.53399
-0.55198
-0.56963
-0.58694
-0.60389
-0.62048
-0.63669
-0.65252
-0.66795
-0.68297
-0.69758
-0.71177
-0.72553
-0.73885
-0.75172
-0.76414
-0.77609
-0.78757
-0.79858
-0.8091
-0.81914
-0.82868
-0.83771
-0.84624
-0.85426
-0.86176
-0.86875
-0.8752
-0.88113
-0.88652
-0.89138
-0.89569
-0.89947
-0.9027
-0.90538
-0.90752
-0.90911
-0.91015
-0.91064
-0.91057
-0.90996
-0.90879
-0.90708
-0.90482
-0.90201
-0.89865
-0.89476
-0.89032
-0.88534
-0.87983
-0.87378
-0.86721
-0.86011
-0.8525
-0.84437
-0.83572
-0.82658
-0.81693
-0.80679
-0.79616
-0.78505
-0.77346
-0.76141
-0.7489
-0.73593
-0.72252
-0.70867
-0.6944
-0.6797
-0.6646
-0.64909
-0.63319
-0.61691
-0.60025
-0.58323
-0.56586
-0.54815
-0.53011
-0.51174
-0.49307
-0.4741
-0.45484
-0.43531
-0.41551
-0.39547
-0.37518
-0.35467
-0.33394
-0.31302
-0.2919
-0.27061
-0.24915
-0.22754
-0.2058
-0.18393
-0.16195
-0.13988
-0.11771
-0.095482
-0.073191
-0.050858
-0.028493
-0.0061121
0.016273
0.038647
0.060999
0.083312
0.10558
0.12778
0.1499
0.17193
0.19386
0.21567
0.23734
0.25888
0.28026
0.30147
0.32249
0.34332
0.36395
0.38435
0.40452
0.42445
0.44412
0.46352
0.48264
0.50147
0.51999
0.5382
0.55609
0.57363
0.59083
0.60768
0.62415
0.64025
0.65597
0.67128
0.68619
0.70068
0.71475
0.72839
0.74159
0.75434
0.76663
0.77846
0.78981
0.8007
0.81109
