-0.069098
-0.091273
-0.11335
-0.13539
-0.15733
-0.17917
-0.20091
-0.22253
-0.24401
-0.26534
-0.28652
-0.30754
-0.32838
-0.34903
-0.36947
-0.38969
-0.40968
-0.42928
-0.44872
-0.46789
-0.48677
-0.50535
-0.52364
-0.54162
-0.55927
-0.5766
-0.59358
-0.61021
-0.62647
-0.64234
-0.65777
-0.67282
-0.68748
-0.70171
-0.71553
-0.72891
-0.74186
-0.75437
-0.76643
-0.77803
-0.78917
-0.79983
-0.81002
-0.81966
-0.82881
-0.83748
-0.84564
-0.85329
-0.86044
-0.86706
-0.87315
-0.87873
-0.88378
-0.88829
-0.89226
-0.89571
-0.89858
-0.9009
-0.90269
-0.90394
-0.90463
-0.90478
-0.90439
-0.90346
-0.90197
-0.89995
-0.89739
-0.89428
-0.89064
-0.88645
-0.88169
-0.87643
-0.87063
-0.8643
-0.85746
-0.8501
-0.84222
-0.83384
-0.82495
-0.81557
-0.80569
-0.79532
-0.78447
-0.77313
-0.76133
-0.74907
-0.73636
-0.7232
-0.70961
-0.69559
-0.68115
-0.6663
-0.65104
-0.6354
-0.61937
-0.60296
-0.58617
-0.56904
-0.55156
-0.53375
-0.51562
-0.49718
-0.47843
-0.4594
-0.44009
-0.42051
-0.40068
-0.3806
-0.3603
-0.33977
-0.31903
-0.29811
-0.277
-0.25572
-0.2343
-0.21273
-0.19103
-0.16921
-0.1473
-0.12529
-0.10321
-0.081072
-0.058873
-0.03664
-0.014386
0.0078766
0.030134
0.052373
0.07458
0.096733
0.11883
0.14086
0.16281
0.18466
0.20639
0.58742
0.60029
0.61287
0.62515
-0.13881
-0.099964
-0.060951
-0.022254
0.015314
0.052457
0.086244
0.11921
0.20951
0.27982
0.15084
0.1766
0.35974
0.43422
0.81894
0.79729
0.80855
0.81964
0.65608
0.62227
0.64372
1.0071
1.0256
1.0259
1.07
1.0586
1.182
1.2189
1.0466
1.0722
1.0554
1.07
1.2117
1.1156
1.0068
0.7859
0.66126
0.67059
0.66186
0.75799
0.74393
0.77325
0.82776
0.7124
0.77354
0.79556
0.77425
0.7749
0.73408
0.87367
1.0216
1.0336
1.0375
0.93976
0.92717
1.0135
1.0587
1.2192
1.1873
1.1837
1.2061
1.1928
1.2079
1.0965
1.0462
1.0068
0.94904
0.96057
0.94858
0.93579
0.86304
0.6832
0.6471
0.63303
0.64197
0.66711
0.61207
0.6124
0.55991
0.55448
0.57848
0.51165
0.4799
0.43731
0.4638
0.56953
0.57274
0.57539
0.55355
0.51446
0.50182
0.48309
0.55034
0.56923
0.53185
0.52925
0.48436
0.47996
0.45057
0.35789
0.32202
0.25078
0.23113
0.2443
0.23897
0.21142
0.089872
0.015001
-0.011507
-0.049412
-0.05688
-0.092177
-0.11516
-0.12965
-0.18452
-0.1894
-0.21942
-0.26239
-0.2993
-0.33303
-0.28705
-0.26329
-0.25537
-0.25534
-0.30523
-0.33821
-0.36488
-0.35774
-0.32296
-0.34804
-0.36569
-0.37892
-0.39103
-0.39999
-0.46113
-0.49914
-0.535
-0.56969
-0.56545
-0.56918
-0.57291
-0.62081
-0.69686
-0.73196
-0.76799
-0.78288
-0.79113
-0.80971
-0.81408
-0.8461
-0.85965
-0.85946
-0.88447
-0.90916
-0.93731
-0.92381
-0.88591
-0.87568
-0.86369
-0.87614
-0.89795
-0.91105
-0.91851
-0.89056
-0.88006
-0.88306
-0.87768
-0.87943
-0.87345
-0.88779
-0.90895
-0.91664
-0.93653
-0.93652
-0.92179
-0.90739
-0.90656
-0.94384
-0.96682
-0.97601
-0.98115
-0.9721
-0.96937
-0.95882
-0.95443
-0.95667
-0.94154
-0.93658
-0.93846
-0.94144
-0.93367
-0.89739
-0.86968
-0.84453
-0.8231
-0.81941
-0.81496
-0.80969
-0.78421
-0.74967
-0.73226
-0.71266
-0.6937
-0.67209
-0.65399
-0.65099
-0.64029
-0.63366
-0.62494
-0.60075
-0.57967
-0.55779
-0.55693
-0.55575
-0.53602
-0.51472
-0.49334
-0.47147
-0.44811
-0.42399
-0.39889
-0.37418
-0.35326
-0.33187
-0.31112
-0.28982
-0.26719
-0.24079
-0.2148
-0.19162
-0.16601
-0.14054
-0.11629
-0.093234
-0.067668
-0.038222
-0.01409
0.008479
0.032963
0.058212
0.080455
0.10162
0.12371
0.14667
0.16924
0.19037
0.2123
0.23391
0.25282
0.27246
0.29364
0.31459
0.33318
0.3524
0.37455
0.3954
0.41604
0.43663
0.45598
0.47407
0.49272
0.51343
0.5329
0.55051
0.56759
0.58412
0.59987
0.61531
0.63084
0.6463
0.66165
0.67676
0.6916
0.70593
0.71907
0.73139
0.74335
0.75487
0.76623
0.77787
0.78929
0.79947
0.809
0.81836
0.82689
0.83426
0.84131
0.84896
0.85617
0.86223
0.86787
0.87294
0.87706
0.88051
0.88398
0.88727
0.89016
0.89261
0.8946
0.89604
0.89675
0.89673
0.89627
0.89532
0.89389
0.89215
0.89018
0.88756
0.88429
0.88063
0.87643
0.87149
0.86602
0.86047
0.85465
0.84804
0.84077
0.83299
0.82469
0.81591
0.80675
0.7972
0.78727
0.77696
0.76624
0.75507
0.7434
0.73119
0.71857
0.70561
0.69231
0.67869
0.6648
0.65051
0.63579
0.62075
0.60537
0.58954
0.57331
0.5569
0.54034
0.52339
0.50603
0.48834
0.47034
0.45204
0.43351
0.41479
0.39587
0.37676
0.35746
0.33795
0.31821
0.29823
0.27805
0.25773
0.23727
0.2167
0.19607
0.17535
0.15447
0.13349
0.11244
0.091273
0.07001
0.048743
0.027534
0.0062968
-0.015012
-0.036342
-0.057666
-0.078976
-0.10024
