0.8166
0.82575
0.83471
0.8429
0.8508
0.85802
0.86485
0.87108
0.87681
0.88204
0.88668
0.89094
0.89451
0.89766
0.9002
0.90222
0.90372
0.90459
0.90491
0.90475
0.90401
0.90274
0.90094
0.89854
0.89561
0.89218
0.8882
0.88367
0.87864
0.87304
0.86684
0.86011
0.85291
0.84518
0.83695
0.82822
0.81899
0.80934
0.79912
0.78847
0.77734
0.76575
0.7537
0.74119
0.72816
0.71476
0.7009
0.68663
0.67196
0.65688
0.64135
0.62547
0.60923
0.5926
0.57562
0.5583
0.54061
0.52255
0.50421
0.48558
0.46663
0.44742
0.42795
0.40824
0.38826
0.36805
0.34763
0.32699
0.30617
0.28517
0.26394
0.24259
0.22109
0.19945
0.1777
0.15584
0.13387
0.11182
0.089717
0.067552
0.045348
0.023121
0.00086832
-0.021409
-0.043662
-0.065879
-0.088063
-0.11019
-0.13224
-0.15421
-0.17609
-0.19786
-0.21951
-0.24103
-0.2624
-0.2836
-0.30466
-0.32553
-0.34619
-0.36665
-0.38688
-0.40688
-0.42664
-0.44614
-0.46537
-0.48432
-0.50297
-0.52132
-0.53936
-0.55708
-0.57447
-0.5915
-0.60818
-0.62449
-0.64041
-0.65595
-0.67109
-0.68583
-0.70015
-0.71405
-0.72751
-0.74054
-0.75312
-0.76525
-0.77691
-0.7881
-0.79882
-0.80905
-0.8188
-0.82803
-0.83676
-0.845
-0.85274
-0.85996
-0.86665
-0.51342
-0.52763
-0.54144
-0.55487
-1.3438
-1.3293
-1.3138
-1.2979
-1.2824
-1.2665
-1.2531
-1.2398
-1.1683
-1.116
-1.2621
-1.2526
-1.0848
-1.0249
-0.65379
-0.68817
-0.6887
-0.68853
-0.86216
-0.9051
-0.89187
-0.53579
-0.52361
-0.52867
-0.48889
-0.50384
-0.38295
-0.3476
-0.52059
-0.49472
-0.51035
-0.49353
-0.34869
-0.44074
-0.54453
-0.75944
-0.87719
-0.86004
-0.86001
-0.75424
-0.75775
-0.71689
-0.64993
-0.75201
-0.67671
-0.63968
-0.64507
-0.62768
-0.65085
-0.49276
-0.32546
-0.2934
-0.26854
-0.34458
-0.33466
-0.2251
-0.15594
0.029276
0.022781
0.045357
0.094673
0.10884
0.15211
0.069459
0.048602
0.039183
0.012007
0.054715
0.074481
0.093918
0.053889
-0.092735
-0.095128
-0.075067
-0.031549
0.0286
0.0089367
0.045027
0.028637
0.059593
0.12029
0.090423
0.095873
0.090743
0.1549
0.29848
0.33972
0.38052
0.39695
0.39624
0.42203
0.44177
0.54748
0.60488
0.606
0.64187
0.63536
0.66923
0.67799
0.62331
0.62529
0.59174
0.60958
0.65998
0.69162
0.70077
0.61562
0.57683
0.58608
0.58357
0.61113
0.61043
0.6216
0.64082
0.6192
0.64708
0.64931
0.63805
0.6323
0.62917
0.7052
0.7584
0.79515
0.82335
0.80099
0.79484
0.79433
0.82694
0.88646
0.8854
0.891
0.90026
0.90988
0.92185
0.88085
0.86217
0.84482
0.82781
0.84886
0.86109
0.87245
0.83878
0.77606
0.7534
0.72891
0.72465
0.72614
0.71638
0.71991
0.69485
0.68734
0.69261
0.67175
0.65027
0.6244
0.63922
0.6775
0.68716
0.69763
0.68273
0.65752
0.64008
0.62735
0.64909
0.65244
0.64137
0.63776
0.62611
0.62126
0.5952
0.56141
0.54022
0.50593
0.49069
0.4893
0.48673
0.46974
0.4138
0.37135
0.34189
0.31566
0.30286
0.28296
0.27012
0.25037
0.22328
0.21283
0.19153
0.1627
0.13211
0.11161
0.119
0.11719
0.11224
0.10298
0.075423
0.048089
0.021053
0.013725
0.014972
-0.001363
-0.015953
-0.031613
-0.04501
-0.062312
-0.095062
-0.12045
-0.15022
-0.17819
-0.19098
-0.20711
-0.22268
-0.25946
-0.2961
-0.31436
-0.33117
-0.34805
-0.36452
-0.37958
-0.39391
-0.40728
-0.42104
-0.43856
-0.45557
-0.47313
-0.49005
-0.50552
-0.51707
-0.52887
-0.54329
-0.55507
-0.56676
-0.57941
-0.59297
-0.60372
-0.61027
-0.62179
-0.63451
-0.64493
-0.65417
-0.66599
-0.67844
-0.68951
-0.6992
-0.7088
-0.71929
-0.72844
-0.73735
-0.74835
-0.75804
-0.76556
-0.77266
-0.78148
-0.78898
-0.79287
-0.79735
-0.80134
-0.80462
-0.8084
-0.81268
-0.81562
-0.81571
-0.81624
-0.81782
-0.81909
-0.82008
-0.82101
-0.82138
-0.8208
-0.81941
-0.81726
-0.81444
-0.811
-0.80716
-0.8036
-0.79993
-0.7957
-0.79097
-0.78548
-0.77876
-0.77132
-0.76419
-0.75675
-0.74854
-0.74022
-0.7321
-0.72337
-0.71307
-0.70229
-0.69169
-0.6806
-0.66913
-0.65768
-0.64597
-0.63332
-0.61993
-0.60604
-0.59167
-0.57688
-0.56173
-0.54645
-0.53101
-0.51515
-0.49892
-0.48235
-0.46523
-0.44754
-0.42968
-0.41167
-0.39327
-0.37464
-0.356
-0.33714
-0.31764
-0.29768
-0.27783
-0.25795
-0.23792
-0.21776
-0.19744
-0.17691
-0.15616
-0.13521
-0.11409
-0.092836
-0.071509
-0.050194
-0.028929
-0.0076122
0.013801
0.035288
0.056866
0.078542
0.10017
0.1217
0.14324
0.16471
0.186
0.20714
0.22832
0.24955
0.27056
0.29132
0.31188
0.33223
0.35237
0.37235
0.39216
0.4118
0.43123
0.45044
0.46938
0.48802
0.50631
0.52428
0.54196
0.55933
0.57639
0.59318
0.60963
0.62568
0.64133
0.6566
0.67143
0.68581
0.69981
0.71349
0.72671
0.73944
0.75168
0.76345
0.77475
0.78556
