-0.7475
-0.73447
-0.72135
-0.70751
-0.69347
-0.67884
-0.66393
-0.64855
-0.6328
-0.6167
-0.60016
-0.58339
-0.56613
-0.54862
-0.53073
-0.51253
-0.49404
-0.4753
-0.45619
-0.43687
-0.41724
-0.39738
-0.3773
-0.35693
-0.33634
-0.31558
-0.29461
-0.27347
-0.25218
-0.23069
-0.20907
-0.18729
-0.16543
-0.14347
-0.12142
-0.099313
-0.077132
-0.054974
-0.032698
-0.01044
0.011823
0.034083
0.056314
0.078477
0.10064
0.12273
0.14474
0.16666
0.18848
0.21018
0.2318
0.25325
0.27455
0.29569
0.31664
0.33741
0.35798
0.37835
0.39848
0.41836
0.438
0.45736
0.47644
0.49522
0.51372
0.5319
0.54976
0.56729
0.58447
0.60128
0.61775
0.63384
0.64954
0.66486
0.67977
0.69426
0.70836
0.72202
0.73524
0.74801
0.76034
0.7722
0.7836
0.79454
0.80499
0.81495
0.82442
0.83339
0.84185
0.8498
0.85724
0.86416
0.87056
0.87643
0.88177
0.88656
0.89083
0.89457
0.89775
0.9004
0.9025
0.90405
0.90507
0.90554
0.90546
0.90483
0.90365
0.90193
0.89966
0.89685
0.8935
0.88961
0.88518
0.88021
0.87471
0.86868
0.86212
0.85504
0.84745
0.83934
0.83073
0.82161
0.81199
0.80189
0.7913
0.78023
0.76869
0.75668
0.74422
0.7313
0.71793
0.70414
0.68993
0.6753
0.66026
-0.074004
-0.072663
-0.071428
-0.070283
-0.84518
-0.81705
-0.79017
-0.76367
-0.73597
-0.70846
-0.67217
-0.63504
-0.71742
-0.78427
-0.42983
-0.41273
-0.24829
-0.1921
0.1749
0.23141
0.22161
0.21182
0.53709
0.44848
0.43158
0.77568
0.74043
0.67871
0.46235
0.40338
0.49673
0.51149
0.30748
0.20374
0.201
0.12111
-0.16526
-0.25815
-0.36829
-0.58645
-0.61129
-0.5143
-0.42323
-0.56085
-0.55953
-0.52349
-0.48388
-0.54679
-0.55127
-0.44733
-0.17957
-0.1664
-0.19714
-0.051695
0.044086
0.023088
0.021295
0.20949
0.22242
0.2843
0.29907
0.40117
0.36129
0.28389
0.20823
0.22569
0.22383
0.12351
0.096155
0.10841
0.070758
-0.16336
-0.21612
-0.19333
-0.23471
-0.35619
-0.3469
-0.31974
-0.32147
-0.36681
-0.39338
-0.37928
-0.40414
-0.40189
-0.35299
-0.21441
-0.1953
-0.21968
-0.15388
-0.038297
-0.056468
-0.062035
0.02105
0.12069
0.12488
0.12375
0.18989
0.2164
0.204
0.12552
0.12828
0.15234
0.12848
0.063429
0.082806
0.064559
-0.026338
-0.10064
-0.085971
-0.099167
-0.1914
-0.22134
-0.20521
-0.1866
-0.24637
-0.26818
-0.2515
-0.22941
-0.2621
-0.26315
-0.19203
-0.12998
-0.13678
-0.12385
-0.047134
-0.022582
-0.021372
0.0069156
0.079642
0.093425
0.089104
0.11773
0.17166
0.1747
0.13232
0.11515
0.14134
0.13724
0.085895
0.082477
0.096875
0.069552
0.0025146
-0.0090054
-0.0061094
-0.044109
-0.0911
-0.09326
-0.081927
-0.094809
-0.11923
-0.11225
-0.091674
-0.11374
-0.13043
-0.10037
-0.044831
-0.042437
-0.045641
-0.0048836
0.03715
0.035054
0.036633
0.071508
0.1032
0.1047
0.1092
0.14606
0.16738
0.15505
0.13128
0.14305
0.14873
0.12334
0.10885
0.12662
0.12318
0.083063
0.058198
0.062842
0.051389
0.011969
-0.0045741
0.0033704
0.0078668
-0.012383
-0.019919
-0.0074902
-0.0099281
-0.031891
-0.02931
0.0024973
0.017848
0.012588
0.027447
0.058945
0.064284
0.05896
0.071882
0.099886
0.10675
0.1032
0.11986
0.14644
0.14755
0.12886
0.12622
0.13628
0.12725
0.10928
0.1146
0.12088
0.10379
0.079799
0.089536
0.096393
0.083183
0.075725
0.09069
0.10254
0.11018
0.11542
0.11903
0.12183
0.12523
0.13164
0.14578
0.15546
0.16334
0.17175
0.17886
0.17956
0.18165
0.18943
0.19372
0.19746
0.20683
0.21934
0.22583
0.22198
0.22489
0.22954
0.23566
0.24449
0.25251
0.25785
0.26147
0.26417
0.26476
0.26274
0.26106
0.26009
0.26116
0.26259
0.26411
0.26511
0.26285
0.25694
0.25253
0.25097
0.24808
0.24374
0.24078
0.2393
0.23602
0.22774
0.22055
0.21526
0.2094
0.20366
0.19834
0.19247
0.18541
0.17734
0.1684
0.15864
0.14844
0.13818
0.12874
0.11938
0.10902
0.09811
0.086909
0.074546
0.060808
0.047583
0.034315
0.020251
0.0064282
-0.0067819
-0.020396
-0.036195
-0.052522
-0.067477
-0.082136
-0.096802
-0.11152
-0.12644
-0.14154
-0.15697
-0.17281
-0.189
-0.20537
-0.22172
-0.23759
-0.25302
-0.26865
-0.28446
-0.30034
-0.31658
-0.3333
-0.34968
-0.36564
-0.38171
-0.39754
-0.41276
-0.42774
-0.44337
-0.45933
-0.4745
-0.48918
-0.50359
-0.51759
-0.53123
-0.54479
-0.55832
-0.57174
-0.58499
-0.59801
-0.6107
-0.62289
-0.63446
-0.64569
-0.65663
-0.66723
-0.67758
-0.68783
-0.69769
-0.70691
-0.71571
-0.72409
-0.73182
-0.739
-0.74601
-0.75289
-0.75911
-0.76464
-0.76964
-0.7741
-0.77801
-0.78148
-0.78455
-0.7872
-0.78941
-0.79115
-0.79237
-0.79301
-0.793
-0.79245
-0.79141
-0.78989
-0.7879
-0.7855
-0.78262
-0.77913
-0.77509
-0.77056
-0.76543
-0.75971
-0.75355
-0.74706
-0.74005
-0.7324
-0.7242
-0.71548
-0.70623
-0.69652
