-0.0689784383118582
-0.0911368685059744
-0.165254673651827
-0.171305401766060
-0.177385726450817
-0.183491530431916
-0.189620299550137
-0.195767143471347
-0.201927023752142
-0.208095041564750
-0.214266157852892
-0.220435395367725
-0.330163214218119
-0.351318435960872
-0.371546894886373
-0.391568469165221
-0.411362771584989
-0.430911382141421
-0.450205641026128
-0.469224617700459
-0.487961329844601
-0.506413502032317
-0.524564272538697
-0.543331170772923
-0.561267872075521
-0.578727881100316
-0.595651855030290
-0.612221391476419
-0.628415126417272
-0.644229299402217
-0.659669210495716
-0.674531933428185
-0.687519789694210
-0.691371991452799
-0.697668994543104
-0.704023551966915
-0.710010873129702
-0.717777764639602
-0.757591054860105
-0.783817764347949
-0.794959315458522
-0.805445961273549
-0.815483496724682
-0.825004102087343
-0.833975209679279
-0.842462024587168
-0.850438388409754
-0.857906097278448
-0.864858253700733
-0.871624651710844
-0.878133149988413
-0.883703698820366
-0.888659309414911
-0.893136833793745
-0.897044720291528
-0.900367474554682
-0.903121436342212
-0.905279999196836
-0.906152981453753
-0.903361863641757
-0.900054454151789
-0.896800793726195
-0.893143734364573
-0.890393734016753
-0.896947182070438
-0.906095148858330
-0.905050928401741
-0.901752727685154
-0.897913011148393
-0.893526418177858
-0.888561354620805
-0.883053266672649
-0.877025374672285
-0.870476407100115
-0.863406751851444
-0.855960808811427
-0.848211504365829
-0.839799040746287
-0.830768804678147
-0.821271625348706
-0.811284470613133
-0.800765340309309
-0.789733250665856
-0.778203589412262
-0.765910233199095
-0.752058174518424
-0.737188813596177
-0.722257186482646
-0.707087454647203
-0.692141894034098
-0.680164888786154
-0.670721937461682
-0.657682603571123
-0.641991791644619
-0.625731893338997
-0.609100886294892
-0.592081174757840
-0.574695439460417
-0.556972006815909
-0.538925869806952
-0.520561335823831
-0.501948460261537
-0.483153228844566
-0.464052373692879
-0.444585315461600
-0.424856266091692
-0.404887081757608
-0.384654603660445
-0.364165003508718
-0.343443976063636
-0.322405008389483
-0.300774372052293
-0.278583124908925
-0.256321250877273
-0.234079823533489
-0.211994100473593
-0.191020485254816
-0.171489286985398
-0.151212559718199
-0.129406257389020
-0.107132572698673
-0.0847843258396183
-0.0623790811022486
-0.0399309280066972
-0.0174642971956155
0.00500035225827090
0.0274525964506529
0.0498568984749976
0.0721650423496817
0.0944044862922559
0.116631593335824
0.138798920443554
0.160868829272107
0.182845188950431
0.204725379383751
0.226490352905212
0.248157810748894
0.269821818543149
0.291511773174355
0.313041087308175
0.334268864578384
0.355174240972987
0.375337758562606
0.394574689380742
0.413546371034112
0.432933352547687
0.452429699629997
0.471703580022392
0.490693739126159
0.509387941709258
0.527772119298106
0.545826909083412
0.563544695026506
0.580903813604599
0.597880615934689
0.614466612592011
0.630698121287658
0.646559655833196
0.662026381077127
0.677088699502315
0.691750264644672
0.705997368033891
0.719833961183413
0.733288057500024
0.746385002062506
0.759057520261732
0.771227620629242
0.782854029122121
0.793818729598794
0.803968069516647
0.813518519534896
0.822822686359041
0.831879599928830
0.840503732250438
0.848627542441505
0.856235028797241
0.863326135876354
0.869886630995233
0.875918247467686
0.881408004624505
0.886351827335182
0.890739324841757
0.894592298559896
0.897909235952255
0.900686246899715
0.902912601290708
0.904599037743982
0.905738584223985
0.906339991400890
0.906410197567152
0.905971920371500
0.905003263896532
0.903475459512094
0.901358527836285
0.898622625895872
0.895194851572380
0.891140558794793
0.886617942964460
0.881696851893021
0.876304853210075
0.870398025009769
0.863961140276158
0.857004791239463
0.849523588664680
0.841528826316461
0.833016517473337
0.823996426170902
0.814464862487283
0.804441983550441
0.793932732298044
0.782948643141197
0.771486330582745
0.759562023016872
0.747176785252413
0.734339279634400
0.721063426908914
0.707375987010457
0.693269894228689
0.678744456363355
0.663786709452527
0.648397486259502
0.632551381498899
0.616274054276703
0.599635646707371
0.582701778406390
0.565463982821325
0.547896420483793
0.530000315578128
0.511780008855817
0.493255820195132
0.474410594599107
0.455287815845150
0.435888945704993
0.416221927335805
0.396289966325816
0.376126945244308
0.355756649670325
0.335143469579671
0.314346725186511
0.293347616471982
0.272168246998316
0.250837944856195
0.229357909402317
0.207758592235634
0.186013330732287
0.164176946679208
0.142199735859316
0.120121830122217
0.0979480398070769
0.0757013566274706
0.0534413374357324
0.0311852725429420
0.00891356850698818
-0.0133566909793508
-0.0356227125659404
-0.0578743389843205
-0.0800722617973102
-0.102209458463273
-0.124306324023800
-0.146315529961960
-0.168244888043234
-0.190068155926276
-0.211776305984724
-0.233355073086289
-0.254790153683072
-0.276072554651203
-0.297187760139041
-0.318121978281171
-0.338857006579910
-0.359376023997250
-0.379664555058535
-0.399722457953375
-0.419548051204878
-0.439131461838180
-0.458460872339439
-0.477518871969370
-0.496277396409838
-0.514718343195206
-0.532840026735358
-0.550635431055837
-0.568099385820273
-0.585221554763559
-0.601983390068921
-0.618368934481866
-0.634385571273044
-0.650014475729844
-0.665254296615930
-0.680089870335764
-0.694514945742093
-0.708516451251455
-0.722091435596751
-0.735226706108984
-0.747919810990627
-0.760157649310121
-0.771935118799131
-0.783238667577070
-0.794064345259201
-0.804405832534466
-0.814266252699834
-0.823637810842825
-0.832519568401756
-0.840898729370555
-0.848769417626553
-0.856115835889706
-0.862941939260578
-0.869240947928535
-0.875017445965456
-0.880262688355690
-0.884977265498793
-0.889148445361023
-0.892785111260056
-0.895879041709160
-0.898435289642409
-0.900445547942411
-0.901914858280490
-0.902834739081511
-0.903212569910071
-0.903040459828463
-0.902326486022713
-0.901063152495166
-0.899258092296027
-0.896903614084114
-0.894008256098071
-0.890567297525186
-0.886593180326330
-0.882082177709229
-0.877045145152388
-0.871476265108675
-0.865384406067295
-0.858762297329417
-0.851622133236288
-0.843961877675013
-0.835795526862906
-0.827120654084959
-0.817949826989437
-0.808278997882544
-0.798123039988752
-0.787481429396679
-0.776368414651922
-0.764783026340275
-0.752739765175556
-0.740237860885757
-0.727292751726264
-0.713904616584672
-0.700089254258900
-0.685847414632908
-0.671194869268189
-0.656132549654578
-0.640676592293139
-0.624829414556393
-0.608608909774897
-0.592018781123232
-0.575076333752493
-0.557784578908760
-0.540159717914671
-0.522204310419534
-0.503935376085721
-0.485358180537517
-0.466491023661339
-0.447339542352959
-0.427921233040664
-0.408241261022975
-0.388317382679971
-0.368156679016523
-0.347776974062191
-0.327185264290388
-0.306399095521963
-0.285425827062638
-0.264283016519992
-0.242978761701648
-0.221530511442970
-0.199946830899610
-0.178244859507335
-0.156433428038349
-0.134529432781016
-0.112542475507744
-0.0904898304312104
-0.0683819956584057
-0.0462357208060792
-0.0240613070955854
-0.00187451051999667
0.0203145285537764
0.0424903390424589
0.0646415650438865
0.0867523957654309
0.108811053286658
0.130802546928472
0.152715282167980
0.174534847736401
0.196248857121974
0.217843165617692
0.239305373004799
0.260622082917213
0.281780759228998
0.302768585444817
0.323572731209689
0.344180953838168
0.364580273379148
0.384759144143138
0.404704548053037
0.424405647624269
0.443849214836397
0.463024846832711
0.481918991191096
0.500521994297627
0.518820527723762
0.536806013817829
0.554465405268678
0.571790930010462
0.588769252239818
0.605392980165158
0.621648693649165
0.637529937558421
0.653023611694070
0.668124190906831
0.682818535944583
0.697101779472094
0.710960985845961
0.724392249717628
0.737382879400707
0.749929833801637
0.762020599021898
0.773652962069299
0.784814654705672
0.795504350553712
0.805710095907799
0.815431456965897
0.824656748616980
0.833386298420661
0.841608625128590
0.849324901926616
0.856524107301033
0.863208440385650
0.869367414182190
0.875004137691474
0.880108429034025
0.884684053790913
0.888721152359785
0.892224365848081
0.895184396317146
0.897606792259343
0.899482699712284
0.900818398186016
0.901605527398362
0.901851225921014
0.901547696785561
0.900702877230582
0.899309500619802
0.897376253088381
0.894896423098614
0.891879451075398
0.888319217956582
0.884225900676109
0.879593961069381
0.874434231305155
0.868741716641394
0.862527897284899
0.855788428047392
0.848535508352603
0.840765495677901
0.832491241115849
0.823709706612802
0.814434239449134
0.804662373063398
0.794408003072265
0.783669353183992
0.772460880102512
0.760781459010080
0.748645992878942
0.736053994798182
0.723020835398332
0.709546707962007
0.695647403477088
0.681323768751891
0.666591957876788
0.651453467081811
0.635924785808067
0.620008067585251
0.603720101497203
0.587063684333981
0.570055840624840
0.552699977977840
0.535013315858618
0.516999900827577
0.498677154896751
0.480049783178407
0.461135358143700
0.441939187939882
0.422478893034768
0.402760338605534
0.382801176347842
0.362607868043648
0.342198087329906
0.321578868579818
0.300767829302820
0.279772540948055
0.258610540812743
0.237289943348574
0.215828165279572
0.194233832862648
0.172524189001194
0.150708347247988
0.128803339042895
0.106818749107975
0.0847713591594831
0.0626711992390978
0.0405347511755552
0.0183724537876374
-0.00379955367531711
-0.0259704357326677
-0.0481244117284278
-0.0702502580831203