-0.747631715463829
-0.734797842697193
-0.148237501484579
-0.146254563643324
-0.144098228743529
-0.141769370550464
-0.139255432510582
-0.136558212182522
-0.133680318132343
-0.130624385905342
-0.127393228339450
-0.123989728431240
-0.611355252101772
-0.587093076406355
-0.568970090162217
-0.550526693485775
-0.531778753870559
-0.512732904921973
-0.493410088588726
-0.473808228368505
-0.453952209811896
-0.433846256354960
-0.413504823164470
-0.397042531987189
-0.377342210200133
-0.354442364466590
-0.333140538047335
-0.311667232454791
-0.290024440053671
-0.268231657704422
-0.246313156593875
-0.223625022660771
-0.143946402552624
0.0691893502228025
0.0784110963188921
0.0868934655265337
0.0969122289389148
0.0970909870092367
-0.0560064164368220
-0.111097202935761
-0.0851838785309536
-0.0615130172216475
-0.0379594660912479
-0.0141995383552120
0.0107794437840838
0.0342710150925380
0.0576638467270299
0.0812752694261344
0.104781591624101
0.126301537040767
0.146995244930159
0.170442298521872
0.193224206261117
0.215380012648035
0.237576574981048
0.260151897210528
0.282490817137547
0.304843469773439
0.351366990244903
0.458912519680997
0.485959229093725
0.496126302737040
0.506962333576276
0.511710645526234
0.471009180890292
0.426967381085388
0.439716779696413
0.460272931515770
0.480037557785879
0.499608030381108
0.519519443578512
0.538714992928956
0.556893127838887
0.574820926448510
0.592443297173572
0.608687458533574
0.623627402386451
0.639330533140232
0.654995034566603
0.669790417707284
0.684130234774343
0.698448943277073
0.712517751076472
0.726200577094924
0.748091299368559
0.792283212896902
0.820449973049838
0.825789573465124
0.829557887527458
0.830728468058358
0.816423685357903
0.791993965164400
0.788462086991104
0.796869935417314
0.805304891301425
0.813187054273812
0.820856842364140
0.828000262467826
0.834062313092037
0.839486083264460
0.844406793258811
0.848339050014625
0.851071303061161
0.853523522972932
0.855866175991038
0.857491768222240
0.858441993963547
0.859049809281053
0.859306773388142
0.859099497931843
0.861354049857262
0.871547719437123
0.880228185082707
0.876702697129832
0.868905057320569
0.859793093623143
0.844994225624227
0.824052482619708
0.808628184719082
0.801191980455233
0.795172354915677
0.788631457425430
0.781692765328769
0.774309330351505
0.766141235462160
0.757288261503587
0.747929190835072
0.737899878863651
0.727004367096071
0.715594132979598
0.703971195813819
0.691901227855559
0.679279607022390
0.666287720357457
0.652998574779628
0.639370064794645
0.626364885479194
0.616138076759783
0.606616211344507
0.592313329419797
0.574096058550039
0.554989205987024
0.533543583422885
0.509189849637335
0.485783619801921
0.466318647518124
0.448587446118031
0.430779131504576
0.412717344898438
0.394415872602438
0.375737618748032
0.356644638110716
0.337266782583108
0.317574245316090
0.297474114584958
0.277059036125502
0.256557137198668
0.235931426295927
0.215099374633080
0.194124110424488
0.173087705468296
0.151990987718468
0.131142520873396
0.111407018507781
0.0924471077651743
0.0719781076926281
0.0494358539812887
0.0261071057204786
0.00210390077734560
-0.0230947072221100
-0.0482095807125704
-0.0714900708705109
-0.0932932036607682
-0.114680470015532
-0.135984057973480
-0.157203595849281
-0.178385438758507
-0.199569882982631
-0.220700512283548
-0.241753135368947
-0.262765356416017
-0.283711936294981
-0.304477115974362
-0.325022933887192
-0.345389745597755
-0.365560718427583
-0.385484949500718
-0.405140308638911
-0.424427147475525
-0.443007980314645
-0.460863595865877
-0.478827581768586
-0.497482862102673
-0.516436422903785
-0.535377133867529
-0.554472302132551
-0.573363513275030
-0.591217550575625
-0.607884576409355
-0.623823014514887
-0.639334172637877
-0.654453645336419
-0.669199491317211
-0.683592445936127
-0.697619501373875
-0.711252291386883
-0.724503571950319
-0.737365793452105
-0.749792028469582
-0.761738964145776
-0.773221979779085
-0.784237660328554
-0.794767478766827
-0.804787787271937
-0.814256504802170
-0.823059595154692
-0.831158470253513
-0.838819124186930
-0.846390390976948
-0.853820020680601
-0.860913877016532
-0.867670477300852
-0.874004118019530
-0.879561080301405
-0.884168369492568
-0.887971595023287
-0.891161497502367
-0.893795559917903
-0.895888533077030
-0.897481181283733
-0.898532482420500
-0.899069246137373
-0.899090161184685
-0.898586499365064
-0.897531413416564
-0.895936955412155
-0.893810523811023
-0.891098677716575
-0.887867971186894
-0.884063937310765
-0.879680895536037
-0.874726134075352
-0.869120062741591
-0.862998499408972
-0.856500979800724
-0.849709441829708
-0.842492426203445
-0.834854691707762
-0.826781624510067
-0.818100332502362
-0.808719133644933
-0.798691301871047
-0.788102304360328
-0.777017488616623
-0.765454533935512
-0.753445445239009
-0.741004630741627
-0.728137721914249
-0.714797036964715
-0.701051709083443
-0.686884412166302
-0.672291222104848
-0.657292544427200
-0.641876788798067
-0.626087760986478
-0.609896945202427
-0.593328508327284
-0.576363548515029
-0.559021641558967
-0.541309762639437
-0.523352785199724
-0.505178169863717
-0.486763941772660
-0.468091617716095
-0.449164888575193
-0.429937753786661
-0.410364192960700
-0.390443103322750
-0.370237979567607
-0.349793591105383
-0.329134391198164
-0.308278900064838
-0.287251873025703
-0.266049605997825
-0.244691626405040
-0.223192016376753
-0.201562752668849
-0.179808430407622
-0.157945134718675
-0.135982804460623
-0.113940307270173
-0.0918255589885288
-0.0696500094342651
-0.0474192439169254
-0.0251481892373722
-0.00284937881055343
0.0194247958802374
0.0416366269710926
0.0637825467412458
0.0858682457522952
0.107886744173337
0.129847021594735
0.151763436108861
0.173637177787295
0.195435995585214
0.217127381540200
0.238687991822310
0.260101172661063
0.281348696829397
0.302421346361861
0.323307024536783
0.343991963998263
0.364463829556122
0.384712884443891
0.404728974276957
0.424498621153623
0.444010898196973
0.463252209957629
0.482215420657940
0.500888913658797
0.519264793192364
0.537328534802357
0.555059639477175
0.572428972083960
0.589430058881503
0.606058194895062
0.622312823598092
0.638189086257076
0.653694158325170
0.668824051355264
0.683568529590184
0.697904236072171
0.711819919911868
0.725299960376225
0.738338497971277
0.750923167308719
0.763052443203708
0.774713683810288
0.785904916906930
0.796615256312741
0.806844895812130
0.816582089841392
0.825826676602075
0.834566967267882
0.842804744871775
0.850529812416480
0.857744480242508
0.864437535349824
0.870607363208554
0.876236083053058
0.881325400079111
0.885868876853864
0.889874847575627
0.893337660022303
0.896268317868601
0.898662961363090
0.900526912383287
0.901846933902539
0.902625570498676
0.902852708993090
0.902534769220706
0.901663872878840
0.900248990002251
0.898283259163052
0.895775791421819
0.892720607130524
0.889128280637011
0.884993230728396
0.880326018792305
0.875121364895401
0.869390836347358
0.863130323986318
0.856352055237315
0.849051938242872
0.841241028844618
0.832912748270650
0.824078594454488
0.814736973638457
0.804903844828948
0.794579172949871
0.783779846757906
0.772507165499675
0.760776324792558
0.748584735698930
0.735945267170167
0.722856424863978
0.709333174053807
0.695375756111340
0.681000428778147
0.666208575557666
0.651016648730880
0.635426676942007
0.619455737380764
0.603106568654306
0.586396188515314
0.569327737520180
0.551918519310613
0.534172550357678
0.516107386273017
0.497727430670697
0.479049678327436
0.460077826458266
0.440828487633835
0.421307484114788
0.401533606444732
0.381514179643364
0.361268149780745
0.340803661842341
0.320138906941608
0.299280629852345
0.278245256331746
0.257039812321786
0.235681361891042
0.214178108324804
0.192547458341835
0.170798442520671
0.148948297067286
0.127006493576970
0.104990137742880
0.0829092346372128
0.0607804892123083
0.0386141870336721
0.0164266901621296
-0.00577121822100256
-0.0279634819837395
-0.0501390212242999
-0.0722824583649773
-0.0943829104097681
-0.116425776387263
-0.138399380615445
-0.160288578967493
-0.182080740461908
-0.203761096605726
-0.225316674276810
-0.246733502595752
-0.267999177798151
-0.289101211024848
-0.310027340055253
-0.330765411702044
-0.351302623112861
-0.371627168129824
-0.391725900651091
-0.411587613418283
-0.431199057750369
-0.450549689233223
-0.469626129787239
-0.488418587324636
-0.506913713023828
-0.525102491525645
-0.542971529371223
-0.560512542541409
-0.577712177250516
-0.594563042719072
-0.611052060256072
-0.627172826188696
-0.642912225733672
-0.658264226667665
-0.673215429750710
-0.687760506669603
-0.701886172725521
-0.715588042877284
-0.728853333604547
-0.741678960850080
-0.754052609619970
-0.765971993600062
-0.777424853784080
-0.788409601713694
-0.798914127558237
-0.808937655376130
-0.818468363720815
-0.827506342060688
-0.836040070298700
-0.844070515828681
-0.851586545796507
-0.858590024405786
-0.865070193821980
-0.871029767827735
-0.876458397710392
-0.881359697695013
-0.885723842010924
-0.889555385811416
-0.892844941710574
-0.895597721385148
-0.897804601293977
-0.899471520136829
-0.900589830602262
-0.901166325637600
-0.901193008657410
-0.900677677230417
-0.899613034345760
-0.898007661676911
-0.895854739230612
-0.893163508911966
-0.889927654227367
-0.886157108808053
-0.881846131372342
-0.877005361223011
-0.871629649186500
-0.865730316202119
-0.859302841093069
-0.852359216528679
-0.844895549456461
-0.836924452547438
-0.828442666152437
-0.819463413751758
-0.809984115496340
-0.800018600652517
-0.789564944312124
-0.778637435693780
-0.767234697799319
-0.755371449849352
-0.743046951176964