0.816610153776797
0.825934711204266
0.313492175135969
0.317559965409008
0.321483955193978
0.325260900982020
0.328875732060367
0.332325355653524
0.335607341884147
0.338719427469760
0.341659386192018
0.344425123798647
0.941518466319580
0.938411512366825
0.940516985048197
0.942095162650611
0.943141525455170
0.943644287063025
0.943615729616020
0.943032846069243
0.941913539656762
0.940259758387526
0.938069095703399
0.940373702760326
0.938610082275850
0.933170245567084
0.928792393077787
0.923888623931354
0.918439566471070
0.912460957107336
0.905982367090483
0.898156956089412
0.831466192247270
0.622182641230231
0.619257898224499
0.617130086440692
0.613098644191127
0.620686777630611
0.813597471297117
0.894914967283501
0.880143193989293
0.866958978495443
0.853442962815953
0.839203640442593
0.823195765895349
0.808191009494849
0.792774541683045
0.776630827852692
0.760076662076974
0.745323114670412
0.731137905058573
0.713261400298790
0.695435103154076
0.677756821145976
0.659468145310691
0.640215577344343
0.620630619204824
0.600436529423523
0.554785991209106
0.444449343960992
0.414095225058186
0.400674490989158
0.386181400788180
0.378683088490380
0.425938001179983
0.479127767772685
0.465334148705089
0.441479796169253
0.417875453362387
0.393918387796654
0.369041911042254
0.344338273743619
0.320132246833295
0.295655480651458
0.270963454677692
0.247273350277657
0.224584101979168
0.200468507605793
0.175773770111238
0.151481207641032
0.127154235838362
0.102316397031828
0.0772154995889323
0.0520030123168524
0.0178189338300382
-0.0402250383789882
-0.0832611594541915
-0.103532386983055
-0.122470432880921
-0.138586574024961
-0.136258796572479
-0.121272027703498
-0.130779483420787
-0.154878143773474
-0.179572997963195
-0.204086167979709
-0.228775667607103
-0.253304823008215
-0.277090306276924
-0.300560213458315
-0.323845457435825
-0.346390589753966
-0.367918074217506
-0.389471149280985
-0.411280860530389
-0.432635502131525
-0.453554912206933
-0.474395205621604
-0.495141769880428
-0.515655521869222
-0.538949041468798
-0.570773347385861
-0.601645060174832
-0.620381446253637
-0.634825233788198
-0.647798993150686
-0.653973740370554
-0.652563195635469
-0.657415625002057
-0.671785723067382
-0.688039782218156
-0.703847131586952
-0.719313684227658
-0.734378402345939
-0.748676938267666
-0.762288613762975
-0.775381787286840
-0.787756777339766
-0.799169409446876
-0.809998619272978
-0.820602789150764
-0.830700148300232
-0.840148436295614
-0.849132909308992
-0.857723954164470
-0.865860417700941
-0.874522696229161
-0.885959895303994
-0.898127984519910
-0.905354416729011
-0.908364923129462
-0.910163446961046
-0.908881341986514
-0.903764539019085
-0.899329990837026
-0.899252000066782
-0.901017145748969
-0.902482711527881
-0.903411084025487
-0.903803814312562
-0.903509738046976
-0.902471547194942
-0.900811477610409
-0.898478058921463
-0.895354730520403
-0.891525648718248
-0.887255258487035
-0.882491082129809
-0.877125755710869
-0.871212809927439
-0.864837970113575
-0.857988355752938
-0.850976482057358
-0.844695076008327
-0.838832109828173
-0.831035627954824
-0.820663474610971
-0.808961134843014
-0.795922630376527
-0.780873362294894
-0.765308938822653
-0.751332615488826
-0.738586396268321
-0.725823262235129
-0.712643484468212
-0.699031432948114
-0.684940697117967
-0.670316748012689
-0.655217735184194
-0.639654869255583
-0.623586470919161
-0.607027388546740
-0.590115182585468
-0.572886302064965
-0.555296501301830
-0.537351882862965
-0.519114088243070
-0.500598275584847
-0.481912843925107
-0.463402217252217
-0.445108324505302
-0.426175682127594
-0.405992597409042
-0.384922104932092
-0.363245492027907
-0.340722549439364
-0.317777045519267
-0.295400392388310
-0.273812275483110
-0.252481838694602
-0.231063852371276
-0.209507494939093
-0.187805299921578
-0.165931142727852
-0.143909324941857
-0.121764226085700
-0.0994928542198047
-0.0770990690343769
-0.0546499550800349
-0.0321937681514196
-0.00972666336124022
0.0127513297467018
0.0352054557508709
0.0576110020204607
0.0799172251687285
0.101996168246756
0.123782483244052
0.145549229959257
0.167645934614626
0.190033311229125
0.212516390758096
0.235119095803034
0.257730063743923
0.279925433595145
0.301466591087304
0.322507612203101
0.343265077019727
0.363795244340940
0.384108524222390
0.404225361089789
0.424121887822589
0.443781430293428
0.463201215480904
0.482364572030477
0.501241447091973
0.519810010169077
0.538053874141933
0.555955208138142
0.573521246001624
0.590716320840027
0.607512648538967
0.623888189220402
0.639762153340520
0.655239907174583
0.670487649069680
0.685532495151739
0.700292690345364
0.714732861586776
0.728833584704216
0.742398975876112
0.755277796210414
0.767506029329312
0.779188735854538
0.790374179597165
0.801077246502634
0.811319784224501
0.821076892540097
0.830347180378670
0.839103360989656
0.847367239046533
0.855129300210655
0.862359378032229
0.869068850413014
0.875231861885431
0.880877914670610
0.885969499854670
0.890516268467345
0.894485526797200
0.897878648139854
0.900685786637640
0.903017340259187
0.904900627817994
0.906311992978411
0.907223079555121
0.907625760915447
0.907456625756817
0.906641589371294
0.905161446518677
0.903078006303649
0.900429022161864
0.897233777019042
0.893500454828961
0.889235263095146
0.884418540480172
0.879077197678523
0.873206492106992
0.866817049285132
0.859898300743694
0.852460080461033
0.844499255712298
0.836031742867101
0.827052265097643
0.817569820424979
0.807576893227087
0.797083308036499
0.786088046387573
0.774639549378867
0.762769205563229
0.750483705958399
0.737769565090296
0.724632824228140
0.711051707775494
0.697005981517320
0.682478658101992
0.667505943674901
0.652113566387823
0.636329454142590
0.620161515694022
0.603628568668747
0.586727098998464
0.569478086722530
0.551887077710106
0.533971460085451
0.515732663497638
0.497185884002607
0.478336117926916
0.459201671712083
0.439788249869773
0.420111065363669
0.400174238835221
0.379993299102472
0.359575079280523
0.338948616619622
0.318138325439910
0.297163121443470
0.276023982812771
0.254732321552862
0.233287178850128
0.211690247740619
0.189938245972609
0.168053603644526
0.146057641601230
0.123975606949395
0.101820693707056
0.0796113290164535
0.0573558305720860
0.0350705967832786
0.0127677455845951
-0.00953650225682782
-0.0318322299743119
-0.0541051306384438
-0.0763442289575290
-0.0985339248777265
-0.120662350685147
-0.142715490614830
-0.164682397785546
-0.186549610976310
-0.208304985697254
-0.229930770917438
-0.251406668498701
-0.272716490306261
-0.293850095732691
-0.314798513825202
-0.335553081115621
-0.356108599956014
-0.376458650945646
-0.396591536299661
-0.416488753367118
-0.436134546839416
-0.455513166642209
-0.474613536182101
-0.493422611857900
-0.511931607324294
-0.530126580148518
-0.547998817361596
-0.565535342842080
-0.582729185116968
-0.599567403667653
-0.616043002274183
-0.632142603195597
-0.647860324906208
-0.663183493088501
-0.678107195731746
-0.692618510206262
-0.706711596065314
-0.720370272764588
-0.733588764024932
-0.746354977981677
-0.758668124024473
-0.770517865855860
-0.781905336239461
-0.792821694054989
-0.803266663836531
-0.813226300744314
-0.822697662937076
-0.831667478152094
-0.840135720983717
-0.848091038280733
-0.855535276515937
-0.862457432681003
-0.868859814349909
-0.874732049948113
-0.880077820299255
-0.884887327884551
-0.889164773961345
-0.892900468731050
-0.896099473149927
-0.898752823737935
-0.900866530417224
-0.902431978724761
-0.903455325952689
-0.903927041295597
-0.903853334467435
-0.903226475306721
-0.902055600743148
-0.900334707367862
-0.898074163599260
-0.895269067111652
-0.891929836952652
-0.888049882092694
-0.883638236497384
-0.878688505971380
-0.873211299449842
-0.867201720019201
-0.860671649248944
-0.853616978465480
-0.846050076539556
-0.837967479423056
-0.829382387460583
-0.820292114037945
-0.810710323013922
-0.800634786055499
-0.790079652231311
-0.779043436484504
-0.767540868569760
-0.755571074683238
-0.743148998600611
-0.730273838206856
-0.716960522032995
-0.703209244512692
-0.689036322958624
-0.674443366838576
-0.659447343779329
-0.644050739904737
-0.628270635095033
-0.612109251235137
-0.595582842765282
-0.578693812303700
-0.561458954145160
-0.543881773203360
-0.525979624128549
-0.507756799060177
-0.489230784766672
-0.470406469646886
-0.451301536686640
-0.431921566997128
-0.412284289904709
-0.392395787594695
-0.372273761561416
-0.351924893726030
-0.331366908532590
-0.310607040704627
-0.289662857955561
-0.268541900811796
-0.247261405114910
-0.225829490906137
-0.204263670615617
-0.182572998295031
-0.160775001681320
-0.138879322950667
-0.116903198236824
-0.0948563730064840
-0.0727552785972570
-0.0506097634416042
-0.0284360094703538
-0.00624449939803963
0.0159487216130778
0.0381326685500753
0.0602916624991265
0.0824143689245926
0.104485506664334
0.126493362338690
0.148423112353605
0.170262777046644
0.191998066531039
0.213616726742224
0.235104982021733
0.256450330127218
0.277639596199896
0.298660157679038
0.319499545188676
0.340144963734842
0.360584405528640
0.380804700468513
0.400794365242193
0.420540047425971
0.440030967495994
0.459253820719620
0.478198784197718
0.496852695742271
0.515206485331089
0.533246871188959
0.550965421584030
0.568348785649494
0.585389279507152
0.602073590426178
0.618394820412133
0.634339705839763
0.649902150924357
0.665069008232203
0.679835027529239
0.694187202210197
0.708121113506241
0.721623917046127
0.734692054593911
0.747312916258848
0.759483849478544
0.771192490526037
0.782436989370626
0.793205133533498
0.803495861579268
0.813297209261554