0.816136632027736
0.825469105287319
0.312408359237657
0.316470907706147
0.861717305808035
0.869126393009252
0.871564640962903
0.877770085527880
0.887849157647443
0.893004259826005
0.896065024580290
0.900157919171766
0.905341122702547
0.908342514147438
0.910788674794080
0.912704892024433
0.914092586060520
0.914916543657064
0.915192023305691
0.914920427747580
0.914101800044764
0.912740267229796
0.910834769575052
0.908469610327978
0.905481218511930
0.901970597263542
0.897910831875579
0.893305470469408
0.888169651574648
0.882509903931744
0.876317141458012
0.869600841027909
0.871341489178334
0.863334643853663
0.855847085500141
0.847964241307970
0.837803428194817
0.827679634792181
0.817579940193202
0.806987456762061
0.795517983414298
0.783578407612266
0.771179308373173
0.758319979837747
0.745010519495705
0.731262449659218
0.717081032938222
0.702487301695980
0.687485382187204
0.672126138532988
0.656365507987696
0.640199148306553
0.623653234635994
0.606730375938106
0.589456453171360
0.571842805339745
0.553892276022195
0.535677563591615
0.519341288527384
0.502557201914553
0.483442420419164
0.464387705892401
0.444323007170506
0.423944673025486
0.403595377438306
0.383136201193835
0.362266415861839
0.341151901467651
0.319847912219539
0.298358221763917
0.276700475305494
0.254889785433627
0.232939862727951
0.210868363785435
0.188688477894551
0.166430619698464
0.144100689868105
0.121677029693423
0.0991875916622798
0.0766440859983815
0.0540669372924321
0.0314751140267121
0.00887569713978040
-0.0136782144473266
-0.0355556931634582
-0.0568352548577342
-0.0791353064819877
-0.101463846682680
-0.123928369927162
-0.146464815195124
-0.168792470824458
-0.190914723674921
-0.212960217922096
-0.234908467205920
-0.256703614723648
-0.278333021658288
-0.299782762270896
-0.321038134295390
-0.342085085757230
-0.362909483120412
-0.383497822090970
-0.403831477991104
-0.423895411404259
-0.443699961547624
-0.463231421002548
-0.482476337552880
-0.501420108045042
-0.520047367199423
-0.538348916651024
-0.556297591549536
-0.573684678840623
-0.590381065426959
-0.607032952274697
-0.623533884267878
-0.639711671050785
-0.655594951905930
-0.671052381571384
-0.686041873257823
-0.700608790935645
-0.714768588911842
-0.728492116327554
-0.741766889054104
-0.754584658895610
-0.766937189308473
-0.778815484263778
-0.790212415181233
-0.801119844732656
-0.811529618189833
-0.821427772768712
-0.830816798064352
-0.839710767462889
-0.848094330847361
-0.855963005503192
-0.863299406003166
-0.870109330263044
-0.876380668158542
-0.882041299962083
-0.887010961991904
-0.891495721327055
-0.895591330931381
-0.899187197846060
-0.902294164049894
-0.904829283185060
-0.906802837530660
-0.908215761422518
-0.909082906873920
-0.909401882825937
-0.909165385934622
-0.908376147369299
-0.907031485860962
-0.905136663878028
-0.902684140569995
-0.899680867593359
-0.896126097169157
-0.892022523972749
-0.887362610105879
-0.882175145519660
-0.876455866853520
-0.870207579470894
-0.863426461322953
-0.856121588290654
-0.848293470096590
-0.839924683337458
-0.830981123408705
-0.821527425549575
-0.811647591741865
-0.801316938487228
-0.790524849182269
-0.779260007844074
-0.767509634232318
-0.755290413250198
-0.742614496012412
-0.729491583941119
-0.715926475287865
-0.701927631800285
-0.687502701154539
-0.672661265455273
-0.657410706225032
-0.641759327347657
-0.625717833408542
-0.609295490133527
-0.592498387735970
-0.575345331272817
-0.557848073097141
-0.540015741854372
-0.521855717687597
-0.503379970907769
-0.484598615137241
-0.465515581679893
-0.446124859404801
-0.426452066541437
-0.406548784986998
-0.386428346783627
-0.366088436800862
-0.345534677204582
-0.324767340972579
-0.303801195020543
-0.282651278502934
-0.261332438252423
-0.239856434947985
-0.218236152816995
-0.196484267332746
-0.174614164322894
-0.152638571291401
-0.130570104502080
-0.108422505971133
-0.0862091614746453
-0.0639421549769276
-0.0416373541560666
-0.0193105982514022
0.00302530516295068
0.0253582906155366
0.0476752466084863
0.0699624936645026
0.0922026235827878
0.114397026063292
0.136536090079289
0.158583650324515
0.180518587294173
0.202334143490168
0.224022120788606
0.245573810580880
0.266978748060895
0.288222385908631
0.309288898318093
0.330168437644167
0.350848878647419
0.371305408744907
0.391534625419457
0.411537539095413
0.431289970168095
0.450781310394487
0.470003815843643
0.488930997367783
0.507577100908006
0.525907596403042
0.543915231437045
0.561592684065732
0.578934078131242
0.595926113354827
0.612544787928067
0.628798178444262
0.644673066201040
0.660173869206416
0.675260279640812
0.689924218280259
0.704174795580955
0.717993981139684
0.731388950650601
0.744331238511042
0.756824902811089
0.768855807165696
0.780431752403509
0.791522432976882
0.802136521600791
0.812265447314580
0.821885737670417
0.831016865939846
0.839629344839351
0.847731305197145
0.855326823826803
0.862397165011037
0.868944945602370
0.874967331663181
0.880467617799075
0.885427696924110
0.889853261036380
0.893746492449237
0.897098365371334
0.899902022845108
0.902151244817235
0.903864021860738
0.905020888466082
0.905627644657921
0.905691841603824
0.905210825849232
0.904180825463835
0.902602736122005
0.900481370423082
0.897814744583649
0.894600982972090
0.890851215643455
0.886554791062755
0.881705118820457
0.876327074743794
0.870414124488261
0.863978019164619
0.857019479122295
0.849541403007878
0.841550926500020
0.833056337850930
0.824058106395048
0.814559624219183
0.804575096231975
0.794104306915929
0.783152914152332
0.771724274916864
0.759832437588864
0.747480574511808
0.734675046320219
0.721428938208270
0.707748803195409
0.693642553466602
0.679116473478803
0.664182666923746
0.648847863619263
0.633120833420705
0.617012836607076
0.600531867336906
0.583680175275561
0.566477623618556
0.548931820181620
0.531056561714747
0.512861649211379
0.494357900356312
0.475556371654764
0.456471015673863
0.437111271607839
0.417488060600705
0.397615281482991
0.377504795514478
0.357166582394945
0.336612650989407
0.315856302191582
0.294911152446738
0.273787428480064
0.252500713601123
0.231063289377936
0.209488581193766
0.187787821869717
0.165975823302591
0.144064647507014
0.122067768509951
0.0999981218744658
0.0778696707138921
0.0556918991475972
0.0334810283430329
0.0112507480123676
-0.0109845569388610
-0.0332117218594739
-0.0554171177456628
-0.0775879216229994
-0.0997093844103323
-0.121768904308818
-0.143753439100359
-0.165649561181003
-0.187443277379524
-0.209122719369430
-0.230674874873498
-0.252086827949574
-0.273344741936811
-0.294436792587024
-0.315349509751999
-0.336070063129868
-0.356585875137691
-0.376885147333803
-0.396955368243920
-0.416784450835677
-0.436360646952064
-0.455672140233693
-0.474707209304865
-0.493455436857915
-0.511905482739458
-0.530045170577710
-0.547863626440477
-0.565349651416386
-0.582493070811285
-0.599283325689085
-0.615710346506226
-0.631763790890911
-0.647434731146244
-0.662713204518999
-0.677590213233008
-0.692056563847506
-0.706104397157346
-0.719724639243923
-0.732909435686018
-0.745650324064923
-0.757940329354345
-0.769771021939017
-0.781136059860185
-0.792027934456611
-0.802440989803538
-0.812367986104707
-0.821803977210826
-0.830742354990055
-0.839178696532387
-0.847107246071815
-0.854524486412012
-0.861424441745613
-0.867803927686294
-0.873657851891973
-0.878983894035121
-0.883777686448875
-0.888037520229005
-0.891759489392897
-0.894942787828610
-0.897584226434463
-0.899683463214592
-0.901237932203429
-0.902248280182966
-0.902712532042211
-0.902631767168116
-0.902004582073481
-0.900832905400932
-0.899115843884749
-0.896855936944140
-0.894053079687214
-0.890710593774182
-0.886828912154700
-0.882412013706911
-0.877461008768652
-0.871980514570608
-0.865972331984579
-0.859441885415224
-0.852391351609587
-0.844826531049960
-0.836750288898099
-0.828169181017470
-0.819086747233497
-0.809510158017825
-0.799443482124820
-0.788894540698011
-0.777868067643812
-0.766372396720972
-0.754412791717556
-0.741998258381533
-0.729134660673603
-0.715831438252362
-0.702094935374848
-0.687935161172273
-0.673358980457034
-0.658376839493910
-0.642996162562399
-0.627227927665159
-0.611080037128820
-0.594563883925881
-0.577687864268119
-0.560463783362837
-0.542900507179727
-0.525010291107157
-0.506802377962515
-0.488289234496786
-0.469480504638408
-0.450389045196595
-0.431024931983112
-0.411401327148071
-0.391528646227790
-0.371420319934508
-0.351087142447158
-0.330542763528003
-0.309798260101318
-0.288867512142302
-0.267761917677782
-0.246495487058902
-0.225079834286206
-0.203529108922873
-0.181855164521598
-0.160072222869697
-0.138192345888914
-0.116229848749200
-0.0941969705552647
-0.0721080391662003
-0.0499754391555799
-0.0278134936822426
-0.00563470364713211
0.0165466258522600
0.0387179186853537
0.0608650101727853
0.0829752985843185
0.105034705145031
0.127030579605795
0.148948978173886
0.170777266015465
0.192501681131685
0.214109611822790
0.235587505497372
0.256922833715838
0.278102282804492
0.299113404961838
0.319943170464293
0.340579282956536
0.361009025158565
0.381220253720610
0.401200597894510
0.420938105404569
0.440420761975221
0.459636825784915
0.478574686034959
0.497222848612759
0.515570127428567
0.533605300920642
0.551317628116387
0.568696186493156
0.585730738983283
0.602410710745516
0.618726362758626
0.634667458687186
0.650224779661314
0.665388467879076
0.680149857102906
0.694499485699093
0.708429254663207
0.721930131523053
0.734994608566830
0.747614091315838
0.759781680167430
0.771489256862990
0.782730552427785
0.793497932824410
0.803785770972653
0.813586940140471