-0.0689254030015156
-0.0910799782016835
-0.164701879104431
-0.170735835209692
-0.156605273305528
-0.178484760984780
-0.199852527715374
-0.221389027906832
-0.243430315177262
-0.264804575214409
-0.286163630925569
-0.307152520299906
-0.327903042095814
-0.348557358810850
-0.368999641043227
-0.389218555282361
-0.409203507761718
-0.428938949664511
-0.448414822514462
-0.467614860857400
-0.486526377965271
-0.505151256609115
-0.523471083552694
-0.541263985317096
-0.558945868503254
-0.576293859574871
-0.593291067743614
-0.609929117923621
-0.626196031902459
-0.642084717098150
-0.657583388431300
-0.672684518956661
-0.686325773072000
-0.700545470929300
-0.714509296931025
-0.728111499758622
-0.741164747915478
-0.753695112604511
-0.765743847751290
-0.777345234140063
-0.788493241079515
-0.799166338428430
-0.809354526655804
-0.819053419033609
-0.828256667272030
-0.836955776183105
-0.845139038060350
-0.852816885399887
-0.859980037005326
-0.866571302124015
-0.872632727155840
-0.878228975624731
-0.883294425601926
-0.887823900163097
-0.891813540263576
-0.895262743277548
-0.898169512781953
-0.900525191601322
-0.902075906148818
-0.903072403477811
-0.903831042760626
-0.904114460227400
-0.903798660105127
-0.902900336564775
-0.901431998337123
-0.899419225428626
-0.896871244620602
-0.893782056040758
-0.890151498750602
-0.885982969164196
-0.881277463071857
-0.876037099454808
-0.870261629637816
-0.863959832621581
-0.857135554023684
-0.849776633243732
-0.841884809978521
-0.833513993632199
-0.824646296251237
-0.815278786576368
-0.805415455194869
-0.795063471815251
-0.784229345945671
-0.772915626690822
-0.761054807918235
-0.748659255689068
-0.735951568747687
-0.722863908496155
-0.709328570713355
-0.695341283219675
-0.680918127225338
-0.666079712240068
-0.650840890701700
-0.635209478148768
-0.619193054847749
-0.602802300587489
-0.586045909670232
-0.568933869963221
-0.551474637256649
-0.533680632236731
-0.515563142387873
-0.497128121983106
-0.478381296279367
-0.459353687138990
-0.440056100426299
-0.420492556444344
-0.400672708141227
-0.380609132118668
-0.360314083783021
-0.339798399143057
-0.319050263990065
-0.298066762948166
-0.276943696928174
-0.255701328624701
-0.234308814973777
-0.212762860960992
-0.191078697973906
-0.169275155092616
-0.147369196991524
-0.125374511615149
-0.103303446591526
-0.0811697759544262
-0.0589864709194277
-0.0367666245109455
-0.0145229009691079
0.00773084266952098
0.0299805889393631
0.0522145118628344
0.0744200361960224
0.0965764195568593
0.118674377375667
0.140699987161821
0.162641247933850
0.184485503923318
0.206218843519207
0.227828941086685
0.249310619727492
0.270660988667369
0.291840434499136
0.312817609375855
0.333596772135216
0.354178493226380
0.374543144775880
0.394691701226404
0.414603589393578
0.434264455186253
0.453663095874788
0.472787247257844
0.491625949102143
0.510167385625322
0.528401654490116
0.546316378851547
0.563901547724935
0.581146171005896
0.598041455944245
0.614570469998716
0.630729727529846
0.646507538210468
0.661894999294554
0.676882264699586
0.691461097227152
0.705621816033690
0.719359674346138
0.732670014993862
0.745538581951950
0.757944395063581
0.769884980236830
0.781359686159459
0.792362595393001
0.802888838564991
0.812932417412055
0.822483944980197
0.831538548009415
0.840089695372419
0.848133275220113
0.855663444562491
0.862676977998705
0.869168532290050
0.875135005607490
0.880572002159435
0.885477653670121
0.889845967794694
0.893676287402996
0.896965909595253
0.899713642961677
0.901916758814459
0.903575196626419
0.904686706287872
0.905252841869003
0.905274015637239
0.904749860299140
0.903673628475419
0.902046764862503
0.899872668669497
0.897155278714898
0.893895563802830
0.890097284940684
0.885760333249435
0.880888201683502
0.875482584683722
0.869547967204918
0.863086759010770
0.856104189110344
0.848603331178811
0.840589795114769
0.832067326419095
0.823042400024118
0.813518744704353
0.803503122616796
0.793000987806244
0.782019769622046
0.770564969596557
0.758644707586637
0.746264814397391
0.733427406608182
0.720148339178870
0.706440948704554
0.692310528927453
0.677750559566197
0.662779766962385
0.647415670178962
0.631649406664036
0.615508566461941
0.598999302358051
0.582117237833128
0.564891618541291
0.547328582671955
0.529436411121732
0.511207604815337
0.492683282335121
0.473849227661633
0.454732558342636
0.435347873739438
0.415680986442436
0.395790604678461
0.375645571136227
0.355269553539513
0.334677139570097
0.313893718514088
0.292914064191212
0.271746473594027
0.250419973101290
0.228937760898191
0.207334895656677
0.185605931403252
0.163746937584052
0.141794669422265
0.119759836664126
0.0976612201500762
0.0754888338129042
0.0532771301162312
0.0310265596952924
0.00877236913480906
-0.0134914557625080
-0.0357530100842311
-0.0579949771179337
-0.0801867832656522
-0.102326795488768
-0.124404820768679
-0.146412494886911
-0.168321133895739
-0.190128675053474
-0.211827498541605
-0.233398412681264
-0.254822613733825
-0.276094491872030
-0.297202227240616
-0.318127649045237
-0.338862111851529
-0.359379867748580
-0.379664820827442
-0.399723514672810
-0.419543243800556
-0.439109404754059
-0.458403524066375
-0.477422141449679
-0.496152579183617
-0.514585343407773
-0.532702740502525
-0.550496709926303
-0.567960764803563
-0.585082411885996
-0.601842153145271
-0.618229404602968
-0.634241664932041
-0.649871453922268
-0.665106869052105
-0.679936441019251
-0.694358004117866
-0.708360391233725
-0.721932314655561
-0.735066433299149
-0.747758394764942
-0.759996314098960
-0.771775157247964
-0.783083513460378
-0.793910135646317
-0.804255601275758
-0.814117211087818
-0.823486368292732
-0.832355842063796
-0.840720860101098
-0.848579092962590
-0.855924425542679
-0.862751917104781
-0.869055857984473
-0.874836019944111
-0.880087540743669
-0.884805027241386
-0.888982504713651
-0.892621692885313
-0.895721052883895
-0.898279581721601
-0.900292801298794
-0.901763258451642
-0.902688933096028
-0.903069078021476
-0.902901935301272
-0.902190518029357
-0.900932920111106
-0.899131369453232
-0.896784637244839
-0.893893098681706
-0.890459038806955
-0.886488580675018
-0.881982128911402
-0.876942892819670
-0.871372325235755
-0.865276525306430
-0.858657514035769
-0.851520442124425
-0.843867400006233
-0.835705587796682
-0.827038577964777
-0.817872061549693
-0.808208592111284
-0.798056558232862
-0.787421641756058
-0.776312103382511
-0.764732261653636
-0.752691387628062
-0.740195645050335
-0.727253683734262
-0.713871309582649
-0.700058814042109
-0.685822852680849
-0.671173455495822
-0.656117606275435
-0.640665012433056
-0.624823639627761
-0.608606058977576
-0.592020645037818
-0.575078533962528
-0.557788168334518
-0.540162021455308
-0.522209339345093
-0.503942323790842
-0.485370181992603
-0.466505883320055
-0.447359617664344
-0.427944033411892
-0.408268733594995
-0.388347143226183
-0.368190519972105
-0.347812667649633
-0.327224298133345
-0.306439240975735
-0.285469095220501
-0.264327678662028
-0.243026276603048
-0.221579112635102
-0.199998057367614
-0.178297194625156
-0.156488404168867
-0.134585576905267
-0.112600776677983
-0.0905488992532476
-0.0684425566764409
-0.0462959022538177
-0.0241212197449500
-0.00193293867247442
0.0202562605689081
0.0424322019790594
0.0645824209430983
0.0866927533490812
0.108750405760009
0.130741469152829
0.152653607829884
0.174473055556440
0.196186931959509
0.217781405551033
0.239243968112708
0.260561247346022
0.281720623243393
0.302708939687822
0.323513956231564
0.344122822359231
0.364523258461462
0.384702774526249
0.404649392205901
0.424351092035347
0.443796150424537
0.462972591656598
0.481868613323929
0.500472880184940
0.518774152406547
0.536761490775908
0.554423775328807
0.571750559339054
0.588731179331410
0.605355697012173
0.621613665826234
0.637495657022377
0.652991782054928
0.668093223526610
0.682790268598674
0.697074469498688
0.710936607770923
0.724368962696051
0.737362715377717
0.749910686248265
0.762004605620349
0.773637966690729
0.784802906504330
0.795493530229701
0.805702526975153
0.815424708071116
0.824653311865003
0.833383699220986
0.841609466728838
0.849326682007857
0.856529642593421
0.863215128506587
0.869377922926361
0.875015475908899
0.880123201980819
0.884699276076320
0.888739651985418
0.892243178597576
0.895206471722352
0.897629141885260
0.899508339179258
0.900844270657108
0.901634695487813
0.901880594869101
0.901580353209207
0.900735620653469
0.899345422617994
0.897412144703201
0.894935415236804
0.891918288637019
0.888361032050640
0.884267413355409
0.879638340868249
0.874478224024223
0.868788508650259
0.862574252996332
0.855837583644989
0.848584248017538
0.840816958160453
0.832542079132312
0.823762945891809
0.814486567315781
0.804716861806654
0.794461425909752
0.783724784238745
0.772515154049841
0.760837620029639
0.748700915879543
0.736110672251850
0.723076197375358
0.709603687745035
0.695702964276155
0.681380759759630
0.666647414402589
0.651510179288190
0.635979857599382
0.620064203395646
0.603774482723409
0.587118942865336
0.570109263317292
0.552754118599088
0.535065563006167
0.517052734652514
0.498728077639104
0.480101145110073
0.461184703338306
0.441988705198426
0.422526232044885
0.402807607386795
0.382846175483040
0.362652610596602
0.342240512421927
0.321620876240838
0.300807487211733
0.279811620519651
0.258647243281861
0.237325909126434
0.215861723265041
0.194266476718490
0.172554388013131
0.150737462460150
0.128829985121263
0.106844141563679
0.0847942591383997
0.0626926817721081
0.0405537377670039
0.0183898796679289
-0.00378460918871372
-0.0259571783647190
-0.0481135979836786
-0.0702412531518573