-0.747211229027364
-0.734389127086761
-0.147706480132558
-0.145735072495765
-0.705112032501830
-0.690641632023997
-0.671712113247063
-0.656381057622339
-0.644418842470548
-0.628199684611949
-0.609901393655856
-0.593005398873042
-0.577438080607458
-0.559785155337329
-0.541789033751938
-0.523486336743148
-0.504889078299853
-0.485977593993581
-0.466777200792220
-0.447305566891176
-0.427575422080436
-0.407589010621590
-0.387363686023248
-0.367205625011737
-0.346535350009485
-0.325676737689427
-0.304619764132679
-0.283376352546481
-0.261973619672804
-0.240425186834175
-0.218733753027256
-0.196916322071766
-0.185015716106817
-0.162789172924859
-0.141337788569555
-0.119852741549748
-0.0966386802797194
-0.0739845221880189
-0.0518360924422085
-0.0296422226221646
-0.00702474233485425
0.0155879308160329
0.0381752182827511
0.0607334391959934
0.0832461477764718
0.105693326523997
0.128058005122253
0.150329583703783
0.172494654818175
0.194445163591118
0.216267219168182
0.238029827318207
0.259641190966071
0.281093524225160
0.302357087092393
0.323419937937997
0.344277236759994
0.364847628009982
0.382734617621751
0.400515201563603
0.420388622341853
0.439726754335426
0.459475652935084
0.478955663539787
0.497836620899359
0.516283024235374
0.534604828759388
0.552630154573762
0.570303586531764
0.587624747401010
0.604576987767127
0.621147314021974
0.637321766910689
0.653091468836987
0.668447076130011
0.683346013546175
0.697784120111351
0.711836963939735
0.725458704589949
0.738634700579015
0.751348517903504
0.763588357789614
0.775353648807021
0.786593841139298
0.796610501082860
0.805494510547975
0.815086875230863
0.824327755179999
0.833256940641717
0.841806098416020
0.849710598051023
0.856994435916223
0.863801108625057
0.870117945355962
0.875896669572684
0.881135322247071
0.885828671942436
0.889972004259931
0.893559723015211
0.896590115358481
0.899060964480192
0.900959599975567
0.902276707684991
0.903053648687983
0.903287521430223
0.902968893998605
0.902092816187655
0.900656499319478
0.898663000435434
0.896095990693981
0.892734942832075
0.888447828376508
0.883976649204249
0.879235212893949
0.874020486025929
0.868357812868281
0.862131079546641
0.855317028351781
0.847977987928505
0.840143100528316
0.831795562920396
0.822936665009831
0.813571129816329
0.803703813820698
0.793338385234150
0.782481572512958
0.771139255794521
0.759315106328202
0.747007736573878
0.734240378508663
0.721036390088370
0.707394343686668
0.693321757570451
0.678813902080937
0.663890486744902
0.648551727072897
0.632730680235608
0.616349973325529
0.599655286828888
0.582773721556469
0.565590425711760
0.548115670824404
0.530286138410043
0.512111136305090
0.493612172029745
0.474818451688444
0.455738786951897
0.436378138677496
0.416750198267843
0.396864100236297
0.376735009388537
0.356367761719042
0.335779319868985
0.314979926163790
0.293981068028999
0.272792140107623
0.251445417990242
0.229948328643446
0.208312580176700
0.186544196623692
0.164660491063794
0.142671654063157
0.120565008991542
0.0983111084150308
0.0759888435977768
0.0537031966784014
0.0314319582504798
0.00916516302285639
-0.0131025875489169
-0.0353792043326972
-0.0576420041619171
-0.0798694489678798
-0.102046964068426
-0.124163220084718
-0.146205643420027
-0.168160743408185
-0.190015712543699
-0.211757826065319
-0.233375678260167
-0.254854168751263
-0.276182163536998
-0.297347580059161
-0.318330956130648
-0.339117836498614
-0.359697901107840
-0.380061041127428
-0.400195225719248
-0.420088091151259
-0.439737260189770
-0.459149156233128
-0.478297793758423
-0.497124843489171
-0.515618418079656
-0.533784231869444
-0.551620601511152
-0.569128222831114
-0.586296089921032
-0.603109054747418
-0.619555763432021
-0.635626149736705
-0.651311814388914
-0.666602491679041
-0.681490024788490
-0.695964759888474
-0.710019690613774
-0.723644820449069
-0.736833238550600
-0.749576589728571
-0.761865768461896
-0.773690389556026
-0.785045074786199
-0.795923260213314
-0.806319954196359
-0.816227308063144
-0.825630030192236
-0.834545365243442
-0.842977038785136
-0.850894179253273
-0.858269146861686
-0.865113910453880
-0.871437790968905
-0.877223217246261
-0.882487314524191
-0.887221688268043
-0.891406136152588
-0.895060056186832
-0.898177461320753
-0.900741819868022
-0.902742230236180
-0.904220821431923
-0.905139197831118
-0.905513868738516
-0.905351689584473
-0.904611983811608
-0.903367705587855
-0.901553167540655
-0.899184784977939
-0.896269823637206
-0.892827796646703
-0.888840177547405
-0.884291261523454
-0.879218151546904
-0.873610827100574
-0.867508764864428
-0.860866211045389
-0.853671155865624
-0.845969465004521
-0.837753817805097
-0.829050170801953
-0.819820072325209
-0.810102032928568
-0.799882366862221
-0.789204121539534
-0.778030977215573
-0.766383511517740
-0.754270470197808
-0.741698954405908
-0.728690070452201
-0.715224524071774
-0.701318810311315
-0.687005689932124
-0.672268489958600
-0.657117447061778
-0.641568918982906
-0.625645004066215
-0.609333205053020
-0.592651033796679
-0.575618843404889
-0.558236253520668
-0.540522155097364
-0.522486423990600
-0.504140507188709
-0.485477644666277
-0.466518239904585
-0.447288317538143
-0.427788684400215
-0.408028246280850
-0.388017392714834
-0.367778629921129
-0.347318034657887
-0.326640218169036
-0.305768803757941
-0.284712637917935
-0.263475714217914
-0.242085409812146
-0.220542670566360
-0.198871150112855
-0.177083038103360
-0.155183398890303
-0.133190535266562
-0.111124023195609
-0.0889916730961160
-0.0668012294544325
-0.0445787821331838
-0.0223291496681091
-6.94006920743922e-05
0.0221858607293572
0.0444231636868205
0.0666366365759598
0.0888113219724860
0.110926903855523
0.132972056905711
0.154936539496031
0.176807952063945
0.198569250181125
0.220207994365326
0.241715186523547
0.263074704136758
0.284273159904671
0.305302329438304
0.326144069266996
0.346789232702535
0.367223020007140
0.387431152087722
0.407405358095660
0.427132561441616
0.446598062347988
0.465790663693829
0.484702457429070
0.503317638628553
0.521626573939213
0.539618054850371
0.557280447692796
0.574602736615885
0.591577428228813
0.608194700431886
0.624442179219113
0.640309035858398
0.655787944113259
0.670869692166661
0.685544618822458
0.699802752499855
0.713637819287382
0.727040456090974
0.740002390836476
0.752516692964374
0.764575529890528
0.776170893744399
0.787296660322093
0.797943983513840
0.808108505374464
0.817783566674084
0.826963068145352
0.835640213892233
0.843812253143243
0.851472413862634
0.858616732876134
0.865240325645660
0.871339887307356
0.876910467578143
0.881950800915200
0.886457437625658
0.890428043715348
0.893858231465210
0.896747896593826
0.899094486679726
0.900897692035594
0.902154632829113
0.902866530272954
0.903031757898872
0.902651242717593
0.901724170453744
0.900252625966473
0.898235690550646
0.895676294090940
0.892573949550558
0.888932311787858
0.884752420910432
0.880038025169106
0.874790067494818
0.869013843782210
0.862711261887482
0.855887407859037
0.848544968017250
0.840689974063491
0.832325415922784
0.823458334940143
0.814092880742241
0.804236231609038
0.793892241684840
0.783068998533527
0.771771673888567
0.760008787825337
0.747785565162461
0.735111223862587
0.721991949230883
0.708437227380380
0.694453638242741
0.680051430856367
0.665237509786882
0.650022522136025
0.634413883780011
0.618422646689830
0.602057063206195
0.585328580541879
0.568245533162010
0.550819965470039
0.533060967973642
0.514980688688962
0.496588539998125
0.477897188148196
0.458916381618229
0.439659175512051
0.420135968750064
0.400360025216481
0.380341691478667
0.360094446168676
0.339629304358832
0.318960034435530
0.298097732823678
0.277056316695101
0.255847342942767
0.234484857548553
0.212980549929959
0.191348661888903
0.169601083011184
0.147752061551525
0.125813681127411
0.103800218321636
0.0817240318559784
0.0595994717697394
0.0374388765046343
0.0152565740074257
-0.00693483886039386
-0.0291211335086228
-0.0512897352575093
-0.0734264496895156
-0.0955186511913498
-0.117552260968594
-0.139514531353983
-0.161391520835596
-0.183170662136421
-0.204838289012732
-0.226381760364038
-0.247787548243840
-0.269043164852119
-0.290135392150582
-0.311051787717465
-0.331779395234926
-0.352305964542835
-0.372618850778335
-0.392705961216996
-0.412555036160595
-0.432154190849700
-0.451491549672822
-0.470555421226430
-0.489334293505753
-0.507816776390578
-0.525991824769088
-0.543848272790056
-0.561375525109447
-0.578562771949769
-0.595399901213574
-0.611876423190950
-0.627982736965819
-0.643708674364566
-0.659045144073988
-0.673982419123934
-0.688512025148398
-0.702624612272110
-0.716312230383697
-0.729565975337144
-0.742378528150195
-0.754741422651698
-0.766647932228146
-0.778090080592262
-0.789061779902761
-0.799555538715665
-0.809565926053011
-0.819085970836861
-0.828110902521092
-0.836634267351543
-0.844651942450763
-0.852158025775827
-0.859149095535012
-0.865619791111726
-0.871567363097510
-0.876987037112245
-0.881876765528668
-0.886232347827947
-0.890052433782364
-0.893333401556408
-0.896074588165521
-0.898272988373917
-0.899928675534409
-0.901039250515439
-0.901605465314329
-0.901625530984143
-0.901100918080648
-0.900030456000358
-0.898416302912412
-0.896257911518047
-0.893558140539117
-0.890317062734795
-0.886538226195829
-0.882222331265990
-0.877373606041318
-0.871993367814459
-0.866086502927201
-0.859654944598417
-0.852704245116894
-0.845236948160103
-0.837259239785333
-0.828774273087597
-0.819788867706096
-0.810306773088811
-0.800335417935299
-0.789879136531782
-0.778945943239931
-0.767540754460546
-0.755672172989826
-0.743345686989459