-0.0691239832085887
-0.0912738147758637
-0.164587123420110
-0.135336426827345
-0.156805546982327
-0.178552778925381
-0.200876052527161
-0.222666902860586
-0.244052147876705
-0.265348054150978
-0.286542139771867
-0.307565078271316
-0.328398705480649
-0.349032803190413
-0.369462891346649
-0.389664390943564
-0.409627615042241
-0.429348034311083
-0.448805687860667
-0.467988497610086
-0.486882111349734
-0.505485249032484
-0.523410194123271
-0.541415103593265
-0.559095326674102
-0.576440569141544
-0.593433360759871
-0.610065428852652
-0.626330295215900
-0.642215543719354
-0.657711461172167
-0.672810078389613
-0.687171253369008
-0.701365615243715
-0.715189927051247
-0.728560111240309
-0.741529192719198
-0.754051581083179
-0.766126804032327
-0.777731492879793
-0.788865505720629
-0.799524961454362
-0.809692199918765
-0.819378072172544
-0.828564815605826
-0.837244965208552
-0.845412642969415
-0.853073325819292
-0.860043402598257
-0.866666538878153
-0.872786003892583
-0.878379057499467
-0.883437992100352
-0.887959417885753
-0.891945369626961
-0.895390343119380
-0.898292844220458
-0.900651212958850
-0.902376838475290
-0.903521099816426
-0.904243531605081
-0.904391294568620
-0.904013594216164
-0.903091689832435
-0.901627369768418
-0.899614798724449
-0.897057079165460
-0.893957529782235
-0.890314405496047
-0.886131452499765
-0.881413753680953
-0.876158775030049
-0.870372436032938
-0.864058088825138
-0.857155535739380
-0.849776860357464
-0.841918361655588
-0.833551449949247
-0.824679173098972
-0.815305259188373
-0.805438070816411
-0.795082735279973
-0.784245572980769
-0.772932753409488
-0.761128752322546
-0.748814430049704
-0.736111982047665
-0.722962293840438
-0.709380981228627
-0.695373890774455
-0.680947123582409
-0.666107532588537
-0.650864040339380
-0.635226384800099
-0.619203428188131
-0.602803537225596
-0.586039680477458
-0.568919262564225
-0.551453631837049
-0.533652719309639
-0.515506215416557
-0.497049262663086
-0.478315600822616
-0.459295696823730
-0.439997280489910
-0.420430884312739
-0.400609177523841
-0.380544566380630
-0.360248887727483
-0.339734260223204
-0.319007325814742
-0.298059766663840
-0.276952829244334
-0.255687207473033
-0.234267299703609
-0.212708040621847
-0.191020117255550
-0.169216347156257
-0.147309355915567
-0.125312748594816
-0.103239527646730
-0.0811024262900623
-0.0589158100237209
-0.0366929155532974
-0.0144466696737072
0.00780918544443746
0.0300683722779950
0.0523146082026027
0.0745160803282938
0.0966649412342470
0.118760684016042
0.140785721397411
0.162727000991700
0.184569939670329
0.206302118959951
0.227909924235804
0.249382415375794
0.270715945142307
0.291882721154090
0.312864632981155
0.333657319824344
0.354244877685127
0.374613164267616
0.394760941105819
0.414671705506951
0.434331909461006
0.453730054225557
0.472854367104681
0.491693401217117
0.510235095410890
0.528469024079994
0.546383588795780
0.563970721600606
0.581220436727277
0.598114779422550
0.614637969741117
0.630793449601802
0.646569546890484
0.661955351311410
0.676941056616341
0.691517591324586
0.705676253532928
0.719408838540959
0.732711138285125
0.745571324731917
0.757976230150959
0.769921515117560
0.781400300623586
0.792403445559683
0.802929589446647
0.812971182553967
0.822521782712185
0.831574641530969
0.840125367064770
0.848167765162220
0.855697787456144
0.862709924781300
0.869201060064874
0.875166808184060
0.880605850260361
0.885510650598667
0.889876260873378
0.893702940828538
0.896991337908421
0.899737100646240
0.901939423393896
0.903595712493625
0.904706173555476
0.905269096000594
0.905286787042568
0.904757704365718
0.903680110934374
0.902054189604564
0.899882824563920
0.897165255054412
0.893905949042959
0.890106216068231
0.885768999052493
0.880895403467053
0.875489801560259
0.869554105646100
0.863093172536799
0.856109535474796
0.848608829929673
0.840594426049512
0.832073138682994
0.823047823172989
0.813523521624127
0.803505630542509
0.793003126343558
0.782020720636357
0.770565977464769
0.758644582215531
0.746264620985597
0.733425696204771
0.720145539355113
0.706436887608876
0.692296590297139
0.677742857933558
0.662776186371032
0.647403127437533
0.631647662083997
0.615499941452283
0.598976926936949
0.582113432074925
0.564874136502117
0.547317592505218
0.529411669190612
0.511203585061855
0.492673406047068
0.473843684333916
0.454721869105605
0.435323607907128
0.415680983737368
0.395780423965367
0.375634535056000
0.355259194865271
0.334670608441516
0.313887213252816
0.292906869425431
0.271748253724675
0.250415137540621
0.228942132833800
0.207318067349608
0.185587458945738
0.163742631017830
0.141782804199801
0.119765597830885
0.0976568719698109
0.0754843495026906
0.0532812882484701
0.0310333527022620
0.00876831527241327
-0.0135014216362999
-0.0357479018919693
-0.0579882957219763
-0.0801814973260593
-0.102318573226336
-0.124400893022953
-0.146401194526916
-0.168313240195558
-0.190124380641008
-0.211821687528487
-0.233386672969272
-0.254810804565324
-0.276082112375091
-0.297188770267842
-0.318117554841100
-0.338847330509726
-0.359369531536476
-0.379655175080509
-0.399709053485793
-0.419530366753754
-0.439089656495453
-0.458385117557359
-0.477406985671915
-0.496133823397940
-0.514566248328297
-0.532684828297116
-0.550482464439204
-0.567941597744077
-0.585060204482767
-0.601821319959636
-0.618206832290014
-0.634220232961654
-0.649848177248634
-0.665082604031052
-0.679914801067966
-0.694336214808856
-0.708335858259871
-0.721906992825486
-0.735041842520540
-0.747731828731805
-0.759972164547778
-0.771749814875368
-0.783059645188626
-0.793887001671352
-0.804231249083138
-0.814092220279940
-0.823460358791115
-0.832328220111981
-0.840695843087881
-0.848552716758809
-0.855898417860321
-0.862725659715481
-0.869032163745856
-0.874811084214798
-0.880061265625060
-0.884779081342207
-0.888956658999370
-0.892595761166876
-0.895695621974350
-0.898253161510895
-0.900268157494896
-0.901738879319320
-0.902664383487434
-0.903043697854054
-0.902877703627103
-0.902165443049140
-0.900909541644206
-0.899107939682907
-0.896762497116785
-0.893871355547559
-0.890437829437355
-0.886466774863540
-0.881961070777317
-0.876920716055507
-0.871351968781738
-0.865256066496877
-0.858637893151017
-0.851500760307160
-0.843849590075740
-0.835687830931826
-0.827020928757833
-0.817854481160784
-0.808191984089845
-0.798039894805182
-0.787406127197282
-0.776296303294871
-0.764717804076785
-0.752677418407241
-0.740182514733311
-0.727240274636032
-0.713859030996590
-0.700046526002266
-0.685811856744313
-0.671162893932562
-0.656108243055192
-0.640656138026315
-0.624815696844625
-0.608598072567787
-0.592013604829250
-0.575071286156768
-0.557782068035324
-0.540156398503091
-0.522204563766800
-0.503937870777246
-0.485366956792383
-0.466503217854666
-0.447357476421397
-0.427942166666814
-0.408267735396504
-0.388346451273040
-0.368190695363060
-0.347813139929157
-0.327225573509677
-0.306441162256206
-0.285471745161037
-0.264330591165564
-0.243029841532919
-0.221583129144801
-0.200002769959603
-0.178302569463774
-0.156494455280077
-0.134592278179267
-0.112607996990530
-0.0905565043672457
-0.0684505928150035
-0.0463042928984678
-0.0241300004475441
-0.00194239937585707
0.0202464639848002
0.0424218457092311
0.0645716532586325
0.0866812681802325
0.108738783267575
0.130729362086429
0.152641304566102
0.174460213305304
0.196173957506727
0.217767872548507
0.239230392564177
0.260546994087382
0.281706328115844
0.302694125021141
0.323499247395250
0.344107522370697
0.364508064985746
0.384686902275821
0.404633644727904
0.424334684040870
0.443779980512939
0.462955901207882
0.481852267402563
0.500456021296594
0.518757712657110
0.536744421596940
0.554407123703389
0.571733344351646
0.588714409453898
0.605338293870594
0.621596817875147
0.637478318692733
0.652975040054652
0.668075965648143
0.682773666324874
0.697057352239262
0.710920207336609
0.724352027560618
0.737346497794920
0.749893997255652
0.761988745030633
0.773621634932062
0.784787413073757
0.795477539868786
0.805687387328666
0.815409092647105
0.824638614870739
0.833368611285724
0.841595373635883
0.849312215109333
0.856516215378499
0.863201306759160
0.869365126651863
0.875002321604742
0.880111103574094
0.884686806198334
0.888728272204675
0.892231511019672
0.895195934367179
0.897618321498033
0.899498673258660
0.900834341032948
0.901625939948382
0.901871591539701
0.901572514421608
0.900727566580853
0.899338579604277
0.897405115397767
0.894929590005396
0.891912280599041
0.888356216297081
0.884262437961733
0.879634574283271
0.874474355163359
0.868785874913144
0.862571542739974
0.855836108168795
0.848582709651840
0.840816622466596
0.832541704614835
0.823763769066784
0.814487363648896
0.804718840239598
0.794463427677203
0.783727969141012
0.772518381579784
0.760842012731477
0.748705375663352
0.736116274904158
0.723081889821280
0.709610488340683
0.695709876560758
0.681388768011349
0.666655565638595
0.651519391096641
0.635989225027120
0.620074588982182
0.603785043708185
0.587130493025605
0.570121026550020
0.552766849655037
0.535078531256034
0.517066630906269
0.498742229028446
0.480116170442234
0.461199999173904
0.442004832914404
0.422542645588648
0.402824802985924
0.382863684759576
0.362670864272513
0.342259097615624
0.321640155460018
0.300827115736477
0.279831890404488
0.258667878077316
0.237347127864970
0.215883319112565
0.194288606817134
0.172576915093055
0.150760466612662
0.128853394679561
0.106867965407353
0.0848184982491891
0.0627172790891654
0.0405787689989135
0.0184152189484767
-0.00375882278311455
-0.0259311443433085
-0.0480871085292069
-0.0702145815724324