0.816840786939423
0.826152256060596
0.312209703485497
0.849531639104549
0.853325590380013
0.860569952251408
0.871322755807420
0.875988585669925
0.882554579713876
0.888460726341708
0.893087738961761
0.897202503430871
0.900747930085154
0.903760397637662
0.906267754386380
0.908201965072946
0.909581992184970
0.910434745021191
0.910730068765033
0.910475464826899
0.909666385983711
0.908309464401550
0.906234676294254
0.903811740040375
0.900871250227029
0.897389968253037
0.893359913519866
0.888791837019293
0.883692175457245
0.878060465987882
0.871900020842117
0.865216832793597
0.862251036401529
0.855384071553261
0.847004341269654
0.838668410763456
0.829257043107078
0.819370980466486
0.809016055103351
0.798148634315857
0.786820308249996
0.775024188526208
0.762749700947104
0.750057617624368
0.736893455931956
0.723287118492364
0.709245524741171
0.694785035076744
0.679851760714330
0.664581009651429
0.648935468204801
0.632910124154602
0.616498901075555
0.599725513948878
0.582594004776126
0.565112526925351
0.547299595949673
0.529156829455474
0.511807541288056
0.494567324301828
0.475285033167431
0.456088962382976
0.436389534777204
0.416384917669967
0.396158038422301
0.375679871112811
0.354987810669380
0.334094285016246
0.313000779223079
0.291742309662432
0.270306171193601
0.248709218851401
0.226971290546182
0.205101740055566
0.183102228991531
0.161015009009265
0.138849777943383
0.116614571834676
0.0943108261073659
0.0719582518646730
0.0495714576860434
0.0271552766654030
0.00473230630288455
-0.0176898815211616
-0.0398072798500090
-0.0612768696483414
-0.0836001440287722
-0.105879684461671
-0.128130002942262
-0.150354796764174
-0.172471927360432
-0.194483559849653
-0.216371423026876
-0.238116455941569
-0.259711843959285
-0.281135789681319
-0.302383187464593
-0.323445804810009
-0.344304960317785
-0.364950046679138
-0.385370067540937
-0.405546255092023
-0.425467253321108
-0.445119960900572
-0.464499590062684
-0.483592687377964
-0.502385194843642
-0.520872241183376
-0.539038809073585
-0.556874433425743
-0.574295100386864
-0.591023421203977
-0.607689200543966
-0.624126978658352
-0.640181049730650
-0.655878525738430
-0.671175653166382
-0.686061004308893
-0.700528844249176
-0.714564651688242
-0.728163293756058
-0.741312988973463
-0.754007733235990
-0.766244454217974
-0.778013526043898
-0.789307069720000
-0.800119338485266
-0.810440684106460
-0.820263541490553
-0.829577390223874
-0.838396311298094
-0.846706464897388
-0.854498040537686
-0.861771442272677
-0.868522025480461
-0.874743291341489
-0.880415202452583
-0.885403762640790
-0.889913527908303
-0.894001786854463
-0.897555707411726
-0.900577628213627
-0.903055103771472
-0.904984464874946
-0.906366352013592
-0.907195152863995
-0.907472638639224
-0.907196370435640
-0.906367602450630
-0.904988723089617
-0.903061475747085
-0.900584722734770
-0.897562206822549
-0.893991920867887
-0.889881125453970
-0.885215563737875
-0.880020356491009
-0.874297923618530
-0.868043016482234
-0.861263144664467
-0.853961513383715
-0.846142707515615
-0.837806063659643
-0.828905826982774
-0.819495332720459
-0.809654272733442
-0.799339483082973
-0.788546791786478
-0.777278555918577
-0.765540203301843
-0.753338128829963
-0.740679831037440
-0.727571201186618
-0.714021736982563
-0.700037419211439
-0.685630027892008
-0.670806988555714
-0.655578278141832
-0.639951732356374
-0.623937301455996
-0.607544477203550
-0.590780813572141
-0.573658062796630
-0.556193407594503
-0.538391665856482
-0.520264632342470
-0.501823216936639
-0.483078780473985
-0.464040828225263
-0.444702557520618
-0.425080103421222
-0.405228472690029
-0.385148204171047
-0.364839044524193
-0.344311072100552
-0.323575377678103
-0.302644048914677
-0.281529996043135
-0.260244954357288
-0.238802498672452
-0.217214605809081
-0.195495593540323
-0.173658545774840
-0.151716890019329
-0.129683398111830
-0.107571396419520
-0.0853941969597898
-0.0631649624536831
-0.0408963465880725
-0.0186055132919071
0.00369547974805096
0.0259940910881228
0.0482760136249981
0.0705280517505081
0.0927300599740419
0.114883334760051
0.136982480529159
0.158990203093959
0.180889544164243
0.202676227632329
0.224338013760005
0.245864376889543
0.267240509075513
0.288454134584993
0.309496195320366
0.330347047287724
0.351005355471011
0.371434968190591
0.391643501081944
0.411623905834543
0.431349927263049
0.450815537523516
0.470008943968218
0.488924044373535
0.507544104247962
0.525852552352308
0.543839519977918
0.561496020165874
0.578819671924842
0.595789994206679
0.612391336336851
0.628622786939999
0.644482799837907
0.659947878727376
0.675021358806571
0.689673884781367
0.703900785773983
0.717730952486365
0.731107543325423
0.744039969618212
0.756526044078458
0.768546702781050
0.780107670227901
0.791191662903804
0.801807419258437
0.811928423829192
0.821544832797282
0.830656034649067
0.839266619279039
0.847367179357510
0.854954852831881
0.862023944501696
0.868571649040362
0.874595017678864
0.880089146828185
0.885053676485509
0.889462970994957
0.893346212387660
0.896710678839946
0.899506473299539
0.901763956140082
0.903481030111035
0.904632628160280
0.905255335122049
0.905317218228501
0.904835139013136
0.903809606322235
0.902233400819843
0.900116221311777
0.897454469454093
0.894250258546394
0.890506616796927
0.886213482925696
0.881368927240194
0.875995854757967
0.870091072164727
0.863660157582576
0.856709261183363
0.849239855744648
0.841260231483511
0.832771074365557
0.823781572822959
0.814289856597917
0.804306088704377
0.793846297308398
0.782902762945897
0.771482347464962
0.759603991343499
0.747257728843527
0.734465493087287
0.721229075191260
0.707555501835851
0.693458443726286
0.678941130921678
0.664016607009323
0.648691525812275
0.632975417636647
0.616878372278169
0.600406165395695
0.583563336682757
0.566369669462012
0.548834036075467
0.530967712658739
0.512782590731498
0.494288619707096
0.475498281150818
0.456421635803670
0.437071178516430
0.417457337451550
0.397590379160920
0.377488546324723
0.357160176088114
0.336614039837248
0.315868933707059
0.294931647388071
0.273817233180150
0.252540251880975
0.231109897592441
0.209543055492016
0.187850071767827
0.166045939590867
0.144142579977271
0.122153893822494
0.100092493502697
0.0779715021841883
0.0558001879454464
0.0335961817996355
0.0113726927988507
-0.0108558973749766
-0.0330766682446824
-0.0552754210839097
-0.0774395366124064
-0.0995547530901372
-0.121608828912882
-0.143587305206072
-0.165479467583844
-0.187268395959252
-0.208942438781836
-0.230489824551514
-0.251896463951734
-0.273149338100619
-0.294237386532375
-0.315144792991961
-0.335862011324029
-0.356373926759096
-0.376670012595997
-0.396736429164825
-0.416562555351249
-0.436135006804240
-0.455443566756197
-0.474475199807883
-0.493221559454065
-0.511668909027704
-0.529806825580249
-0.547622717633833
-0.565107327863356
-0.582248411855576
-0.599037344206309
-0.615462234439027
-0.631515039203240
-0.647184220173262
-0.662462729253855
-0.677338855834670
-0.691804945217355
-0.705851731365986
-0.719471984711263
-0.732655643097580
-0.745397151208161
-0.757686245099585
-0.769517752606501
-0.780882624641643
-0.791775637702002
-0.802188619429802
-0.812116925924840
-0.821552935271202
-0.830492705131163
-0.838929194552810
-0.846859622138022
-0.854277532422906
-0.861179524994223
-0.867559731345249
-0.873415871117945
-0.878742776820650
-0.883538869247010
-0.887799652117552
-0.891524195329924
-0.894708686314505
-0.897352964830709
-0.899453830809361
-0.901011128267661
-0.902022937517967
-0.902490109599894
-0.902410776242022
-0.901786676951185
-0.900616624513273
-0.898902665566252
-0.896644660236801
-0.893845085397330
-0.890504530778361
-0.886626147406655
-0.882211192375336
-0.877263463081122
-0.871784920214072
-0.865780128339640
-0.859251876023900
-0.852204790632665
-0.844642134213971
-0.836569326433014
-0.827990404125620
-0.818911366274849
-0.809336947733605
-0.799273679291417
-0.788726982763103
-0.777703939810326
-0.766210656457283
-0.754254441412025
-0.741842145314501
-0.728981850254254
-0.715680808863937
-0.701947544439996
-0.687790003168180
-0.673216973688339
-0.658237098919675
-0.642859571973716
-0.627093569191858
-0.610948721880667
-0.594434740935823
-0.577561640921746
-0.560339666546711
-0.542779230785611
-0.524891173143076
-0.506686046577934
-0.488174987332376
-0.469368913061038
-0.450279481106815
-0.430917894357812
-0.411296245251259
-0.391425973052880
-0.371319572844750
-0.350988703850970
-0.330446248298486
-0.309703948456940
-0.288774997006077
-0.267671438268747
-0.246406721904868
-0.224992956319206
-0.203443909133330
-0.181771718596763
-0.159990398684494
-0.138112175012081
-0.116151236783840
-0.0941198613453087
-0.0720324045838732
-0.0499011503175585
-0.0277405934539231
-0.00556300889058378
0.0166169637598021
0.0387871545088122
0.0609329660610665
0.0830423075751322
0.105100511528245
0.127095585005376
0.149012860686724
0.170840488567806
0.192563841390619
0.214171236797883
0.235648114836598
0.256983023717276
0.278161549741647
0.299172410083590
0.320001329792590
0.340637319617030
0.361066272765024
0.381277498136713
0.401257117019470
0.420994729544662
0.440476717680145
0.459693011102968
0.478630272903595
0.497278790577520
0.515625540212320
0.533661184589317
0.551373027367710
0.568752143478044
0.585786266065616
0.602466908347339
0.618782191288762
0.634724061397143
0.650281071467856
0.665445632027878
0.680206759493484
0.694557345619511
0.708486893297501
0.721988802618647
0.735053113046856
0.747673723398292
0.759841197794037
0.771549982659597
0.782791205422278
0.793559859164444
0.803847665579204
0.813650167926774