-0.747716803730997
-0.734878441284867
-0.147622580064472
-0.714195212276299
-0.696520043396799
-0.682017173326067
-0.670446703279691
-0.653321682809315
-0.638502431836800
-0.623112672190302
-0.606545599189768
-0.589637425159405
-0.572349224604327
-0.554727594447063
-0.536804863039506
-0.518537574129142
-0.499954377142455
-0.481086710709805
-0.461924380904041
-0.442486967216463
-0.422784274633598
-0.402824215368660
-0.382824482170550
-0.362396636446674
-0.341775923552459
-0.320949399110969
-0.299926552759431
-0.278726408166055
-0.257361880240736
-0.235844922267926
-0.214188559669306
-0.192406754403330
-0.175079783031840
-0.154018456308838
-0.131814414217689
-0.110108299522407
-0.0877278503871185
-0.0653193993825249
-0.0428892510702217
-0.0204171414353452
0.00204519747138871
0.0245007729290751
0.0469424989727006
0.0693204545492254
0.0916713596749198
0.113957846717096
0.136167118229251
0.158288290743510
0.180191641884910
0.202085529227749
0.223850535688776
0.245468933345862
0.266939091025809
0.288233903937892
0.309351364851867
0.330277816195069
0.350993248271837
0.371494383504440
0.390569297188307
0.408953775515680
0.428958498438738
0.448302332186739
0.467624059440063
0.486706772163572
0.505469331347225
0.523934927612760
0.542069268497210
0.559863244767122
0.577313626274104
0.594389142838460
0.611107582488484
0.627449556179778
0.643401145487884
0.658956348770703
0.674053306748975
0.688761851349323
0.703068583713325
0.716936878115689
0.730368346992718
0.743347007324795
0.755866613131454
0.767927458615674
0.779513266678997
0.790622634931752
0.800936032173645
0.810091299699101
0.819712126077492
0.828841978303147
0.837510984171914
0.845728687539647
0.853419050943841
0.860591092439174
0.867235463367225
0.873342840742622
0.878915272148356
0.883939326907839
0.888422867942959
0.892365067375126
0.895758592155710
0.898602765989635
0.900876282958333
0.902595517755929
0.903782854144526
0.904415657725083
0.904496870553354
0.904023571691445
0.902994372368203
0.901416807564705
0.899287696801745
0.896608693649599
0.893302426202236
0.889083187868421
0.884642029788882
0.879814186131943
0.874448349434792
0.868586566360783
0.862195770422415
0.855277351465607
0.847838200165171
0.839877400283460
0.831402821403163
0.822415415263877
0.812923543260036
0.802937369771571
0.792460195717876
0.781497884275802
0.770050966207485
0.758126075904042
0.745747461162417
0.732912448989756
0.719635627282154
0.705920743500050
0.691771039546030
0.677201502602363
0.662219906520497
0.646833367105645
0.631032787076719
0.614687817498385
0.598030806754087
0.581137153873155
0.563898387587200
0.546332750528289
0.528441939503618
0.510223523768861
0.491694646506347
0.472863243402668
0.453742584413318
0.434342003330583
0.414674201233111
0.394753627678297
0.374592451666636
0.354201133938508
0.333591485221436
0.312771484140077
0.291766346030861
0.270577593996174
0.249226906888600
0.227728376727413
0.206087665170168
0.184322088047446
0.162443922058426
0.140466453981962
0.118397225117939
0.0961946886968818
0.0739240079877529
0.0516780425816725
0.0294179679645827
0.00714649116204192
-0.0151248896419754
-0.0373893861456912
-0.0596330537249101
-0.0818419516756685
-0.104003440345291
-0.126103630083164
-0.148130345951753
-0.170067759565124
-0.191902936226588
-0.213622781924059
-0.235215075828715
-0.256668548805409
-0.277966173396173
-0.299095447302303
-0.320044878032986
-0.340797930315006
-0.361345434790857
-0.381674791052532
-0.401772495558101
-0.421627393082614
-0.441228267776461
-0.460584229523087
-0.479677600945637
-0.498451638245492
-0.516905985434667
-0.535043780040880
-0.552854182955015
-0.570330571366014
-0.587462167154713
-0.604239003010518
-0.620650449110925
-0.636687302888966
-0.652339499838177
-0.667597578997632
-0.682450989701108
-0.696891939911493
-0.710911027938828
-0.724501742264613
-0.737653626214332
-0.750358559171571
-0.762609283955556
-0.774397613052763
-0.785716200385511
-0.796560068553986
-0.806920595841616
-0.816792672737181
-0.826155756179876
-0.835028874116215
-0.843419368139073
-0.851286793392125
-0.858632402098814
-0.865452414004360
-0.871741141198523
-0.877512038974509
-0.882740450528748
-0.887431061522876
-0.891609627396211
-0.895221183790742
-0.898322947977111
-0.900846637382066
-0.902847086144643
-0.904297311882434
-0.905193611597770
-0.905537406629904
-0.905332551876108
-0.904605028111641
-0.903324528214045
-0.901487087409002
-0.899098714843859
-0.896166628608038
-0.892706885178282
-0.888696863632708
-0.884139590062100
-0.879037924481169
-0.873424932672231
-0.867265946077483
-0.860608817752782
-0.853416515799643
-0.845683589974204
-0.837496550317641
-0.828764415295599
-0.819524319121240
-0.809807332327238
-0.799580055483595
-0.788875985500570
-0.777690241267731
-0.766059517366668
-0.753940128107386
-0.741363335471365
-0.728337461422847
-0.714865726256172
-0.700965984830652
-0.686641612636353
-0.671899563860689
-0.656749961511847
-0.641208344709536
-0.625278342262777
-0.608971564110305
-0.592274200726973
-0.575228657546390
-0.557863348330023
-0.540136941762837
-0.522108781059319
-0.503771976624959
-0.485102261406218
-0.466165678626257
-0.446932100670778
-0.427428153340830
-0.407675782923878
-0.387667152491102
-0.367431393014190
-0.346972005014392
-0.326308660801795
-0.305446412313614
-0.284392162965489
-0.263162094949588
-0.241775621795696
-0.220242894915457
-0.198577553550865
-0.176794460114721
-0.154903640935092
-0.132924373222925
-0.110864081539342
-0.0887397303016768
-0.0665580278653556
-0.0443339241558314
-0.0220964824322516
0.000156882243516505
0.0224046542071887
0.0446272577404451
0.0668344914372274
0.0889948657046467
0.111099144921547
0.133140341252861
0.155094273033359
0.176957286939465
0.198709052706984
0.220340637934392
0.241835666578963
0.263182893347687
0.284372915947307
0.305393322317389
0.326226091705623
0.346861585899619
0.367285448852873
0.387485566764090
0.407450259612896
0.427166102337263
0.446622062051009
0.465806525111271
0.484708105598164
0.503319162483833
0.521619393358704
0.539602321029162
0.557257315710776
0.574568895730730
0.591535127475878
0.608143837597543
0.624380464174879
0.640242071189609
0.655713011005145
0.670787821383440
0.685454820716512
0.699707010098651
0.713533937109484
0.726928435255250
0.739882978976676
0.752391796144442
0.764443713005557
0.776033434398405
0.787152200669788
0.797794472321370
0.807952839491020
0.817622051345548
0.826795027725966
0.835467859909230
0.843633831208061
0.851291324327844
0.858431289891467
0.865050681836642
0.871145962577410
0.876712160795902
0.881747410667937
0.886250991361118
0.890216079148209
0.893644079358795
0.896530325261618
0.898874576362213
0.900674299941474
0.901929512143020
0.902638224658285
0.902801043176958
0.902417366474050
0.901489294849907
0.900015360300071
0.897997520942623
0.895435857562293
0.892332901372322
0.888689574111060
0.884509089366611
0.879792825603844
0.874544880735400
0.868767349317310
0.862465499212694
0.855641425297683
0.848299400496659
0.840444009544485
0.832079981701029
0.823212147464066
0.813847744022407
0.803990537997300
0.793647753053294
0.782825024016752
0.771529173716456
0.759766773719827
0.747545272665465
0.734871667090227
0.721753921862846
0.708199832465639
0.694218317571176
0.679817319116859
0.665005567486753
0.649791858796002
0.634185478553027
0.618195782732531
0.601832541130427
0.585105527095675
0.568024947933942
0.550601163943078
0.532844899844234
0.514766928532814
0.496377483539032
0.477688253476373
0.458710129086230
0.439454875033414
0.419934409547896
0.400160603215951
0.380144952908414
0.359900238639129
0.339437961693207
0.318771186425977
0.297911737952016
0.276872898504000
0.255666645205232
0.234306601520594
0.212805088284243
0.191175910375009
0.169431124307046
0.147584781973967
0.125649119095665
0.103638376564264
0.0815648684791945
0.0594429504772210
0.0372849342600551
0.0151053478303171
-0.00708347326415255
-0.0292668834122211
-0.0514329459173543
-0.0735669473333148
-0.0956567646171923
-0.117687802422489
-0.139647829196581
-0.161522211941843
-0.183299241690830
-0.204964207840149
-0.226505554678789
-0.247908752413522
-0.269162381694038
-0.290252065263101
-0.311166631283493
-0.331891844473502
-0.352416703582082
-0.372727148355448
-0.392812626681190
-0.412659353701013
-0.432257026887755
-0.451592110433274
-0.470654620064155
-0.489431321329931
-0.507912606551704
-0.526085542553299
-0.543940886154679
-0.561466032300782
-0.578652267840338
-0.595487440955828
-0.611963136014663
-0.628067633258603
-0.643792918594019
-0.659127633606696
-0.674064389572052
-0.688592310967336
-0.702704447454474
-0.716390467830925
-0.729643907721371
-0.742454959064889
-0.754817689921873
-0.766722834223084
-0.778164960250199
-0.789135345339327
-0.799629167239998
-0.809638341724098
-0.819158582478935
-0.828182401349141
-0.836706073345641
-0.844722737247035
-0.852229256578674
-0.859219407028704
-0.865690627893981
-0.871637339863166
-0.877057612698871
-0.881946593449238
-0.886302903108569
-0.890122356341974
-0.893404169271398
-0.896144804020382
-0.898344129042298
-0.899999346047225
-0.901110899986194
-0.901676716853341
-0.901697844016655
-0.901172918491518
-0.900103593562710
-0.898489224971155
-0.896332048861081
-0.893632124982578
-0.890392298937296
-0.886613381801321
-0.882298798751045
-0.877450069365307
-0.872071189261334
-0.866164390579650
-0.859734238844231
-0.852783674585768
-0.845317812231393
-0.837340287976290
-0.828856768025233
-0.819871611295287
-0.810391002486704
-0.800419966792203
-0.789965201607332
-0.779032382638426
-0.767628714820402
-0.755760557049269
-0.743435586353616