-0.7475
-0.73444
-0.7213
-0.7075
-0.6934
-0.67887
-0.66385
-0.64863
-0.63274
-0.61677
-0.60013
-0.58336
-0.56616
-0.54859
-0.53074
-0.51254
-0.49409
-0.47528
-0.45623
-0.43685
-0.4173
-0.39739
-0.37722
-0.35688
-0.33632
-0.31553
-0.29466
-0.27345
-0.25222
-0.23067
-0.20918
-0.18726
-0.1654
-0.14346
-0.12141
-0.099325
-0.07714
-0.05493
-0.032712
-0.010437
0.011816
0.034059
0.056298
0.07849
0.10063
0.12272
0.14473
0.16665
0.18849
0.21023
0.23181
0.25327
0.27455
0.29569
0.31663
0.33741
0.35796
0.37834
0.39849
0.41837
0.438
0.45735
0.47643
0.49523
0.51371
0.5319
0.54975
0.56727
0.58445
0.60128
0.61774
0.63383
0.64953
0.66484
0.67976
0.69428
0.70836
0.72202
0.73523
0.74801
0.76033
0.77219
0.78359
0.79452
0.80499
0.81495
0.82441
0.83338
0.84184
0.8498
0.85723
0.86415
0.87054
0.87641
0.88175
0.88656
0.89082
0.89455
0.89774
0.90039
0.90249
0.90405
0.90506
0.90553
0.90544
0.90482
0.90363
0.90191
0.89964
0.89684
0.89349
0.8896
0.88516
0.8802
0.87469
0.86867
0.86211
0.85503
0.84743
0.83933
0.83071
0.8216
0.81198
0.80188
0.79128
0.78022
0.76867
0.75667
0.74421
0.73129
0.71792
0.70414
0.68992
0.67529
0.66025
0.64482
-0.080938
-0.07986
-0.078915
-0.07806
-0.84147
-0.81447
-0.78742
-0.76149
-0.72887
-0.69914
-0.67237
-0.8333
-0.80822
-0.77586
-0.72223
-0.21369
-0.20221
-0.12485
-0.044774
0.23547
0.22503
0.15183
0.3648
0.51454
0.48408
0.44802
0.65518
0.67426
0.62477
0.56581
0.58153
0.54465
0.43981
0.32701
0.19075
0.15701
0.12221
-0.11023
-0.39503
-0.37406
-0.30965
-0.48916
-0.57163
-0.54311
-0.48923
-0.60309
-0.58846
-0.5069
-0.43991
-0.5161
-0.47294
-0.39652
-0.24821
-0.22183
-0.20482
-0.20739
-0.034434
0.069925
0.066012
0.043963
0.21508
0.296
0.24455
0.21444
0.36641
0.37613
0.3126
0.21624
0.26386
0.21699
0.15415
0.043719
0.038335
0.017475
-0.017967
-0.16144
-0.20808
-0.19509
-0.20357
-0.36219
-0.38884
-0.35131
-0.31406
-0.42778
-0.41387
-0.35409
-0.33578
-0.42728
-0.39477
-0.32319
-0.22439
-0.20779
-0.18402
-0.1389
-0.014741
0.010358
0.012626
0.037872
0.15844
0.16419
0.13472
0.15975
0.26058
0.23525
0.16542
0.12493
0.17141
0.14134
0.083559
0.043263
0.065029
0.03664
-0.021993
-0.10932
-0.11795
-0.11736
-0.16469
-0.2546
-0.25002
-0.2161
-0.22811
-0.29353
-0.26788
-0.21972
-0.22829
-0.26447
-0.2193
-0.14499
-0.10035
-0.10486
-0.07602
-0.014819
0.034862
0.035841
0.042676
0.088116
0.14437
0.13603
0.12154
0.16536
0.21657
0.18752
0.13803
0.14396
0.17023
0.13913
0.093158
0.090067
0.096599
0.067384
0.013086
-0.018514
-0.016384
-0.030068
-0.082071
-0.11452
-0.097025
-0.077335
-0.1045
-0.12721
-0.10076
-0.074408
-0.097967
-0.10838
-0.068686
-0.018417
-0.012061
-0.012994
0.018541
0.065135
0.07728
0.075659
0.090068
0.13183
0.15266
0.14554
0.15095
0.19182
0.20464
0.17642
0.15059
0.1669
0.17173
0.14262
0.1155
0.12493
0.12239
0.09191
0.053888
0.048389
0.047377
0.024839
-0.011361
-0.015131
-0.0012404
0.00049302
-0.024889
-0.029629
-0.011596
-0.0060677
-0.02761
-0.022861
0.0091009
0.034268
0.028111
0.034229
0.063093
0.08853
0.08509
0.085997
0.10416
0.13018
0.13187
0.12768
0.14028
0.16327
0.15668
0.13415
0.13966
0.14412
0.13625
0.12009
0.1287
0.13362
0.13866
0.14526
0.15287
0.16113
0.16962
0.18392
0.19118
0.18877
0.18979
0.19386
0.1988
0.20632
0.21754
0.23338
0.24151
0.24288
0.2435
0.24376
0.24271
0.23658
0.23687
0.24453
0.25473
0.26498
0.26948
0.26951
0.26917
0.26848
0.26756
0.26734
0.26873
0.27373
0.27556
0.27061
0.2658
0.26114
0.25435
0.2472
0.24419
0.24428
0.24272
0.2368
0.22976
0.22249
0.21341
0.20201
0.19132
0.18355
0.17582
0.16844
0.16079
0.15162
0.14123
0.13047
0.11964
0.10873
0.097491
0.08651
0.075852
0.063011
0.049153
0.035862
0.022929
0.010136
-0.0027893
-0.015324
-0.028059
-0.042853
-0.05881
-0.074785
-0.091043
-0.10803
-0.12522
-0.14115
-0.15649
-0.17182
-0.18747
-0.20377
-0.22032
-0.23678
-0.25307
-0.26912
-0.28504
-0.30073
-0.31616
-0.33216
-0.34873
-0.36518
-0.38138
-0.39722
-0.41252
-0.42722
-0.44161
-0.45654
-0.47191
-0.48718
-0.50237
-0.5177
-0.53284
-0.54705
-0.56045
-0.57339
-0.58595
-0.59837
-0.61083
-0.62318
-0.63515
-0.64666
-0.65774
-0.66835
-0.67841
-0.68821
-0.69795
-0.70738
-0.7163
-0.7247
-0.73254
-0.73974
-0.74633
-0.75265
-0.75885
-0.76467
-0.77005
-0.77507
-0.77968
-0.78356
-0.78664
-0.78909
-0.79104
-0.79251
-0.79359
-0.79424
-0.79438
-0.79394
-0.79294
-0.79137
-0.78924
-0.78663
-0.78365
-0.78021
-0.77621
-0.77164
-0.76647
-0.76068
-0.75432
-0.74752
-0.74041
-0.73287
-0.72487
-0.7164
-0.7075
-0.69802
