-0.0691
-0.091277
-0.11336
-0.13539
-0.15733
-0.17917
-0.20091
-0.22253
-0.244
-0.26534
-0.28652
-0.30757
-0.32842
-0.34904
-0.36949
-0.3897
-0.4097
-0.4293
-0.44873
-0.4679
-0.48677
-0.50536
-0.52364
-0.54163
-0.5593
-0.57664
-0.59362
-0.61021
-0.6265
-0.64235
-0.65788
-0.67283
-0.68749
-0.70172
-0.71554
-0.72892
-0.74188
-0.75441
-0.76647
-0.77806
-0.78919
-0.79986
-0.81003
-0.81966
-0.82882
-0.8375
-0.84565
-0.85331
-0.86044
-0.86707
-0.87317
-0.87876
-0.8838
-0.88831
-0.89228
-0.89572
-0.89861
-0.90093
-0.9027
-0.90394
-0.90463
-0.90479
-0.9044
-0.90347
-0.902
-0.89997
-0.8974
-0.8943
-0.89064
-0.88644
-0.88169
-0.87643
-0.87063
-0.86431
-0.85746
-0.8501
-0.84223
-0.83385
-0.82496
-0.81557
-0.80569
-0.79533
-0.78447
-0.77314
-0.76133
-0.74907
-0.73636
-0.7232
-0.70961
-0.69559
-0.68115
-0.6663
-0.65104
-0.6354
-0.61936
-0.60295
-0.58617
-0.56904
-0.55156
-0.53375
-0.51561
-0.49717
-0.47843
-0.4594
-0.44008
-0.42051
-0.40067
-0.3806
-0.36029
-0.33977
-0.31903
-0.2981
-0.27699
-0.25572
-0.23429
-0.21272
-0.19102
-0.16921
-0.1473
-0.12529
-0.10321
-0.081067
-0.058868
-0.036638
-0.014383
0.0078781
0.030137
0.052374
0.074582
0.096732
0.11883
0.14086
0.16281
0.18465
0.20639
0.22801
0.60444
0.61711
0.62948
0.64154
-0.1109
-0.072206
-0.03406
0.0041427
0.03848
0.074893
0.1113
0.24263
0.26765
0.29955
0.32014
0.38003
0.41
0.40636
0.50992
0.81326
0.82419
0.77248
0.67809
0.61486
0.64134
0.67015
0.9335
1.0189
1.0181
1.0607
1.2743
1.2601
1.2704
1.1797
1.0778
1.0733
1.0611
1.1513
1.061
1.0549
1.0148
0.75916
0.65597
0.68591
0.70591
0.7489
0.78086
0.78745
0.85148
0.81938
0.82871
0.85064
0.756
0.67588
0.7088
0.75103
0.95968
1.0239
1.0166
0.99555
0.97165
0.99558
1.0072
1.0178
1.1711
1.2033
1.1692
1.2101
1.1923
1.146
1.0731
0.89944
0.8586
0.84101
0.84127
0.89553
0.8856
0.83834
0.77055
0.60829
0.56722
0.57567
0.56099
0.54988
0.53408
0.54285
0.56903
0.46795
0.44603
0.41159
0.3244
0.30975
0.33429
0.39161
0.50741
0.51304
0.47883
0.43936
0.39211
0.38223
0.36431
0.36501
0.42531
0.39681
0.36973
0.37332
0.34432
0.28647
0.19241
0.10747
0.111
0.096296
0.10451
0.12422
0.083311
0.027652
-0.062583
-0.17942
-0.20756
-0.22846
-0.2598
-0.28306
-0.29767
-0.28674
-0.30847
-0.37007
-0.39432
-0.43971
-0.48976
-0.49034
-0.4664
-0.40698
-0.372
-0.40486
-0.43322
-0.47227
-0.51019
-0.52279
-0.54164
-0.52235
-0.49285
-0.50932
-0.51305
-0.51418
-0.54101
-0.59253
-0.66776
-0.69806
-0.69225
-0.6991
-0.68858
-0.69079
-0.7284
-0.77455
-0.8497
-0.89933
-0.90735
-0.92297
-0.93027
-0.92858
-0.92106
-0.90221
-0.92677
-0.9609
-0.97554
-1.0039
-1.0193
-1.003
-0.96735
-0.91647
-0.90788
-0.92347
-0.93144
-0.94924
-0.95619
-0.95142
-0.94454
-0.906
-0.88117
-0.87512
-0.85909
-0.85658
-0.87329
-0.90372
-0.9365
-0.92536
-0.90444
-0.89036
-0.86716
-0.85988
-0.87119
-0.89221
-0.92454
-0.92593
-0.91464
-0.90804
-0.8892
-0.86681
-0.8401
-0.81832
-0.82886
-0.83342
-0.8301
-0.831
-0.8127
-0.77503
-0.72559
-0.67837
-0.66465
-0.655
-0.64161
-0.63488
-0.61943
-0.59775
-0.56635
-0.51987
-0.4899
-0.46412
-0.44461
-0.42965
-0.42851
-0.43848
-0.41925
-0.39599
-0.37085
-0.34525
-0.32126
-0.29823
-0.27526
-0.25563
-0.23475
-0.21166
-0.18959
-0.16523
-0.14097
-0.11828
-0.09718
-0.078767
-0.057527
-0.032825
-0.010078
0.012868
0.039988
0.068353
0.09315
0.11794
0.14499
0.17098
0.1923
0.21335
0.23594
0.25801
0.27881
0.2994
0.32138
0.34414
0.36444
0.38484
0.40532
0.42476
0.44175
0.45675
0.47347
0.48999
0.50703
0.52596
0.54474
0.56288
0.58125
0.60011
0.61766
0.63261
0.64686
0.66096
0.67491
0.68893
0.70304
0.71677
0.72984
0.74211
0.75366
0.76438
0.77478
0.78558
0.79624
0.80658
0.81674
0.82612
0.83398
0.84045
0.84658
0.85315
0.85955
0.86546
0.87135
0.87742
0.88272
0.88633
0.88908
0.89122
0.8926
0.89354
0.89454
0.8954
0.89574
0.8955
0.89469
0.89324
0.89115
0.88885
0.88631
0.88315
0.87939
0.8751
0.8702
0.86457
0.85841
0.85214
0.8457
0.83878
0.8314
0.82372
0.81566
0.8068
0.79722
0.78718
0.77677
0.76599
0.75483
0.74323
0.73121
0.71873
0.7058
0.69244
0.67867
0.66465
0.65041
0.63578
0.62073
0.60528
0.58939
0.57304
0.55634
0.53949
0.52253
0.50534
0.48788
0.4702
0.45229
0.43401
0.41531
0.39629
0.37704
0.35761
0.33805
0.31834
0.29845
0.27837
0.2581
0.23766
0.21704
0.19631
0.17554
0.15471
0.13377
0.11272
0.091588
0.070344
0.049008
0.027659
0.0063745
-0.014872
-0.036108
-0.057305
-0.078443
-0.099575
