0.8166
0.82572
0.83466
0.84289
0.85073
0.85805
0.86477
0.87117
0.87674
0.88212
0.88665
0.89093
0.89457
0.89764
0.90023
0.90224
0.90379
0.90458
0.90496
0.90475
0.90407
0.90275
0.90086
0.89851
0.89563
0.89217
0.88827
0.88366
0.87871
0.87302
0.86706
0.86009
0.85289
0.84518
0.83694
0.82825
0.81902
0.80934
0.79919
0.78849
0.77738
0.7658
0.75373
0.74117
0.72819
0.71478
0.70092
0.68666
0.67195
0.65684
0.64136
0.62548
0.60925
0.59261
0.57566
0.55831
0.54065
0.52259
0.50421
0.48558
0.46664
0.44744
0.42797
0.40824
0.38828
0.36807
0.34764
0.32702
0.30619
0.28516
0.26395
0.2426
0.2211
0.19946
0.1777
0.15583
0.13387
0.11183
0.089727
0.067566
0.045364
0.023135
0.00088365
-0.02138
-0.043657
-0.065879
-0.088059
-0.11018
-0.13223
-0.15421
-0.17608
-0.19785
-0.2195
-0.24102
-0.26239
-0.28361
-0.30466
-0.32552
-0.34618
-0.36664
-0.38687
-0.40688
-0.42664
-0.44614
-0.46536
-0.48431
-0.50296
-0.52131
-0.53935
-0.55707
-0.57446
-0.5915
-0.60817
-0.62448
-0.6404
-0.65594
-0.67108
-0.68582
-0.70014
-0.71404
-0.7275
-0.74053
-0.75311
-0.76524
-0.7769
-0.78809
-0.79881
-0.80905
-0.81879
-0.82802
-0.83675
-0.84499
-0.85272
-0.85994
-0.86664
-0.87282
-0.5235
-0.53725
-0.55056
-0.56348
-1.3402
-1.325
-1.3096
-1.2934
-1.2802
-1.2642
-1.2473
-1.1348
-1.1277
-1.1129
-1.1086
-1.064
-1.0485
-1.0658
-0.97493
-0.68339
-0.68337
-0.74509
-0.84864
-0.92002
-0.90076
-0.87824
-0.6203
-0.53932
-0.54357
-0.5034
-0.29139
-0.30614
-0.29553
-0.38489
-0.48467
-0.48595
-0.49405
-0.39874
-0.4831
-0.48223
-0.51448
-0.76137
-0.85486
-0.81432
-0.78279
-0.7274
-0.68212
-0.66138
-0.58234
-0.59851
-0.57241
-0.53284
-0.60902
-0.66988
-0.61685
-0.5537
-0.32337
-0.2367
-0.22077
-0.21783
-0.21696
-0.16763
-0.12988
-0.092452
0.08837
0.14867
0.14348
0.21372
0.22598
0.21028
0.16853
0.02655
0.017965
0.033119
0.066592
0.15452
0.17868
0.16599
0.13316
0.0062454
0.00082563
0.045355
0.06701
0.092552
0.11373
0.15973
0.22334
0.15993
0.17586
0.17942
0.13038
0.15399
0.2169
0.31265
0.46693
0.51108
0.5154
0.5144
0.50559
0.53408
0.55442
0.59325
0.69154
0.70088
0.71144
0.7525
0.76073
0.73988
0.68253
0.63402
0.67365
0.69472
0.73836
0.79309
0.78683
0.76538
0.70889
0.62533
0.62999
0.64141
0.64183
0.64976
0.66581
0.70677
0.71449
0.68172
0.68565
0.66779
0.6446
0.67019
0.7196
0.80377
0.86278
0.8532
0.84735
0.83002
0.81305
0.82059
0.82108
0.85888
0.90607
0.90644
0.91868
0.93266
0.92007
0.88191
0.81915
0.80037
0.81681
0.81967
0.83899
0.84465
0.81398
0.77384
0.70376
0.65825
0.65343
0.64005
0.63407
0.63612
0.64305
0.66036
0.63332
0.59577
0.57678
0.54314
0.52145
0.53065
0.5582
0.60007
0.59874
0.57231
0.55261
0.52216
0.50168
0.49202
0.48361
0.50599
0.51382
0.50201
0.49936
0.48237
0.44536
0.39381
0.33915
0.32763
0.32514
0.31506
0.31337
0.29506
0.25745
0.20945
0.14949
0.11981
0.10219
0.079253
0.067963
0.05965
0.055096
0.045063
0.0021971
-0.0352
-0.065201
-0.099878
-0.11579
-0.11276
-0.09836
-0.086556
-0.1086
-0.13506
-0.15809
-0.18807
-0.20959
-0.22515
-0.23121
-0.22239
-0.23026
-0.24248
-0.26111
-0.28439
-0.32158
-0.36994
-0.38915
-0.40433
-0.41766
-0.43047
-0.44487
-0.46017
-0.47544
-0.49392
-0.51101
-0.52571
-0.54126
-0.5543
-0.56721
-0.58142
-0.59695
-0.61486
-0.62962
-0.64057
-0.65312
-0.66508
-0.67246
-0.67817
-0.68698
-0.69535
-0.70095
-0.70712
-0.71741
-0.72742
-0.73534
-0.74318
-0.7517
-0.75981
-0.76589
-0.77054
-0.77699
-0.78262
-0.78748
-0.79266
-0.79956
-0.80769
-0.81334
-0.81841
-0.82217
-0.82323
-0.82364
-0.82386
-0.82302
-0.82083
-0.81909
-0.81909
-0.81891
-0.81799
-0.81634
-0.8137
-0.81008
-0.80591
-0.8015
-0.79694
-0.7922
-0.78734
-0.78188
-0.77506
-0.76744
-0.7592
-0.7502
-0.74101
-0.73241
-0.72424
-0.71548
-0.70532
-0.6944
-0.68302
-0.67074
-0.65733
-0.64378
-0.63098
-0.61814
-0.60498
-0.59168
-0.57793
-0.56323
-0.54778
-0.53199
-0.5159
-0.49954
-0.48297
-0.46622
-0.44885
-0.43091
-0.4128
-0.3945
-0.37596
-0.35728
-0.33857
-0.31968
-0.30018
-0.28015
-0.25992
-0.23949
-0.21871
-0.19768
-0.17683
-0.15612
-0.13527
-0.11425
-0.093053
-0.071723
-0.050319
-0.028869
-0.0074104
0.014029
0.035457
0.056877
0.078423
0.1001
0.12173
0.14325
0.16466
0.18589
0.2069
0.22779
0.24873
0.26974
0.29067
0.31145
0.33213
0.35266
0.37288
0.39271
0.41225
0.43155
0.45063
0.46952
0.48818
0.50657
0.52463
0.54237
0.55975
0.57677
0.59345
0.60986
0.62594
0.64163
0.65691
0.67177
0.68617
0.70011
0.71364
0.72682
0.7396
0.75194
0.76384
0.7753
0.78626
