-0.0688224103051471
-0.0909863703440395
-0.113226956291863
-0.135267189430196
-0.157236773106210
-0.179120572108151
-0.200896466108730
-0.222550710718440
-0.244070396098802
-0.265442404653481
-0.286654019503542
-0.307691874957525
-0.328543855236327
-0.349197219768464
-0.369638370209134
-0.389853594735454
-0.409835819928252
-0.429571332298392
-0.449045108285970
-0.468238919733460
-0.487155649362803
-0.505748503276230
-0.524064415293606
-0.542063403829543
-0.559733879717068
-0.577066529696949
-0.594049686953950
-0.610669371234875
-0.626921689411588
-0.642799263683784
-0.658286399601262
-0.673364589817655
-0.687980382850574
-0.702122571494558
-0.715967117194522
-0.729381188324622
-0.742351966866788
-0.754875935832384
-0.766940263972522
-0.778540200676112
-0.789666292560520
-0.800320773117028
-0.810489262978943
-0.820159725060067
-0.829345286273445
-0.838024148209612
-0.846187281664758
-0.853834915182284
-0.860974431979332
-0.867598331960516
-0.873695408783724
-0.879265673108139
-0.884302180800153
-0.888804876455460
-0.892767963403772
-0.896193475913387
-0.899075300449346
-0.901412748758688
-0.903180900320825
-0.904367605064925
-0.905059397326356
-0.905218499344051
-0.904827649450980
-0.903891756893601
-0.902406417516515
-0.900376340336320
-0.897799124423718
-0.894681420408329
-0.891020606150936
-0.886821101923930
-0.882084191555632
-0.876816309928986
-0.871012143325117
-0.864679938033210
-0.857825218470363
-0.850457223236416
-0.842572750364545
-0.834180704281875
-0.825281697582434
-0.815885401245917
-0.805993077173273
-0.795615554547521
-0.784754646854215
-0.773420005319811
-0.761607319635482
-0.749321353704005
-0.736590931079308
-0.723432415351234
-0.709835285812912
-0.695810738444556
-0.681363012700911
-0.666504560553839
-0.651240556091119
-0.635584513960281
-0.619542141709506
-0.603126248938027
-0.586343446982266
-0.569208155105688
-0.551725353569408
-0.533908815840557
-0.515767843949554
-0.497318318707945
-0.478566875138759
-0.459527424280015
-0.440208262793986
-0.420624136885572
-0.400783840671061
-0.380702464644638
-0.360389324757198
-0.339858931455748
-0.319118576445322
-0.298180549115691
-0.277061847406335
-0.255784419603137
-0.234353821189480
-0.212782465482202
-0.191081165829862
-0.169264885226920
-0.147344934109585
-0.125336515031538
-0.103251348876375
-0.0811041723241520
-0.0589068997216861
-0.0366745985407941
-0.0144189953325438
0.00784570751816700
0.0301064540215752
0.0523479505125783
0.0745556963521303
0.0967137978126052
0.118820918248880
0.140855541214177
0.162805206122845
0.184656529847775
0.206396344804360
0.228011626749846
0.249490278409731
0.270820439521546
0.291987536228907
0.312975138800414
0.333771237626556
0.354364668072694
0.374736256340054
0.394888098439549
0.414803349180635
0.434467222913951
0.453869241678037
0.472996112773836
0.491838005504870
0.510381649132231
0.528617796406654
0.546533662786463
0.564120530827093
0.581366190332345
0.598257814898401
0.614782657907548
0.630940546336179
0.646718116393211
0.662105879890880
0.677091849985715
0.691669929232006
0.705828286843439
0.719561872491478
0.732859613323780
0.745716430779099
0.758119581344684
0.770064730932687
0.781541468256704
0.792545140810871
0.803068561519269
0.813110246581664
0.822658435962672
0.831711279114347
0.840259071485523
0.848300956969129
0.855827688259719
0.862839153166082
0.869326700356134
0.875291035997755
0.880723982833744
0.885625609337668
0.889987551970542
0.893813984357293
0.897099186107864
0.899844627647601
0.902043356431410
0.903699122523142
0.904805847187200
0.905368119865454
0.905380639757921
0.904848534947853
0.903766314629374
0.902139498929844
0.899963875915828
0.897245811360696
0.893982309791647
0.890181754481028
0.885840567440941
0.880966377943309
0.875556758532587
0.869620320831121
0.863155319877106
0.856170988708137
0.848666266293409
0.840651026808095
0.832124830505581
0.823097692970291
0.813569386888952
0.803551468574476
0.793045680571283
0.782063240159533
0.770605292436823
0.758683827457633
0.746300772286048
0.733466302535312
0.720189501250085
0.706470257198660
0.692335985422285
0.677768333484348
0.662803137379606
0.647436829877336
0.631664894917773
0.615537685290645
0.599019137763888
0.582136190138817
0.564903858269618
0.547345827524030
0.529448238472572
0.511223992847631
0.492696801066776
0.473853704480462
0.454749628893247
0.435364682821883
0.415699349221842
0.395799283100194
0.375658478281915
0.355286989753232
0.334692519000257
0.313909853745108
0.292937025941134
0.271771048939933
0.250442913908996
0.228957359531959
0.207349757064900
0.185612873662532
0.163761031622963
0.141820426379383
0.119790987696194
0.0976827112447974
0.0755102467907326
0.0533008001947313
0.0310619789993663
0.00879855272117143
-0.0134677078529962
-0.0357318601234197
-0.0579655652372662
-0.0801601526229673
-0.102298132687376
-0.124367873354902
-0.146372578802416
-0.168286291764455
-0.190093866090570
-0.211790485241873
-0.233355651852878
-0.254780717115104
-0.276049828129636
-0.297153423269258
-0.318079871689937
-0.338816606393263
-0.359333574288979
-0.379618368440969
-0.399675876017151
-0.419490115592230
-0.439050166383339
-0.458347289783819
-0.477365507177852
-0.496096235737084
-0.514523680211094
-0.532641317203032
-0.550435741717581
-0.567900041199935
-0.585017859426553
-0.601777005060577
-0.618162625323508
-0.634171926375548
-0.649798495220987
-0.665034440995684
-0.679864240194007
-0.694284803535733
-0.708283560054245
-0.721855516096813
-0.734987989128542
-0.747678127110262
-0.759915662285830
-0.771695647892512
-0.783002964927497
-0.793830583436787
-0.804174851247572
-0.814035126562632
-0.823400399556151
-0.832270896347932
-0.840636052582130
-0.848495184858582
-0.855838339648681
-0.862666115504514
-0.868970231835455
-0.874751763593521
-0.880001734294426
-0.884719643978407
-0.888896490717487
-0.892535951021304
-0.895633534117785
-0.898193212050928
-0.900206786596145
-0.901678613570303
-0.902602950076429
-0.902984309178022
-0.902816932043334
-0.902106585622181
-0.900848876528332
-0.899049698486552
-0.896703058248387
-0.893813893643567
-0.890379998385850
-0.886410957971727
-0.881903390153975
-0.876866055777554
-0.871296386833967
-0.865203142357788
-0.858584192452422
-0.851449164262617
-0.843797024854537
-0.835638111343276
-0.826971525764517
-0.817807249887465
-0.808144485639928
-0.797994914822299
-0.787360267506525
-0.776253240361349
-0.764674653197409
-0.752636800995353
-0.740141769547383
-0.727202464593540
-0.713821265105992
-0.700011616777995
-0.685776849531886
-0.671130739908427
-0.656076368471575
-0.640627054621226
-0.624787265341282
-0.608572570989242
-0.591988106382216
-0.575048816552166
-0.557760262968965
-0.540137480097855
-0.522186404625672
-0.503922383762983
-0.485352095020188
-0.466491196338976
-0.447346728741585
-0.427934123242130
-0.408260621666402
-0.388342108817224
-0.368187160668018
-0.347812208976924
-0.327225860752249
-0.306444000070308
-0.285475760582205
-0.264337210713054
-0.243037819126892
-0.221593603442768
-0.200014573045172
-0.178316698079903
-0.156510068817860
-0.134610151288725
-0.112627537348970
-0.0905783349552641
-0.0684738323015178
-0.0463296097377392
-0.0241570486436131
-0.00197143254816812
0.0202156743681667
0.0423892434826205
0.0645373754014861
0.0866452667860256
0.108700835760497
0.130689766816813
0.152599942352380
0.174417335634668
0.196129317792541
0.217721970109912
0.239182604551168
0.260498021950466
0.281655506387042
0.302642240706808
0.323445437212008
0.344052797922067
0.364451449209407
0.384629590211828
0.404574434843025
0.424274910520372
0.443718258378442
0.462893688947895
0.481788233092839
0.500391774426030
0.518691563982462
0.536678174086653
0.554339011620574
0.571665314587435
0.588644599790571
0.605268741243422
0.621525430899068
0.637407296109705
0.652902305898565
0.668003791188599
0.682699817368129
0.696984286886821
0.710845503150968
0.724278225590667
0.737271120991578
0.749819684983009
0.761912883652985
0.773546986667821
0.784711290442453
0.795402822437891
0.805611275414725
0.815334530620896
0.824562699945485
0.833294347419329
0.841519860862581
0.849238576458589
0.856441383990520
0.863128455171260
0.869291164002718
0.874930483834216
0.880038260106429
0.884616235447118
0.888656751505775
0.892162355686195
0.895125943223699
0.897550845467288
0.899430445243396
0.900768767817039
0.901559716189107
0.901808113423374
0.901508475963278
0.900666380931076
0.899276915592363
0.897346391754459
0.894870486687465
0.891856223980980
0.888299890796506
0.884209241197395
0.879581193147208
0.874424151042953
0.868735586125475
0.862524537371421
0.855789121368903
0.848539045378803
0.840773070320215
0.832501528201160
0.823723810217505
0.814450832238312
0.804682614475304
0.794430645146028
0.783695592651864
0.772489489628025
0.760813619699303
0.748680490201951
0.736091990304189
0.723061114913431
0.709590400129986
0.695693298176252
0.681372960441744
0.666643252113325
0.651507934302007
0.635981250562235
0.620067564545936
0.603781477019726
0.587127952755696
0.570121894729129
0.552768818061578
0.535083880752941
0.517073166102808
0.498752084554997
0.480127279531416
0.461214367623037
0.442020526960096
0.422561534186221
0.402845081379270
0.382887071984019
0.362695702293408
0.342286966570211
0.321669534410050
0.300859433471274
0.279865777333382
0.258704602817894
0.237385468509969
0.215924389351510
0.194331336845383
0.172622256595051
0.150807507775296
0.128902928277028
0.106919240389797
0.0848721406744333
0.0627726935776833
0.0406364107514507
0.0184746556311231
-0.00369729218141277
-0.0258677884613934
-0.0480218052623211
-0.0701474379315406