-0.747495900053650
-0.734672074928054
-0.721038467350114
-0.707369086000879
-0.693277792707558
-0.678758110757212
-0.663825895943169
-0.648491298858256
-0.632767599557082
-0.616659886290062
-0.600180900721969
-0.583336326748016
-0.566140639680419
-0.548602628859662
-0.530729501921774
-0.512528385079406
-0.494027480687886
-0.475230083902853
-0.456140646059204
-0.436765587748862
-0.417147944675880
-0.397758647417916
-0.377622464067858
-0.357258739281101
-0.336677862372038
-0.315893716747245
-0.294918096162379
-0.273760122775688
-0.252439377704259
-0.230969886348951
-0.209359141967108
-0.187614485417110
-0.165643381518363
-0.143500145072802
-0.121480587020033
-0.0993883574427478
-0.0772342858599265
-0.0550332726653242
-0.0327972821265229
-0.0105390110338872
0.0117267631610578
0.0339806477685666
0.0562148394215848
0.0784213652599056
0.100570659384826
0.122664237944907
0.144647092530888
0.166403967569089
0.188204749454774
0.209934271482253
0.231536443132517
0.252999679218737
0.274309430290613
0.295454193511355
0.316419567697807
0.337193287993160
0.357762222785495
0.378117350839098
0.398281851453866
0.418266436253167
0.437900529517510
0.457251726193876
0.476326095146771
0.495114498006908
0.513603267636922
0.531783641887330
0.549641704650953
0.567167915120325
0.584349875218119
0.601180735424537
0.617645772658282
0.633737648894822
0.649431741815764
0.664689518593281
0.679561339081444
0.694071508793118
0.708164116551078
0.721830180804772
0.735058328559720
0.747843491962458
0.760174771438588
0.772047506205923
0.783451449770786
0.794384524856451
0.804848581929774
0.814852051520339
0.824339815405128
0.833304962832189
0.841762726834766
0.849714134512880
0.857150391808748
0.864070872019554
0.870467215849487
0.876339132607469
0.881678947357531
0.886488044207935
0.890758969399686
0.894492537505466
0.897678125429987
0.900307258946859
0.902387238336519
0.903944870957068
0.904962595422515
0.905435596091499
0.905358883298691
0.904736847917769
0.903565330642462
0.901849424539601
0.899585671286125
0.896780715403734
0.893435754576198
0.889562258406468
0.885145814023428
0.880182714939009
0.874680473205171
0.868651818350544
0.862096053700997
0.855021601990523
0.847428092746370
0.839324473836430
0.830711018568280
0.821597600229624
0.811985202740035
0.801883679620477
0.791293094309930
0.780220459998626
0.768670470300957
0.756664848853888
0.744204396077595
0.731304789663685
0.717944872559704
0.704162558296466
0.689954079177676
0.675328380318129
0.660293986067550
0.644860639474179
0.629038757560135
0.612840304395345
0.596271631222397
0.579337120176089
0.562048074409869
0.544427947247159
0.526465093311702
0.508188520468829
0.489605536307021
0.470725230580749
0.451561612047542
0.432123762105584
0.412425842142818
0.392477275821436
0.372291718288721
0.351877801057974
0.331251227401334
0.310431195144807
0.289417929090828
0.268226883261809
0.246878244895743
0.225379205306461
0.203748108053542
0.181992696830427
0.160128063608347
0.138165746126495
0.116121250049227
0.0940071616036496
0.0718376243926396
0.0496221403079193
0.0273750651016654
0.00511220618746070
-0.0171546719198339
-0.0394135700897544
-0.0616469498548654
-0.0838433591519572
-0.105988756876274
-0.128070195323964
-0.150074021455888
-0.171987178788449
-0.193796608049085
-0.215489604297666
-0.237052856559661
-0.258470480000159
-0.279732634247387
-0.300826561237904
-0.321738810397701
-0.342454976391858
-0.362963408142503
-0.383251458842661
-0.403308346228454
-0.423120757480719
-0.442677773838353
-0.461965839118247
-0.480974918160466
-0.499692844110273
-0.518110574264036
-0.536214053222049
-0.553994380598886
-0.571439681965392
-0.588540324659429
-0.605283613311426
-0.621662132759926
-0.637663307860064
-0.653280252406089
-0.668500661243726
-0.683318426184674
-0.697721691962173
-0.711704891534854
-0.725255439467399
-0.738368864258205
-0.751034602102936
-0.763248109858295
-0.774997712164842
-0.786280051618668
-0.797084583887968
-0.807409080617489
-0.817242766995670
-0.826574273761950
-0.835408034149040
-0.843736405213627
-0.851566670352983
-0.858868280801392
-0.865663337011790
-0.871935015808740
-0.877664928160107
-0.882893214804819
-0.887566068872689
-0.891699353183366
-0.895296039123414
-0.898370198394886
-0.900883337840952
-0.902841736135451
-0.904270082326952
-0.905129726583913
-0.905478444860950
-0.905269753448437
-0.904489730614636
-0.903189826414715
-0.901340005801461
-0.898937606367973
-0.895981266667433
-0.892502009203724
-0.888484785369524
-0.883901698129371
-0.878782846967561
-0.873128223402265
-0.866978926862762
-0.860291144556628
-0.853089895988042
-0.845384413210653
-0.837161992959044
-0.828424534538891
-0.819167305989557
-0.809438309517836
-0.799222122460498
-0.788515579907631
-0.777321932130273
-0.765654939447801
-0.753545707969884
-0.740958505590905
-0.727937950648796
-0.714479392421023
-0.700568617719677
-0.686241131008314
-0.671493868319847
-0.656345050279115
-0.640801165462242
-0.624870794193517
-0.608556063622556
-0.591879302261569
-0.574836043362934
-0.557434840469316
-0.539726556550763
-0.521704327045030
-0.503364686286357
-0.484719425819048
-0.465771710645048
-0.446544928091731
-0.427047620787242
-0.407296169400612
-0.387302252056212
-0.367076257987723
-0.346623416985178
-0.325959436116108
-0.305103610212316
-0.284063230628788
-0.262841476569023
-0.241469196568598
-0.219943986909290
-0.198286755958848
-0.176511278582462
-0.154631234401130
-0.132659340121740
-0.110609389283862
-0.0884928464619006
-0.0663245721505321
-0.0441139541392429
-0.0218764005914520
0.000367376479268715
0.0225987096773257
0.0448146552902664
0.0670046088103842
0.0891550377061786
0.111251525917058
0.133279977163222
0.155225008609077
0.177073448164895
0.198812543887188
0.220432060078618
0.241918551235328
0.263256638782480
0.284433557210488
0.305441081445746
0.326261960986962
0.346885105887654
0.367299150200407
0.387488840910229
0.407443027198391
0.427148481003162
0.446594550350027
0.465768651553218
0.484660664426237
0.503258404082335
0.521552423861655
0.539527244309710
0.557170732260711
0.574473260638015
0.591429293378485
0.608026610961191
0.624257300470789
0.640108456956596
0.655572422576931
0.670636822778464
0.685295610989287
0.699538063407220
0.713358962983260
0.726745998858551
0.739693913558144
0.752193102905842
0.764238854959811
0.775819822336787
0.786933476111138
0.797568548212060
0.807722219796221
0.817384391543458
0.826553336648096
0.835219524156937
0.843382128342474
0.851032099776542
0.858169440080965
0.864784439673367
0.870876285039233
0.876437103813898
0.881469906104648
0.885967343444771
0.889931532677122
0.893354866534847
0.896239991138514
0.898579858502110
0.900378283044211
0.901629369032184
0.902337937330421
0.902498036420315
0.902114662829518
0.901183084221562
0.899709433583477
0.897688786554361
0.895128089504412
0.892023256663630
0.888381479364577
0.884199371432734
0.879485083631113
0.874235934509358
0.868460817043674
0.862157699675379
0.855336122584946
0.847994315720265
0.840141757187283
0.831777500664745
0.822912906993287
0.813548183707574
0.803694626714218
0.793352527816297
0.782533538355897
0.771238558145240
0.759479914288458
0.747259405868751
0.734590023445477
0.721474020220926
0.707924546922242
0.693944588278047
0.679547978129044
0.664738119959095
0.649529116226062
0.633925096317114
0.617940408462709
0.601579716635365
0.584857816399732
0.567780028405203
0.550361474748661
0.532608066741097
0.514535173026495
0.496149135454136
0.477465258521715
0.458490381400133
0.439240461018609
0.419723254871869
0.399954702729207
0.379942760163504
0.359703317626266
0.339244782502139
0.318583163994802
0.297727454249404
0.276693786316339
0.255491564781997
0.234136776788275
0.212639233208188
0.191014975655935
0.169274193894045
0.147432754709287
0.125501244242803
0.103495387525552
0.0814260733078181
0.0593088932070913
0.0371551045243596
0.0149801165388199
-0.00720450698735135
-0.0293836023653184
-0.0515453853445969
-0.0736750831157163
-0.0957607309305918
-0.117787714091383
-0.139743644888769
-0.161614255785033
-0.183387119618766
-0.205048457168801
-0.226585726097865
-0.247985548999491
-0.269235214406985
-0.290321743290107
-0.311232332333187
-0.331954535700875
-0.352475521511863
-0.372783321943248
-0.392865066154920
-0.412709360520344
-0.432303346343162
-0.451636195457899
-0.470695103766053
-0.489469833516829
-0.507947625018253
-0.526118844299373
-0.543970822406175
-0.561494568348347
-0.578677559212535
-0.595511512577417
-0.611984100501735
-0.628087679006820
-0.643810009681294
-0.659144117472892
-0.674078033328440
-0.688605562321074
-0.702715010187166
-0.716400914808406
-0.729651837018840
-0.742463036506263
-0.754823368206881
-0.766728868632241
-0.778168741636225
-0.789139785882990
-0.799631550993265
-0.809641621569262
-0.819159937442772
-0.828184864805703
-0.836706754978190
-0.844724762342345
-0.852229658763338
-0.859221377747404
-0.865691138012025
-0.871639661156845
-0.877058645313872
-0.881949616617643
-0.886304784822929
-0.890126448420973
-0.893407287342092
-0.896150350573905
-0.898348860895703
-0.900006668154699
-0.901117560123686
-0.901686150567799
-0.901706780458668
-0.901184800907004
-0.900115120357046
-0.898503831607267
-0.896346439503819
-0.893649759862935
-0.890409890468752
-0.886634354096794
-0.882319860484374
-0.877474620757611
-0.872095961345125
-0.866192762505021
-0.859762969640269
-0.852816104344172
-0.845350735595707
-0.837377007413664
-0.828894121306194
-0.819912827022691
-0.810432967067553
-0.800465862639094
-0.790011972578315
-0.779083147492936
-0.767680478257241
-0.755816345650581
-0.743492480910800