0.816318310359799
0.825658445273103
0.834265423642131
0.842636275432089
0.850514565814754
0.857878682866386
0.864722362052907
0.871042009577727
0.876837995656916
0.882102290944578
0.886834920226547
0.891028201706579
0.894684494917784
0.897799848629163
0.900367872131944
0.902381979815895
0.903863300617170
0.904801416202275
0.905185754346200
0.905004507483344
0.904303594039701
0.903507150695160
0.901686879362439
0.899322143111659
0.896411742090079
0.892960246445191
0.888967783117317
0.884429494011543
0.879361067116816
0.873769150033695
0.867645541569319
0.860979075235702
0.853623764369861
0.845622716568272
0.837447704215453
0.828769545768254
0.819586252727585
0.809909208498563
0.799737546099884
0.789079211710821
0.777939529400073
0.766340125349247
0.754274423558014
0.741738359800918
0.728774626889357
0.715359910265435
0.701540189134575
0.687430947613886
0.672769682525230
0.657664060478914
0.642158965651838
0.626265993890011
0.609992750510127
0.593350682944670
0.576348395706509
0.559000187920747
0.541313077664349
0.523295397920065
0.504899048867407
0.486101168812186
0.467158867809249
0.447966773150555
0.428501554304551
0.408777258887024
0.388803149879893
0.368592698449272
0.348157419773022
0.327513505288237
0.306670730933023
0.285640366499574
0.264438418897505
0.243078661034293
0.221580401509459
0.199990419440007
0.178263879388972
0.156385714443324
0.134408633813465
0.112350523477078
0.0902233690226623
0.0680419092833799
0.0458183057345545
0.0235680483414668
0.00130319708326370
-0.0209645195368198
-0.0432412622944947
-0.0655306978165603
-0.0877488843260713
-0.109872547481229
-0.131927441022154
-0.153903396068649
-0.175787379108187
-0.197566311466090
-0.219226659758764
-0.240754618647610
-0.262136805648469
-0.283361795270377
-0.304415522417911
-0.325284382400292
-0.345952771861116
-0.366398443106860
-0.386619394387543
-0.406626552249723
-0.426395720284379
-0.445908171812126
-0.465150620505367
-0.484112711032878
-0.502781489972101
-0.521146959895682
-0.539196346529665
-0.556921783948739
-0.574317178131648
-0.591381709291566
-0.608083966617897
-0.624398295336692
-0.640326652016527
-0.655869352869193
-0.671014887872000
-0.685756716764483
-0.700083158637678
-0.713987958805798
-0.727459669692826
-0.740493427906402
-0.753078303019290
-0.765209081080634
-0.776874098978346
-0.788066167517762
-0.798776924323510
-0.809012799367450
-0.818760092430718
-0.828018587477288
-0.836765790809590
-0.845018099511655
-0.852759285301537
-0.859984910166925
-0.866690330872934
-0.872872266225052
-0.878529035970898
-0.883660743917924
-0.888259167452338
-0.892312258977537
-0.895819312037459
-0.898792615320887
-0.901201349652789
-0.903076618909410
-0.904408885488685
-0.905192453495727
-0.905430853726602
-0.905119874880438
-0.904263847648702
-0.902858924954675
-0.900909514696376
-0.898411463845431
-0.895371758229414
-0.891797385478130
-0.887675743990199
-0.883009541170318
-0.877818791232874
-0.872097321700613
-0.865853987945351
-0.859084546817060
-0.851797992841259
-0.843994032970827
-0.835683122541585
-0.826866774928297
-0.817554055172591
-0.807741721653441
-0.797439796035175
-0.786653674444971
-0.775390468891827
-0.763654991430289
-0.751463296727556
-0.738815076811454
-0.725722522238794
-0.712188876162261
-0.698226935513925
-0.683840509471934
-0.669042545117641
-0.653837096059092
-0.638238179438698
-0.622253502834169
-0.605892975090844
-0.589160990733179
-0.572075173960110
-0.554644209716503
-0.536881219505572
-0.518791897589200
-0.500390776295117
-0.481685089706887
-0.462690346027483
-0.443414800640031
-0.423873616787722
-0.404073470519410
-0.384028924666094
-0.363749822694039
-0.343251430762046
-0.322542627826466
-0.301641429821786
-0.280556954129675
-0.259304245183518
-0.237893450672633
-0.216340068425117
-0.194654658633440
-0.172852562523497
-0.150944574331245
-0.128946135273224
-0.106869391038140
-0.0847288287120190
-0.0625347847859240
-0.0403033587160646
-0.0180479684062983
0.00421681145930316
0.0264792914513374
0.0487252531600745
0.0709419947098649
0.0931079712269049
0.115218532899246
0.137266148015285
0.159230684931038
0.181099947317407
0.202860199632571
0.224498185931815
0.246000033242767
0.267355529514632
0.288546931109280
0.309563163045052
0.330392180854319
0.351024370871403
0.371435099368947
0.391617743288409
0.411573281260783
0.431276022104080
0.450728815968352
0.469905070627223
0.488790381393481
0.507390543315230
0.525681527520273
0.543650616615484
0.561288747667937
0.578592155459395
0.595547759429186
0.612130649190250
0.628339933059392
0.644170863871148
0.659629169798719
0.674678270894966
0.689328864365963
0.703563986832168
0.717371005263758
0.730741823295013
0.743657059199756
0.756137509324047
0.768160143462084
0.779717027187422
0.790789639984240
0.801386799572200
0.811511273208137
0.821118658214868
0.830236083337173
0.838847265776931
0.846941196523105
0.854527422773785
0.861587734411439
0.868135535522013
0.874156817316148
0.879651511309652
0.884605891753224
0.889032725531859
0.892915915053903
0.896251446863613
0.899060130840774
0.901322695487031
0.903040562304506
0.904209541412242
0.904821877029313
0.904892217876441
0.904413127965943
0.903392405138503
0.901825932268070
0.899717575191475
0.897059158703431
0.893859477316669
0.890121469639445
0.885840235689894
0.881004101893006
0.875641122944571
0.869742482130647
0.863321196954849
0.856375518776728
0.848916037937068
0.840942900176131
0.832464905380765
0.823480835590477
0.814002699260773
0.804029616424990
0.793572048483823
0.782635588448024
0.771231873759198
0.759360195956976
0.747030517751858
0.734245361849517
0.721019370430356
0.707356075418322
0.693270176248857
0.678764891483069
0.663853571616547
0.648538171755988
0.632833212357279
0.616745095510964
0.600286086766873
0.583455409270626
0.566273990033163
0.548748428228873
0.530894061849190
0.512717945684506
0.494235586370429
0.475454469071706
0.456389758826362
0.437048280488406
0.417445921194163
0.397590472444139
0.377497274622972
0.357175813936677
0.336643161380791
0.315906737745697
0.294981664591039
0.273876779190511
0.252608755304430
0.231187929874968
0.209630719778395
0.187947369671431
0.166153553270747
0.144258961444673
0.122279148357318
0.100225526903210
0.0781133363265135
0.0559513827312229
0.0337560598595785
0.0115404451667746
-0.0106802357527946
-0.0328938950177061
-0.0550854188039639
-0.0772426219992156
-0.0993508720577324
-0.121398259054163
-0.143370511567730
-0.165255250247944
-0.187038700175855
-0.208708071205141
-0.230249230421380
-0.251649838476017
-0.272897335118828
-0.293979237066001
-0.314882716128421
-0.335594603569368
-0.356102511044156
-0.376393453879952
-0.396455899284750
-0.416277274015528
-0.435846740994981
-0.455151307682272
-0.474180539590928
-0.492922462558701
-0.511367324769789
-0.529501625889876
-0.547315880531009
-0.564797395914893
-0.581937479297767
-0.598723610854014
-0.615147872921523
-0.631198115385912
-0.646867213604308
-0.662143126633568
-0.677019424508360
-0.691484246905681
-0.705531605901787
-0.719149963318962
-0.732334572041164
-0.745074351409153
-0.757365016979530
-0.769195479175692
-0.780562105810690
-0.791454232516323
-0.801869157773949
-0.811796781273063
-0.821235290234282
-0.830174855984155
-0.838614313741742
-0.846544530633069
-0.853965313766306
-0.860867437754183
-0.867251086338467
-0.873107700870720
-0.878438430415558
-0.883235223024734
-0.887500057108812
-0.891225465619427
-0.894414272672890
-0.897059515952611
-0.899164763240376
-0.900723570299127
-0.901740169043968
-0.902208639780367
-0.902134149968211
-0.901511487966325
-0.900346477156765
-0.898634324147401
-0.896381491714265
-0.893583794123965
-0.890248478583398
-0.886372054041042
-0.881962527560731
-0.877016995681935
-0.871544072898753
-0.865541539107428
-0.859018766845113
-0.851974011262654
-0.844417041596496
-0.836346747394063
-0.827773613116419
-0.818697194299504
-0.809128578190121
-0.799067988177272
-0.788527103206482
-0.777506783454851
-0.766019220072235
-0.754065890069699
-0.741659447504666
-0.728801969014289
-0.715506633327259
-0.701776215973036
-0.687624320672698
-0.673054264370808
-0.658079998001431
-0.642705437903738
-0.626944934833529
-0.610803045698165
-0.594294492155654
-0.577424419171149
-0.560207819983805
-0.542650421710233
-0.524767523522352
-0.506565379086701
-0.488059407294840
-0.469256369844006
-0.450171917963458
-0.430813372195125
-0.411196547412072
-0.391329290571857
-0.371227547452760
-0.350899664278888
-0.330361655630162
-0.309622331581427
-0.288697728617368
-0.267597092642794
-0.246336472033391
-0.224925576441372
-0.203380419895663
-0.181711088037534
-0.159933483054747
-0.138058060130008
-0.116100613389666
-0.0940719731955227
-0.0719877957288606
-0.0498592462651848
-0.0277017765105065
-0.00552685101231457
0.0166502962583273
0.0388179312973663
0.0609611313707480
0.0830679471420558
0.105123749895775
0.127116354851739
0.149031464169654
0.170856698325183
0.192578125637688
0.214183203713651
0.235658410598259
0.256991080771605
0.278168139601596
0.299176832070930
0.320004553695548
0.340638469284231
0.361066469824686
0.381275694796622
0.401254583603428
0.420990280595998
0.440471782948484
0.459686253502291
0.478623266724493
0.497270038981478
0.515616759626936
0.533650737214086
0.551362793296379
0.568740356062341
0.585774920629135
0.602454083154586
0.618770017943284
0.634710492838696
0.650268373157000
0.665431632798327
0.680193847752510
0.694543227823750
0.708474079139924
0.721974880919636
0.735040686351443
0.747660273493004
0.759829451890726
0.771537316950224
0.782780439677331
0.793548266721565
0.803838150915782
0.813639918845170