-0.74748
-0.73436
-0.72114
-0.70755
-0.69324
-0.67886
-0.66382
-0.6484
-0.63293
-0.61657
-0.60013
-0.58339
-0.56603
-0.54862
-0.53079
-0.51261
-0.49414
-0.4754
-0.45629
-0.43693
-0.41724
-0.39729
-0.37716
-0.35685
-0.33622
-0.31552
-0.29458
-0.27334
-0.25218
-0.23063
-0.20901
-0.18729
-0.16537
-0.14339
-0.12143
-0.099294
-0.077117
-0.055009
-0.032678
-0.010442
0.011753
0.034024
0.056244
0.078426
0.10058
0.12267
0.14468
0.16668
0.18853
0.21021
0.23184
0.25328
0.27455
0.29573
0.31664
0.3374
0.358
0.37832
0.39848
0.41838
0.43798
0.45734
0.47643
0.49518
0.51368
0.53188
0.54971
0.56723
0.58441
0.60123
0.61769
0.63378
0.64949
0.66482
0.67977
0.69426
0.70835
0.722
0.73521
0.748
0.76032
0.77217
0.78358
0.79451
0.80496
0.81494
0.82439
0.83335
0.84182
0.84976
0.85719
0.86412
0.87051
0.87637
0.88171
0.8865
0.89078
0.89451
0.8977
0.90036
0.90248
0.90403
0.90504
0.9055
0.90542
0.90479
0.90361
0.90188
0.89962
0.89681
0.89346
0.88957
0.88514
0.88016
0.87466
0.86863
0.86207
0.855
0.8474
0.83929
0.83067
0.82156
0.81194
0.80184
0.79125
0.78019
0.76865
0.75665
0.74419
0.73126
0.7179
0.70411
0.6899
0.67526
0.66022
0.64478
0.62896
-0.10462
-0.10414
-0.10378
-0.1035
-0.1041
-0.86588
-0.83911
-0.80667
-0.78033
-0.95222
-0.91989
-0.89288
-0.86084
-0.59777
-0.53756
-0.51755
-0.49785
-0.31818
-0.16794
-0.15827
-0.14945
-0.14008
0.18174
0.17447
0.16275
0.15533
0.12374
0.44992
0.42434
0.39942
0.37067
0.69686
0.78551
0.7315
0.67742
0.47002
0.4288
0.38831
0.34921
0.25333
-0.037416
-0.058266
-0.06833
-0.067877
-0.27069
-0.33246
-0.32552
-0.32042
-0.31132
-0.54652
-0.52026
-0.49748
-0.45046
-0.50141
-0.57786
-0.53976
-0.50112
-0.41962
-0.59058
-0.58262
-0.53139
-0.47516
-0.27147
-0.23606
-0.20736
-0.18491
-0.053188
0.17924
0.17664
0.16545
0.16953
0.30099
0.31972
0.28958
0.25113
0.27287
0.37323
0.32868
0.28303
0.19116
0.18706
0.18558
0.14412
0.098848
0.0020078
0.030764
0.008216
-0.026385
-0.11368
-0.25514
-0.27308
-0.27516
-0.28813
-0.44124
-0.54495
-0.50736
-0.45514
-0.42096
-0.48351
-0.44745
-0.39895
-0.33259
-0.32329
-0.33641
-0.28854
-0.23685
-0.12568
-0.096076
-0.077875
-0.049402
0.010032
0.11074
0.10455
0.10407
0.10287
0.1787
0.24593
0.22992
0.20416
0.20112
0.31968
0.32898
0.27898
0.21206
0.16102
0.16696
0.13233
0.087297
0.0086807
-0.01391
-0.019422
-0.043433
-0.084218
-0.16315
-0.17775
-0.17428
-0.17209
-0.22371
-0.28558
-0.26196
-0.22973
-0.19916
-0.23024
-0.23774
-0.20121
-0.15676
-0.13969
-0.1842
-0.1601
-0.10581
-0.031257
0.015981
0.030525
0.058036
0.099649
0.17453
0.19836
0.19523
0.1943
0.22028
0.26555
0.26061
0.24068
0.22625
0.26207
0.28546
0.25145
0.2058
0.16801
0.17321
0.15997
0.12479
0.080434
0.062257
0.076476
0.059201
0.025002
-0.029188
-0.055426
-0.055531
-0.059262
-0.084865
-0.13302
-0.1335
-0.10752
-0.081407
-0.082917
-0.092229
-0.068118
-0.033316
-0.0090786
-0.022523
-0.01896
0.017481
0.064451
0.10059
0.10614
0.11946
0.14552
0.18362
0.19877
0.18895
0.1894
0.20298
0.23165
0.23679
0.22205
0.20997
0.2228
0.24549
0.22852
0.19129
0.15885
0.14884
0.13553
0.11969
0.096786
0.087359
0.091236
0.097926
0.10691
0.12165
0.13222
0.13837
0.14648
0.1533
0.15997
0.16787
0.17702
0.1898
0.21059
0.22487
0.22483
0.22531
0.22565
0.22573
0.22698
0.22789
0.23011
0.24106
0.25049
0.25301
0.25428
0.25468
0.25443
0.25499
0.25728
0.26201
0.26898
0.27392
0.27369
0.2695
0.26436
0.25997
0.25663
0.25481
0.25567
0.25705
0.25361
0.24616
0.238
0.22976
0.22212
0.2146
0.20691
0.20128
0.19717
0.19174
0.18493
0.17728
0.16909
0.16081
0.15283
0.1458
0.13873
0.13004
0.12041
0.11031
0.099575
0.088748
0.077829
0.066752
0.056619
0.046543
0.033557
0.01784
0.0013452
-0.015065
-0.030925
-0.046355
-0.062211
-0.077899
-0.092727
-0.10763
-0.12305
-0.13879
-0.1547
-0.17045
-0.18572
-0.20064
-0.21539
-0.23057
-0.24617
-0.26183
-0.27764
-0.29349
-0.30912
-0.3244
-0.3391
-0.35346
-0.36862
-0.38501
-0.4019
-0.41859
-0.43491
-0.45084
-0.46639
-0.48141
-0.49572
-0.50967
-0.5236
-0.53753
-0.5513
-0.56477
-0.57789
-0.59056
-0.60278
-0.61475
-0.62657
-0.63809
-0.64934
-0.66035
-0.67093
-0.68098
-0.69037
-0.69917
-0.70781
-0.71663
-0.72542
-0.73383
-0.74169
-0.74897
-0.75564
-0.76168
-0.767
-0.77172
-0.77602
-0.77993
-0.78339
-0.78638
-0.78882
-0.7907
-0.79201
-0.79282
-0.79321
-0.79315
-0.79259
-0.79154
-0.78995
-0.78779
-0.785
-0.78161
-0.77776
-0.77367
-0.76931
-0.76453
-0.75918
-0.75326
-0.74673
-0.7396
-0.73186
-0.72355
-0.71475
-0.70551
-0.69582
