-0.0691
-0.091284
-0.11337
-0.13538
-0.15733
-0.17918
-0.20091
-0.22251
-0.24404
-0.26538
-0.2866
-0.30764
-0.32846
-0.34914
-0.36958
-0.3898
-0.40968
-0.42938
-0.44881
-0.46798
-0.48686
-0.50546
-0.52378
-0.54178
-0.55944
-0.57679
-0.59377
-0.61037
-0.62666
-0.6425
-0.65798
-0.67303
-0.68764
-0.70188
-0.71571
-0.72911
-0.7421
-0.75464
-0.76668
-0.77826
-0.78945
-0.80009
-0.81022
-0.81986
-0.82902
-0.83772
-0.84588
-0.85351
-0.86066
-0.86732
-0.8734
-0.87898
-0.88401
-0.88853
-0.89249
-0.89594
-0.89881
-0.90116
-0.9029
-0.90414
-0.90485
-0.90499
-0.90461
-0.9037
-0.90219
-0.90017
-0.89762
-0.89451
-0.89082
-0.88663
-0.88187
-0.8766
-0.87081
-0.86445
-0.85764
-0.85028
-0.8424
-0.834
-0.8251
-0.81572
-0.80583
-0.79545
-0.7846
-0.77329
-0.76146
-0.74919
-0.73647
-0.72331
-0.70972
-0.69571
-0.68125
-0.6664
-0.65115
-0.63549
-0.61944
-0.60301
-0.58624
-0.56911
-0.55162
-0.5338
-0.51567
-0.49723
-0.47848
-0.45944
-0.44012
-0.42054
-0.40071
-0.38062
-0.36031
-0.33979
-0.31905
-0.29811
-0.277
-0.25573
-0.2343
-0.21273
-0.19103
-0.16921
-0.1473
-0.12529
-0.1032
-0.081048
-0.05885
-0.03662
-0.014365
0.0079019
0.03016
0.052397
0.074607
0.096762
0.11886
0.14089
0.16284
0.18469
0.20642
0.22803
0.24951
0.62953
0.64217
0.6545
0.66651
0.6786
-0.072016
-0.034324
5.9852e-005
0.03698
0.17355
0.2062
0.23318
0.26483
0.43758
0.4733
0.49741
0.52111
0.4643
0.3103
0.34538
0.37999
0.41377
0.75689
0.77152
0.79025
0.80677
0.83522
0.68012
0.7037
0.72628
0.75266
1.2298
1.3552
1.3345
1.3147
1.378
1.3492
1.3263
1.3034
1.2335
0.8996
0.88843
0.8922
0.89134
1.0099
1.0566
1.048
1.0379
0.99187
0.68755
0.70434
0.72267
0.7313
0.80401
0.85656
0.86086
0.86472
0.91888
0.73439
0.7094
0.73002
0.74823
0.67019
0.67526
0.69672
0.71906
0.88666
1.1316
1.1143
1.0849
1.0387
0.90945
0.86496
0.85414
0.83415
0.8833
0.99952
0.96536
0.92562
0.9114
0.87503
0.82579
0.79149
0.74216
0.63349
0.65138
0.63362
0.60474
0.62102
0.67234
0.63768
0.59055
0.52688
0.30321
0.14625
0.14753
0.14959
0.16463
0.21556
0.20973
0.19786
0.20583
0.16315
0.098345
0.09293
0.080599
0.024062
8.5141e-005
0.0034391
0.0047081
0.051311
0.15168
0.11938
0.087281
0.056179
-0.025803
-0.097139
-0.11241
-0.12523
-0.11035
0.021209
0.032783
-0.020196
-0.064367
-0.10542
-0.16946
-0.2174
-0.26876
-0.36527
-0.40695
-0.41872
-0.44629
-0.45511
-0.42675
-0.44311
-0.48354
-0.52658
-0.63277
-0.74265
-0.75106
-0.74971
-0.74712
-0.71436
-0.70077
-0.71323
-0.7186
-0.74854
-0.83661
-0.85594
-0.84959
-0.86362
-0.87587
-0.8636
-0.85031
-0.81778
-0.74138
-0.72401
-0.74592
-0.76632
-0.80825
-0.86221
-0.87568
-0.87508
-0.8671
-0.80665
-0.76494
-0.78708
-0.81063
-0.8312
-0.86745
-0.8943
-0.91377
-0.94802
-0.96086
-0.93465
-0.93546
-0.93787
-0.91771
-0.90855
-0.92403
-0.94443
-0.99119
-1.0618
-1.073
-1.0507
-1.0263
-0.98593
-0.94557
-0.92978
-0.91655
-0.90945
-0.93765
-0.94696
-0.92371
-0.90683
-0.89338
-0.86391
-0.83204
-0.79483
-0.73859
-0.70497
-0.70488
-0.69842
-0.69807
-0.71118
-0.70688
-0.68307
-0.65301
-0.59672
-0.53265
-0.51496
-0.51632
-0.51702
-0.52486
-0.52788
-0.5287
-0.53439
-0.52516
-0.50386
-0.48187
-0.46011
-0.44059
-0.41721
-0.39191
-0.36912
-0.34579
-0.32108
-0.29782
-0.27627
-0.25731
-0.24309
-0.22643
-0.20034
-0.16726
-0.13383
-0.1013
-0.07037
-0.040753
-0.011263
0.016209
0.040676
0.061631
0.083037
0.10454
0.12537
0.14616
0.16748
0.18873
0.21299
0.23986
0.26095
0.27802
0.29517
0.3125
0.3294
0.34539
0.35907
0.37416
0.39487
0.41767
0.44061
0.46313
0.48502
0.50602
0.52596
0.54415
0.56124
0.57825
0.59501
0.61144
0.62739
0.64283
0.65785
0.67275
0.68725
0.7018
0.71595
0.72925
0.74211
0.75466
0.76627
0.77645
0.78534
0.79359
0.80257
0.81247
0.82245
0.8321
0.8414
0.85019
0.85763
0.86348
0.86822
0.87262
0.87683
0.88069
0.88409
0.88712
0.88989
0.89214
0.89383
0.89521
0.89627
0.89677
0.89667
0.89604
0.89482
0.89292
0.89017
0.88674
0.88322
0.87988
0.8764
0.87253
0.86808
0.86301
0.85729
0.85081
0.84354
0.83574
0.82754
0.81889
0.80977
0.8002
0.79011
0.77955
0.76853
0.75717
0.74555
0.73357
0.7211
0.70815
0.69474
0.6809
0.66657
0.65179
0.63678
0.62174
0.60662
0.59124
0.57548
0.55933
0.54279
0.52583
0.50842
0.49065
0.47262
0.45437
0.43588
0.41714
0.39813
0.37887
0.35937
0.33969
0.31986
0.29989
0.27973
0.25941
0.23892
0.21826
0.19741
0.1764
0.15531
0.13425
0.11325
0.09223
0.071141
0.049981
0.028752
0.0074617
-0.013911
-0.035336
-0.05675
-0.078106
-0.099403
