0.81658
0.82564
0.83452
0.84293
0.85058
0.85803
0.86473
0.87092
0.87697
0.88195
0.88672
0.89103
0.89449
0.89776
0.90037
0.90241
0.90383
0.90478
0.90511
0.90491
0.9041
0.90275
0.90094
0.89863
0.89565
0.89231
0.88836
0.88371
0.87884
0.87313
0.86699
0.86032
0.85301
0.84527
0.83714
0.8284
0.81922
0.80965
0.79936
0.78871
0.7777
0.76607
0.75398
0.74144
0.72845
0.71504
0.7012
0.68683
0.67213
0.65711
0.64156
0.62571
0.60946
0.5928
0.57585
0.55854
0.54081
0.52284
0.50442
0.48576
0.46686
0.44766
0.42818
0.40851
0.38851
0.36829
0.34791
0.32727
0.30642
0.28539
0.26418
0.24282
0.22131
0.19963
0.17787
0.15603
0.13405
0.11199
0.089893
0.067717
0.045511
0.023281
0.0010174
-0.021225
-0.043501
-0.065746
-0.087922
-0.11004
-0.1321
-0.15406
-0.17594
-0.19772
-0.21936
-0.24088
-0.26226
-0.28349
-0.30454
-0.32541
-0.34608
-0.36656
-0.3868
-0.4068
-0.42656
-0.44607
-0.4653
-0.48425
-0.50291
-0.52126
-0.5393
-0.55702
-0.57441
-0.59146
-0.60813
-0.62444
-0.64037
-0.6559
-0.67104
-0.68579
-0.70011
-0.714
-0.72747
-0.74051
-0.75309
-0.76522
-0.77689
-0.78809
-0.79881
-0.80905
-0.81879
-0.82802
-0.83676
-0.845
-0.85274
-0.85995
-0.86664
-0.87281
-0.87846
-0.52491
-0.53803
-0.55072
-0.56302
-0.5745
-1.3479
-1.3322
-1.319
-1.3026
-1.1856
-1.1717
-1.1628
-1.1482
-0.99178
-0.97146
-0.96185
-0.95177
-1.0213
-1.1871
-1.163
-1.1383
-1.1137
-0.77871
-0.77129
-0.75888
-0.74773
-0.72377
-0.88237
-0.86132
-0.84035
-0.81465
-0.33723
-0.21061
-0.22914
-0.24588
-0.17852
-0.20223
-0.2192
-0.23526
-0.29736
-0.6226
-0.62409
-0.60974
-0.5991
-0.46812
-0.40806
-0.40246
-0.39754
-0.42759
-0.7151
-0.68066
-0.64381
-0.61593
-0.5231
-0.44959
-0.42358
-0.39727
-0.31987
-0.48037
-0.48066
-0.43462
-0.39031
-0.44152
-0.40896
-0.35938
-0.30827
-0.11128
0.1637
0.17696
0.17873
0.16416
0.067228
0.055524
0.077949
0.091678
0.17501
0.32583
0.32668
0.3223
0.34382
0.34355
0.33071
0.33311
0.32075
0.24931
0.30464
0.32455
0.33351
0.3878
0.47728
0.48089
0.47212
0.44691
0.26173
0.14327
0.18305
0.22361
0.27711
0.36647
0.39898
0.42532
0.47136
0.46658
0.4395
0.47156
0.49651
0.47701
0.48979
0.52955
0.5669
0.64929
0.78509
0.78784
0.79039
0.79352
0.74533
0.70729
0.72484
0.74436
0.79102
0.95376
0.99597
0.97302
0.95831
0.94612
0.91031
0.88994
0.86549
0.7952
0.77902
0.79203
0.78852
0.803
0.85389
0.85924
0.83974
0.81684
0.72999
0.63864
0.64794
0.66613
0.68472
0.7326
0.76043
0.76133
0.76844
0.75002
0.67259
0.66295
0.6781
0.67195
0.66667
0.68497
0.70336
0.74004
0.81964
0.83927
0.81868
0.79865
0.75614
0.70064
0.68468
0.68185
0.68547
0.74063
0.77612
0.74682
0.71519
0.68561
0.63944
0.60175
0.57055
0.52364
0.49726
0.50904
0.49294
0.47437
0.47753
0.46884
0.43469
0.39479
0.32774
0.23606
0.20291
0.20253
0.20359
0.21976
0.23523
0.22541
0.21234
0.19245
0.13662
0.09901
0.093346
0.080689
0.064007
0.062766
0.06337
0.068758
0.092661
0.093443
0.060214
0.03289
-0.00098259
-0.04873
-0.079468
-0.091073
-0.096791
-0.076608
-0.048971
-0.068
-0.10635
-0.14428
-0.18959
-0.23028
-0.26895
-0.31265
-0.34156
-0.35852
-0.37487
-0.39153
-0.41047
-0.42559
-0.43877
-0.45444
-0.46952
-0.48315
-0.49813
-0.51469
-0.53369
-0.55727
-0.57823
-0.58953
-0.59362
-0.5971
-0.6012
-0.60661
-0.613
-0.61917
-0.62699
-0.63744
-0.65098
-0.66365
-0.67577
-0.68809
-0.69997
-0.7108
-0.72118
-0.72799
-0.73164
-0.74048
-0.75273
-0.76428
-0.77502
-0.78553
-0.79627
-0.80862
-0.81887
-0.82277
-0.82385
-0.82405
-0.8239
-0.8236
-0.8234
-0.82345
-0.82444
-0.82571
-0.82622
-0.82613
-0.82551
-0.8245
-0.82314
-0.82129
-0.81869
-0.81558
-0.81152
-0.80693
-0.80228
-0.79715
-0.7914
-0.78564
-0.78039
-0.77548
-0.77027
-0.76336
-0.75461
-0.74483
-0.73444
-0.72343
-0.71201
-0.70098
-0.6906
-0.68039
-0.66959
-0.65804
-0.64591
-0.63332
-0.6202
-0.60641
-0.59224
-0.57773
-0.56265
-0.547
-0.53104
-0.51481
-0.49828
-0.48147
-0.46452
-0.44759
-0.43054
-0.41278
-0.39406
-0.3747
-0.35499
-0.33509
-0.31511
-0.29506
-0.27507
-0.25518
-0.23517
-0.2149
-0.19446
-0.17387
-0.15315
-0.13234
-0.11148
-0.090514
-0.069378
-0.048003
-0.026508
-0.0050367
0.016379
0.03777
0.05912
0.080362
0.1015
0.12275
0.14428
0.16602
0.18776
0.20937
0.23081
0.25206
0.27307
0.29378
0.31425
0.33458
0.35478
0.37478
0.39458
0.41412
0.4334
0.45242
0.47119
0.48974
0.50804
0.52603
0.54371
0.56104
0.57801
0.59458
0.61075
0.62657
0.64215
0.65747
0.67244
0.687
0.70111
0.71476
0.72793
0.74059
0.75274
0.76442
0.77566
0.78645
