-0.747230025888384
-0.734401690895928
-0.148102455037985
-0.146122329965569
-0.143968929416852
-0.141643125421462
-0.139132368859557
-0.136438454638120
-0.133563988107650
-0.130511601630567
-0.638004367481118
-0.615038790255349
-0.597619045523080
-0.579892365308077
-0.561825456799893
-0.543440691029321
-0.524753336527965
-0.505769320676211
-0.486500048933486
-0.466959278867639
-0.452104994636259
-0.430141772263229
-0.409734372214136
-0.389103816866766
-0.368259592705025
-0.347215225607522
-0.325982450044684
-0.304574219582239
-0.283001894567836
-0.261381165838889
-0.240068928168946
-0.218048318222603
-0.00676187597062373
0.0734266950225653
0.0828727675835949
0.0925228020536355
-0.0603480658244065
-0.136818190315303
-0.111503916270388
-0.0878045404137671
-0.0643544371561105
-0.0408772016664613
-0.0162625761811123
0.00679482081428236
0.0299122424898218
0.0531181564885228
0.0729562842648511
0.0963024341140959
0.119714344443605
0.143073006975133
0.165901920175240
0.188733817453965
0.211579671710981
0.233138725322954
0.255217074766784
0.277314187294672
0.297935744254862
0.323612124367697
0.386515996720222
0.485675382778658
0.498318653234808
0.509012233625298
0.474614147477928
0.404232486549400
0.425147740180528
0.446004880869815
0.466092382516645
0.485879052654504
0.505891019593540
0.524976459846345
0.543189548394536
0.561233314865247
0.577392899644750
0.593953213183556
0.611098631930827
0.627976283184447
0.644141085955208
0.659767991147310
0.675248752863071
0.689374894765780
0.703240134485707
0.716955889623878
0.729401093514271
0.742829106509564
0.767100557736283
0.820947993941745
0.834922704244934
0.839126914870152
0.830944711710739
0.790189785906812
0.791072272000744
0.800838693493745
0.809860279927022
0.818228177115361
0.826349058702890
0.833811997610585
0.840132409859781
0.845976856850649
0.850667139654824
0.854652404715029
0.858907316854266
0.862775143542376
0.865988116327138
0.868447169102275
0.870512321015605
0.871568375735532
0.871875635675148
0.871890798230231
0.870995970160898
0.869843501928466
0.872140316236424
0.887796732617917
0.891591098903044
0.884841803223250
0.873681090116873
0.846020404277950
0.830519874011208
0.825076503865809
0.819716937266971
0.813692840069541
0.807236100060215
0.800302440002631
0.792442665931798
0.783997890233635
0.774831357586432
0.764879267335628
0.754859730193165
0.744547700762467
0.733747812089426
0.722320687144854
0.710477527578864
0.698013544145834
0.684849511323901
0.671376184823845
0.657368372022968
0.642919500018309
0.629461924706216
0.621337663445137
0.611232703418185
0.594235392769463
0.574698158153691
0.548178081377033
0.523253444481752
0.504983110446134
0.487789489945169
0.470233078581909
0.452369293040773
0.434265052799623
0.415667367685164
0.396670088693522
0.377332310342587
0.357544147511152
0.337671409968590
0.317739514982396
0.297630220214915
0.277223276055571
0.256621557622089
0.235802805592281
0.214647382082160
0.193369237926213
0.171953912290017
0.150358646548483
0.129129180838147
0.110053371892949
0.0915364060777813
0.0698041256835833
0.0464077808143691
0.0203864257720956
-0.00630924279090856
-0.0295558776341008
-0.0512795498196467
-0.0728858859016057
-0.0944825067906974
-0.116003799075749
-0.137551740672644
-0.159136550682235
-0.180677704030367
-0.202227804011511
-0.223637941440741
-0.244814180830654
-0.265811035877565
-0.286693932212029
-0.307441228858431
-0.328020166388624
-0.348502915726292
-0.368804707054490
-0.388873420307017
-0.408749560777042
-0.428236363535386
-0.446617746155237
-0.464008724516659
-0.482339100807835
-0.501479941305492
-0.521376323929861
-0.541748777003948
-0.560432186839166
-0.577623471967868
-0.594264865096214
-0.610560545126096
-0.626480981230067
-0.642054312207683
-0.657312608421971
-0.672207539859486
-0.686749503836674
-0.700889039879447
-0.714549386191047
-0.727742915537011
-0.740507247728088
-0.752847650815521
-0.764738432697813
-0.776209810335658
-0.787241885719583
-0.797786959970732
-0.807862268272122
-0.817392722693455
-0.826114532966393
-0.833901754234039
-0.841547734737324
-0.849321527541320
-0.857070644890190
-0.864790885459770
-0.871564109695286
-0.877103428889491
-0.881883363453328
-0.886114325271091
-0.889812506147621
-0.892978756434628
-0.895627303561316
-0.897771343488395
-0.899388016813434
-0.900462143473250
-0.901005125127443
-0.900937429930763
-0.900344047713959
-0.899197417702729
-0.897542242138904
-0.895338364157487
-0.892595031832664
-0.889327210652629
-0.885504877601574
-0.881161189106188
-0.876136377742700
-0.870359253632647
-0.864132695320870
-0.857691899999852
-0.850986632773386
-0.843999386188484
-0.836476726628374
-0.828046328493095
-0.818900254819798
-0.809233899093927
-0.799110521297808
-0.788490745243200
-0.777382595457826
-0.765837353308693
-0.753844300677761
-0.741383568012046
-0.728474744234449
-0.715107206953037
-0.701295888833868
-0.687060879889542
-0.672413476695585
-0.657375626670348
-0.641939294412797
-0.626122601727326
-0.609916631496520
-0.593339908302697
-0.576361161083109
-0.558931681889822
-0.541149806818967
-0.523185723799438
-0.505042421830080
-0.486713367528143
-0.468116012617375
-0.449073194059366
-0.429612404424061
-0.409857893819498
-0.389865425754791
-0.369638193959899
-0.349184619865946
-0.328532041040959
-0.307697296494809
-0.286667459188229
-0.265461144177597
-0.244088063046590
-0.222563156625052
-0.200902067655764
-0.179126383619871
-0.157246303716196
-0.135277773028896
-0.113232204377831
-0.0911166909711920
-0.0689474406076873
-0.0467189788766859
-0.0244265849938211
-0.00209129409603268
0.0201857636974448
0.0423767594073499
0.0644763475417592
0.0865104725850436
0.108547865465054
0.130603869939308
0.152610841967259
0.174524161841387
0.196326183194652
0.218009007518082
0.239553252196686
0.260941863572800
0.282171740250429
0.303232179896505
0.324109644134251
0.344792464605520
0.365266032458537
0.385514011379306
0.405525007625945
0.425285246709524
0.444783600784022
0.464011419558719
0.482956356846200
0.501614353389276
0.519981204630254
0.538050945023502
0.555774212682066
0.573123067126958
0.590089115272916
0.606678763633652
0.622916608943152
0.638819887705745
0.654358759816303
0.669503912419158
0.684239132694775
0.698558711040512
0.712451409321018
0.725906964319467
0.738919714561983
0.751485444805937
0.763595444494040
0.775243757586688
0.786421775763466
0.797121522088426
0.807335727053543
0.817058277891353
0.826282881511225
0.835005940704858
0.843222021874616
0.850929080440690
0.858125498540116
0.864811366107306
0.870968264753601
0.876579997116365
0.881642088506029
0.886158596641823
0.890141334221266
0.893604780360155
0.896542195020560
0.898940664786707
0.900792831520345
0.902098513069968
0.902856185473921
0.903064522562093
0.902723756644450
0.901836463347363
0.900402983721287
0.898424853534848
0.895902690123345
0.892837448409112
0.889230345315553
0.885083673484479
0.880399716853794
0.875182095733903
0.869434346661291
0.863160831117035
0.856367012177092
0.849059147710706
0.841237375207915
0.832898904090904
0.824047129313869
0.814689900894000
0.804839455887012
0.794510298483130
0.783709776734173
0.772438607856734
0.760700017220481
0.748500376906922
0.735847444151504
0.722747981159223
0.709210334900714
0.695243320336588
0.680856178048055
0.666057325423280
0.650856161266189
0.635260987447173
0.619281470671642
0.602926667329489
0.586207029603092
0.569132294242681
0.551713805502232
0.533961721539056
0.515888276256100
0.497504688671115
0.478821784269560
0.459846375566063
0.440589106161133
0.421061620367631
0.401279380730220
0.381257700638311
0.361011388804400
0.340549466292863
0.319882922094592
0.299022541687188
0.277982023394509
0.256772818507456
0.235408758790806
0.213902096077209
0.192267285858084
0.170516373659639
0.148663702664332
0.126721139125998
0.104702958004474
0.0826212116396360
0.0604904645087864
0.0383229396418052
0.0161335041261877
-0.00606554749786976
-0.0282591734049269
-0.0504347724164339
-0.0725777771414224
-0.0946777325819297
-0.116721130407985
-0.138695840446091
-0.160586057043621
-0.182377911287269
-0.204055495299179
-0.225607774037417
-0.247021649396379
-0.268286182574125
-0.289387169455710
-0.310313322534658
-0.331050664383240
-0.351587898491525
-0.371911001043370
-0.392009005827857
-0.411868335750503
-0.431478451579879
-0.450826216896556
-0.469901373946437
-0.488691021251973
-0.507185155200263
-0.525371128720312
-0.543239230059829
-0.560777167788999
-0.577975471391598
-0.594822366086967
-0.611309633639961
-0.627426708395886
-0.643165246650924
-0.658513979586484
-0.673463999023796
-0.688004176242716
-0.702127061807020
-0.715823542216026
-0.729087000115872
-0.741908316009887
-0.754280951828381
-0.766196316323829
-0.777648303599336
-0.788628763807775
-0.799132104515792
-0.809150881815802
-0.818680126413023
-0.827713110706246
-0.836245427347353
-0.844270951586329
-0.851785792939776
-0.858784439753821
-0.865263528710023
-0.871218211370844
-0.876645653284134
-0.881541698002693
-0.885904419984981
-0.889730798414486
-0.893019401125095
-0.895767367625789
-0.897973318763050
-0.899634824358272
-0.900751422903330
-0.901322143709286
-0.901347483713658
-0.900827005455731
-0.899761542876822
-0.898151310568092
-0.895997706687103
-0.893301593915169
-0.890064931311086
-0.886289339834165
-0.881977411891156
-0.877131532304392
-0.871754890629623
-0.865850563680412
-0.859422287035684
-0.852473816007925
-0.845009422840195
-0.837033548252786
-0.828551000192255
-0.819566893497543
-0.810086691512974
-0.800116400628118
-0.789662043375973
-0.778730053132513
-0.767326682000995
-0.755458822243111
-0.743133301248365