0.816417685272565
0.825732196798880
0.313238134570912
0.317304688054925
0.321227568425737
0.325003533972390
0.328617526014625
0.332066453171164
0.335347886361136
0.338459562987532
0.925132070882170
0.923556858007168
0.926808347104294
0.929566245686242
0.931781588741720
0.933458187767498
0.934600067193305
0.935199502901175
0.935255827782688
0.934768821255015
0.939744932674760
0.936550024359351
0.934385649681198
0.931691355192302
0.928449004163317
0.924681375447158
0.920389513694904
0.915564687058322
0.910205822759284
0.904206445296063
0.898427930556810
0.891471033664258
0.691003527269781
0.617002192769908
0.613841664677684
0.610323053611334
0.791608722685254
0.893404179292460
0.880113252314601
0.867844170737986
0.855402350702827
0.842462051402820
0.827880791163092
0.814384096249884
0.800364827336934
0.785722399419965
0.774536379345793
0.758881390574716
0.742533317911897
0.725679764531636
0.708854389139772
0.691460049252674
0.673521586200503
0.656429577977960
0.638219319778690
0.619436023735974
0.601747862240836
0.578284220900740
0.516312231868393
0.414471156377971
0.398746544485207
0.384713213919502
0.421927588859690
0.501817377062586
0.479417412996776
0.456414220252590
0.433632668884076
0.410597100015114
0.386827589898225
0.363427643223145
0.340410118039901
0.317001849141068
0.295207285171996
0.272406094346200
0.248334390109121
0.223991856144497
0.199840284952998
0.175698683580642
0.151191202092693
0.127605008331193
0.103786360436302
0.0796221519315724
0.0563381863643975
0.0315239584158346
-0.00482832578098659
-0.0725564343927837
-0.101175450447332
-0.120283909824515
-0.125543993203738
-0.0933672578378865
-0.107639966889402
-0.132346803153737
-0.156737661782593
-0.180858636540772
-0.205119326860715
-0.229100338351306
-0.252270069510044
-0.275337458221702
-0.297489037662623
-0.319224337238091
-0.341674107208721
-0.364067848156213
-0.386119108461507
-0.407710930213866
-0.429191455773644
-0.449902523741475
-0.470092261890337
-0.490251428216116
-0.509681668677298
-0.529087304076837
-0.552243880124965
-0.589447369175970
-0.615317818625183
-0.630735754186849
-0.641317628590021
-0.632985889131634
-0.637966635195261
-0.654326594363617
-0.670973736112840
-0.687039279076420
-0.702751339639403
-0.718049976621388
-0.732453907618268
-0.746311489449119
-0.759432243887605
-0.771723115559311
-0.783998888108838
-0.795989514308402
-0.807465738834767
-0.818268535707654
-0.828603359980794
-0.838235915695211
-0.847059147876955
-0.855484348622961
-0.863242541952631
-0.870429258881474
-0.878510842446838
-0.891953751139536
-0.903473036470300
-0.907923193778628
-0.909451569132389
-0.902730391817337
-0.897312421390137
-0.899078784594572
-0.901858869696495
-0.904029165688226
-0.905629305504726
-0.906715463694034
-0.907013252431643
-0.906610640073468
-0.905546272314533
-0.903677411799068
-0.901409928459863
-0.898764351772384
-0.895594799422416
-0.891760944740291
-0.887364557150818
-0.882367769335871
-0.876627735184407
-0.870365793406634
-0.863550033927070
-0.856127423656855
-0.848659625029912
-0.842976226685683
-0.837521207539394
-0.828426422752357
-0.817141794665963
-0.802354360583588
-0.786172754961725
-0.773299261188176
-0.761639063913983
-0.749621999368639
-0.737115931565543
-0.724182727516335
-0.710710268606058
-0.696683841235130
-0.682178405743661
-0.667124287237994
-0.651684026808727
-0.635962301043949
-0.619891583120642
-0.603398134487262
-0.586501521485595
-0.569232944005766
-0.551509622095533
-0.533420753716858
-0.515017127808689
-0.496253551162872
-0.477336662315643
-0.459002710832529
-0.441163160436982
-0.421862755704262
-0.401183076613134
-0.379048810124912
-0.355715105620746
-0.333636023857239
-0.312635225170605
-0.291672676251404
-0.270520174751272
-0.249210189105366
-0.227715602276684
-0.206007176816103
-0.184137340356064
-0.162094384112016
-0.139936215223227
-0.117755591378322
-0.0955421658090488
-0.0732603560191069
-0.0509093625144137
-0.0285222176751997
-0.00607089350179307
0.0164167958267634
0.0388844870947137
0.0613446513672841
0.0837179421876866
0.105715172399796
0.127185245666432
0.148923633764777
0.171213873639079
0.193945400648998
0.217146582023263
0.239776547785758
0.261482377336667
0.282773818410492
0.303878212556056
0.324798250501640
0.345530606233612
0.366081002687987
0.386436041489185
0.406591541907253
0.426509651715770
0.446157632521591
0.465492944892193
0.484549133441983
0.503316057829811
0.521792412888104
0.539963597554387
0.557823092516455
0.575344579465588
0.592514116692417
0.609324340648196
0.625634181503316
0.641325658299978
0.656689453702308
0.671971539043329
0.687122698345238
0.702136470756696
0.716693795049333
0.730391440709099
0.743421976841013
0.755968065372052
0.768081562335835
0.779721387045583
0.790887202568827
0.801601177092946
0.811850421869992
0.821590826169910
0.830823221544568
0.839532133353706
0.847727064945281
0.855408476407728
0.862571601325723
0.869229431969775
0.875365817170091
0.880974523102431
0.886046198802993
0.890574815747173
0.894525349896403
0.897827332870928
0.900556645516273
0.902870845974315
0.904784181428290
0.906295435642380
0.907286973600308
0.907555093371733
0.907119660599322
0.906095457509157
0.904530695755216
0.902418928869049
0.899762532741567
0.896572894652053
0.892856633067363
0.888591200874493
0.883771901705823
0.878408931332642
0.872512967968295
0.866087407227593
0.859142040939818
0.851681928756266
0.843714751457786
0.835240137368793
0.826260215922433
0.816780265288228
0.806790459033312
0.796274261519208
0.785244031692350
0.773787579010422
0.761939648763824
0.749706428839192
0.737052302524421
0.723891591111573
0.710204003492906
0.696053367216149
0.681482056240075
0.666503254085323
0.651123710804929
0.635357448541182
0.619217043590128
0.602704096620165
0.585819849344378
0.568578281364687
0.550992690776556
0.533075114828514
0.514839040639258
0.496295905901951
0.477459113623136
0.458338209313960
0.438942087339134
0.419282875520346
0.399365710057718
0.379194306646359
0.358775096295353
0.338155205650593
0.317369253804885
0.296431887659983
0.275339523925697
0.254064590776652
0.232591565013611
0.210954464724982
0.189187361050282
0.167310826867627
0.145335955666426
0.123278688383509
0.101153215504081
0.0789714668513188
0.0567405244704017
0.0344752636051025
0.0121895882299538
-0.0101008665112479
-0.0323824234985595
-0.0546401680426795
-0.0768606962342945
-0.0990299953795010
-0.121137243480261
-0.143168280820715
-0.165113225090801
-0.186961558585673
-0.208705467085139
-0.230318390613485
-0.251774134516646
-0.273055640606452
-0.294156869871031
-0.315081272056519
-0.335835176305404
-0.356400443858119
-0.376753707018264
-0.396875712843677
-0.416755576524849
-0.436379525539892
-0.455736083502800
-0.474812813486803
-0.493602168328036
-0.512092195220657
-0.530272413597597
-0.548129843402174
-0.565654384264924
-0.582833819322363
-0.599658690278618
-0.616117573669463
-0.632202559817297
-0.647903102158620
-0.663211781048513
-0.678119903586417
-0.692621987197678
-0.706704395867095
-0.720352176752688
-0.733553045063196
-0.746302031050242
-0.758597533226127
-0.770442900799047
-0.781830864562265
-0.792749774381757
-0.803187949249086
-0.813139487846795
-0.822597270188169
-0.831556180255209
-0.840009880696578
-0.847955421964059
-0.855387832072429
-0.862303410351866
-0.868696725726535
-0.874564469652799
-0.879902026936858
-0.884706867355108
-0.888975238301070
-0.892705679027584
-0.895895540540306
-0.898543946598974
-0.900649418772153
-0.902212470716096
-0.903230706138493
-0.903700522587242
-0.903618932969169
-0.902986924530421
-0.901807339192664
-0.900086156395070
-0.897825911220731
-0.895026019504788
-0.891685331938877
-0.887805419616317
-0.883388293930732
-0.878436719471641
-0.872953428722898
-0.866942410028080
-0.860407673546580
-0.853353357961390
-0.845783484997757
-0.837702507603884
-0.829115154943306
-0.820026542379420
-0.810442172524906
-0.800367893473034
-0.789810126009543
-0.778775270135383
-0.767270527472889
-0.755303163858191
-0.742880606008775
-0.730008565991783
-0.716693788155049
-0.702943872041768
-0.688768680217296
-0.674178615379023
-0.659184457044215
-0.643794073035293
-0.628015915002550
-0.611858309820533
-0.595331520144336
-0.578444853604518
-0.561209122448106
-0.543634242850478
-0.525731843714676
-0.507512112767102
-0.488986776438190
-0.470166135439385
-0.451062305329996
-0.431685936839497
-0.412049595964545
-0.392164287419224
-0.372043073959338
-0.351697250173262
-0.331140241675490
-0.310383703221847
-0.289441292530836
-0.268324030891171
-0.247044998514560
-0.225615743312766
-0.204050763054594
-0.182362964427610
-0.160567544853674
-0.138676418427521
-0.116703336020078
-0.0946598940190194
-0.0725605340819690
-0.0504173280220769
-0.0282448939190783
-0.00605540724145668
0.0161362818340904
0.0383179843027414
0.0604749836796005
0.0825952751767951
0.104664201193456
0.126669810395418
0.148597459830761
0.170435260043834
0.192168586523219
0.213785640004495
0.235271905571097
0.256615691165963
0.277802628757509
0.298821521445172
0.319658649505551
0.340303016536970
0.360740608278668
0.380960041687607
0.400947184773136
0.420691263926691
0.440179243398075
0.459401036972323
0.478343744116922
0.496997332445401
0.515349167058358
0.533389520002166
0.551106058831650
0.568489381981026
0.585527629494962
0.602211871406168
0.618530730698274
0.634475686796774
0.650035814686677
0.665203004840981
0.679966797864110
0.694319508637993
0.708251193139859
0.721754619671746
0.734820376762132
0.747441828108420
0.759610355452285
0.771319892494302
0.782562206217086
0.793331436298592
0.803619726535249
0.813421821122070