-0.0691876593833725
-0.0913305059021552
-0.165135679533279
-0.171182358089682
-0.177258639009204
-0.183360408551240
-0.189485157155374
-0.195627998533343
-0.201783898253779
-0.207947961357252
-0.287127703401333
-0.308518067752146
-0.329189301581535
-0.349673880378478
-0.369956131942135
-0.390017496737295
-0.409846730664480
-0.429430182224776
-0.448755778849025
-0.467809542387211
-0.487639938038350
-0.506408252095954
-0.524651277466873
-0.542587538325330
-0.560189411458101
-0.577466149838857
-0.594407063649781
-0.610990467475662
-0.627203928191045
-0.642825279456790
-0.658359002387449
-0.673422715441308
-0.684241651298829
-0.690428887792164
-0.696714432260799
-0.702845855664292
-0.731260656860205
-0.756585988976591
-0.768609336043743
-0.780039630323888
-0.791047913546261
-0.801584849735831
-0.811618214981537
-0.821178917063747
-0.830277069826345
-0.838840555908030
-0.847492663610216
-0.855183824688405
-0.862247662355061
-0.868752771506346
-0.874756309314554
-0.880193866706221
-0.885101257911074
-0.889568303300428
-0.893436394544992
-0.896750211030063
-0.899683606495154
-0.901896345268121
-0.902828228588326
-0.900146539156359
-0.897065197719695
-0.893725447544350
-0.896541736337197
-0.906049863611565
-0.904565153176995
-0.902419101122088
-0.899725051400455
-0.896476152669385
-0.892718609491507
-0.888404103069279
-0.883599666434307
-0.878235164006211
-0.872600184816677
-0.866359307529692
-0.859433022039893
-0.851968139328885
-0.843981370908177
-0.835466674727963
-0.826439954955815
-0.816979903097061
-0.807026494922112
-0.796578041555574
-0.785739279878836
-0.774353064925652
-0.762272231955588
-0.748391559549270
-0.733747253797928
-0.718843005045930
-0.705400718507296
-0.696822528069250
-0.683432305111709
-0.668491890340408
-0.653122618144852
-0.637369540575016
-0.621229731842602
-0.604711659259715
-0.587862340350207
-0.570639398629468
-0.553178101992743
-0.535428067477502
-0.517233209646121
-0.498707295386744
-0.479869007866229
-0.460736238889023
-0.441320865242605
-0.421665851994720
-0.401783373785494
-0.381639370014817
-0.361314301484318
-0.340756197852383
-0.319896436112244
-0.298349363442747
-0.276273280278668
-0.254106049037193
-0.232363461527636
-0.213034515147108
-0.192553238816757
-0.170749909503019
-0.148743201154966
-0.126653560993963
-0.104484760421649
-0.0822524633820758
-0.0599887583143677
-0.0376864007853618
-0.0153991136996747
0.00684384822283708
0.0291391579148271
0.0514418135450956
0.0737179267445074
0.0959478485619703
0.118125832401102
0.140222371548553
0.162209636552236
0.184108163798305
0.205874169928860
0.227509758862364
0.249048917739821
0.270616087693605
0.292240333051332
0.313687801008403
0.334753410977957
0.354552310439578
0.374058976907669
0.394095674147731
0.414069379750631
0.433796087105638
0.453260012463290
0.472450410893769
0.491345884745855
0.509940551379337
0.528213961971353
0.546133264287341
0.563738518490715
0.581024836789453
0.597964579206989
0.614537668684228
0.630742999528257
0.646564963743139
0.661980353101817
0.676996555480014
0.691596121636668
0.705768777108009
0.719530444191420
0.732922854792411
0.745984801461314
0.758622297068503
0.770734013851354
0.781967934811278
0.792481997752442
0.802855138822109
0.812918613733485
0.822507885270125
0.831598438356147
0.840186526592019
0.848262009278663
0.855820391917350
0.862856109774037
0.869352091249539
0.875321968249527
0.880776481874689
0.885702618998319
0.890092066699427
0.893942750344186
0.897253110394575
0.900012537822035
0.902225460771582
0.903890548115964
0.905003111940196
0.905573025851332
0.905620456988093
0.905171884953991
0.904201856512472
0.902663017919026
0.900425134055198
0.897463882625141
0.894068210696874
0.890258697138963
0.885937541348128
0.881080719877901
0.875691170335986
0.869769914484942
0.863319785238668
0.856344880216164
0.848843887949322
0.840825255103324
0.832304977570038
0.823285081346746
0.813767603747900
0.803757013330655
0.793260650373749
0.782280703838202
0.770825089893586
0.758902472876799
0.746517616905633
0.733674780506576
0.720399360567417
0.706716508568439
0.692624100973390
0.678107653903096
0.663125244242060
0.647644303437385
0.631787561910415
0.615621051553718
0.599109545043739
0.582236112715944
0.565014255646900
0.547448150201941
0.529546300874259
0.511335302000146
0.492796474907120
0.473952491758423
0.454847492606799
0.435444485039519
0.415794914272927
0.395881359873871
0.375749829251754
0.355374766604054
0.334771939317162
0.313982631187993
0.292990760910106
0.271836848458938
0.250502196240327
0.229033595333610
0.207443241619498
0.185720360957456
0.163863934429074
0.141862915432710
0.119782931579956
0.0976548877849022
0.0754782779796838
0.0532658337227654
0.0310289589628549
0.00876935819849004
-0.0135046071101366
-0.0357638237834007
-0.0580061211913892
-0.0802072581570337
-0.102348477309302
-0.124424926399837
-0.146431176110563
-0.168347596517323
-0.190158124629259
-0.211853805298536
-0.233426522756388
-0.254851921374189
-0.276129567305544
-0.297234907443536
-0.318164188812342
-0.338895650980147
-0.359406838696336
-0.379685122173900
-0.399741759597224
-0.419582068113243
-0.439170960981931
-0.458481899311357
-0.477507256174244
-0.496237563688637
-0.514665269999397
-0.532780734908115
-0.550577912874576
-0.568040853610045
-0.585159336571496
-0.601923741685201
-0.618310757527157
-0.634320868284979
-0.649949811342166
-0.665185339570750
-0.680015657318863
-0.694435625038984
-0.708436978427801
-0.722007932989873
-0.735143524950149
-0.747832824679450
-0.760071480155533
-0.771847676524296
-0.783152737595227
-0.793973342706779
-0.804316408170086
-0.814182776379861
-0.823562775108369
-0.832439456575529
-0.840807873431113
-0.848664209182308
-0.856006218080360
-0.862829437278877
-0.869132718321914
-0.874910700736776
-0.880158907161839
-0.884875836869513
-0.889052029239807
-0.892687925497872
-0.895785155381016
-0.898341147286002
-0.900353052017524
-0.901820913526868
-0.902744360331645
-0.903121810096980
-0.902953506896865
-0.902239232365574
-0.900980063446036
-0.899175511275674
-0.896826041317932
-0.893929418331755
-0.890492320930957
-0.886521002932034
-0.882018287558504
-0.876981199718983
-0.871411452718555
-0.865313224540509
-0.858691273468688
-0.851549959561674
-0.843894666706236
-0.835730097703861
-0.827060179822908
-0.817891181412700
-0.808225969275774
-0.798070708098613
-0.787433345816147
-0.776320909251757
-0.764739098589440
-0.752695559010470
-0.740197581656698
-0.727252886131397
-0.713868697224303
-0.700053741053640
-0.685815855349659
-0.671163939954246
-0.656105899022002
-0.640649874139982
-0.624805862599615
-0.608586447899505
-0.592001726770750
-0.575060062164740
-0.557769604054774
-0.540141751162499
-0.522186957768534
-0.503917118676792
-0.485342936545276
-0.466476659934218
-0.447328439059513
-0.427910943157895
-0.408234295019604
-0.388310788500936
-0.368152439937583
-0.347772846721530
-0.327183064144588
-0.306396525993615
-0.285424983206326
-0.264282143184820
-0.242979535917135
-0.221531244503220
-0.199949050069111
-0.178247108591285
-0.156437160513676
-0.134532979341507
-0.112546727338942
-0.0904940842514373
-0.0683878698445586
-0.0462419226617197
-0.0240673976849551
-0.00187891217281130
0.0203111665240860
0.0424879320276369
0.0646391109388745
0.0867498260356394
0.108808199094932
0.130799545794783
0.152712101626364
0.174531654023243
0.196246084927428
0.217840564459167
0.239303482204421
0.260620556263992
0.281780200024371
0.302768208696711
0.323573384783614
0.344181735036768
0.364582225058592
0.384761142514710
0.404707782043623
0.424408921867560
0.443854147019790
0.463029826806636
0.481925304161376
0.500527958461019
0.518828455755317
0.536814522414881
0.554476553210460
0.571802409842814
0.588782877927646
0.605406270534735
0.621663900962687
0.637544669930590
0.653040313949361
0.668140387686980
0.682836984300228
0.697119782331899
0.710981368476355
0.724412196937300
0.737405330738249
0.749951708014586
0.762044953829694
0.773676621881825
0.784840817631724
0.795529700876293
0.805737936273106
0.815458383148686
0.824686298572208
0.833414918561539
0.841639712486371
0.849354737259442
0.856556526664827
0.863239952341943
0.869401847071270
0.875037564397505
0.880144492393248
0.884718689598654
0.888758176137799
0.892259786829989
0.895222141340665
0.897642844756728
0.899521118593660
0.900855112187418
0.901644587018010
0.901888522225320
0.901587310784726
0.900740617215336
0.899349442618329
0.897414202678519
0.894936480231986
0.891917409463412
0.888359174612395
0.884263658616784
0.879633664530141
0.874471706909486
0.868780989962760
0.862564742640180
0.855826963450539
0.848571721095557
0.840803480233740
0.832526878235347
0.823746894134167
0.814468850091177
0.804698279849822
0.794441210242315
0.783703710840243
0.772492481973176
0.760814120212583
0.748675898135776
0.736084851235841
0.723048909512444
0.709575616951627
0.695673491755300
0.681350532895711
0.666615853230408
0.651477888705370
0.635946305799626
0.620029962118086
0.603739069245134
0.587082898539795
0.570072148908959
0.552716384588183
0.535026759347216
0.517013277075576
0.498687639585304
0.480060158976842
0.461142900311447
0.441946446741605
0.422483261339110
0.402764210431754
0.382802143510096
0.362608186685329
0.342195535083938
0.321575549330522
0.300761710339690
0.279765540485517
0.258600801606671
0.237279203833443
0.215814748994350
0.194219282195359
0.172507018144492
0.150689914202918
0.128782355113661
0.106796380521283
0.0847465167362232
0.0626448634054024
0.0405060451767166
0.0183421508825900
-0.00383215308362168
-0.0260047542966114
-0.0481609042911218
-0.0702885198726579