-0.74741
-0.73412
-0.72075
-0.70729
-0.69327
-0.67842
-0.66349
-0.6485
-0.63253
-0.61624
-0.5999
-0.58334
-0.5658
-0.54822
-0.5306
-0.51239
-0.49368
-0.47494
-0.45618
-0.43654
-0.41687
-0.39714
-0.37707
-0.35662
-0.33607
-0.31545
-0.29445
-0.27322
-0.25198
-0.23059
-0.20892
-0.18718
-0.16549
-0.14354
-0.12146
-0.099337
-0.07721
-0.055074
-0.032816
-0.010526
0.011695
0.033924
0.05619
0.078391
0.10052
0.12261
0.14463
0.16653
0.18833
0.21005
0.23164
0.25306
0.27434
0.29549
0.31644
0.33718
0.35774
0.37808
0.39817
0.41802
0.43765
0.45702
0.47609
0.49486
0.51335
0.53153
0.54939
0.5669
0.58409
0.60092
0.61738
0.63347
0.64917
0.66448
0.67939
0.69389
0.70797
0.72162
0.73483
0.74761
0.75994
0.7718
0.78319
0.79412
0.80456
0.81451
0.82397
0.83294
0.84141
0.84936
0.85679
0.86372
0.87012
0.87599
0.88133
0.88614
0.89042
0.89415
0.89734
0.89999
0.9021
0.90366
0.90467
0.90514
0.90506
0.90444
0.90326
0.90155
0.89928
0.89647
0.89312
0.88923
0.8848
0.87984
0.87435
0.86832
0.86177
0.8547
0.84712
0.83902
0.83041
0.8213
0.8117
0.8016
0.79102
0.77996
0.76842
0.75642
0.74397
0.73105
0.7177
0.70391
0.6897
0.67506
0.66001
0.64457
0.62874
0.61253
0.59596
0.57902
-0.15785
-0.15922
-0.15856
-0.35819
-0.28483
-0.25263
-0.99527
-0.9777
-0.96469
-0.75815
-0.78568
-0.80217
-0.80479
-0.7763
-0.74312
-0.71646
-0.69028
-0.6694
-0.63195
-0.60997
-0.58539
-0.56228
-0.53772
-0.42683
-0.19035
-0.1798
-0.1965
-0.18709
-0.22766
-0.23134
0.11029
0.11105
0.18587
0.30525
0.28699
0.25861
0.57582
0.55569
0.5529
0.50996
0.52346
0.47511
0.7228
0.71566
0.65553
0.46009
0.39017
0.28694
0.23964
0.21116
0.2023
0.19516
0.17669
0.076099
-0.027319
-0.060889
-0.11044
-0.1353
-0.13254
-0.21541
-0.41519
-0.41467
-0.45688
-0.49276
-0.49301
-0.50169
-0.74789
-0.74013
-0.73566
-0.75579
-0.7161
-0.61159
-0.6678
-0.66936
-0.65
-0.58541
-0.52884
-0.43752
-0.46526
-0.45848
-0.40319
-0.29016
-0.22367
-0.11106
-0.04509
-0.023989
0.02211
0.043506
0.041818
0.1144
0.2271
0.22959
0.26049
0.27693
0.24921
0.25316
0.37301
0.37657
0.38037
0.3711
0.33119
0.27684
0.38285
0.3761
0.33425
0.2894
0.22849
0.099941
0.062051
0.046628
0.017531
-0.023721
-0.061523
-0.14727
-0.16707
-0.16109
-0.19944
-0.25173
-0.27316
-0.3323
-0.38574
-0.38192
-0.40182
-0.39969
-0.36337
-0.37539
-0.45963
-0.44255
-0.43083
-0.40933
-0.34566
-0.28061
-0.30577
-0.28776
-0.25438
-0.2158
-0.16343
-0.084179
-0.10088
-0.084664
-0.033028
0.020146
0.072853
0.17504
0.22562
0.2413
0.26043
0.27381
0.27939
0.33791
0.37178
0.35609
0.36768
0.37545
0.35321
0.3575
0.38336
0.36771
0.36109
0.34403
0.29753
0.26999
0.30694
0.28694
0.25431
0.22091
0.16063
0.082963
0.068169
0.050925
0.023678
0.0012977
-0.029179
-0.088196
-0.092006
-0.088501
-0.10793
-0.12498
-0.13361
-0.17707
-0.20223
-0.19577
-0.17837
-0.15389
-0.13563
-0.16769
-0.20948
-0.20678
-0.20021
-0.19334
-0.189
-0.18534
-0.18205
-0.18527
-0.1708
-0.15079
-0.14104
-0.12911
-0.11136
-0.094
-0.081605
-0.067826
-0.043687
-0.026806
-0.01653
-0.022292
-0.031775
-0.022596
-0.0081483
0.0091904
0.028005
0.045726
0.057684
0.062751
0.074309
0.089604
0.10087
0.11133
0.12251
0.13164
0.14669
0.16703
0.18453
0.20097
0.2173
0.2278
0.23441
0.24701
0.26108
0.27507
0.28692
0.29177
0.29267
0.30029
0.31223
0.3243
0.33586
0.34638
0.35536
0.36192
0.36675
0.37125
0.3764
0.3798
0.3811
0.38106
0.38173
0.3853
0.38851
0.38989
0.39097
0.39193
0.39155
0.38942
0.38744
0.38585
0.38284
0.37687
0.36827
0.36108
0.35665
0.35252
0.34781
0.34247
0.33584
0.3271
0.31679
0.30683
0.29684
0.28635
0.27507
0.26276
0.2503
0.23899
0.22791
0.21581
0.20299
0.18987
0.17635
0.16212
0.14729
0.13219
0.11679
0.10017
0.08197
0.06381
0.046915
0.030736
0.014534
-0.0020046
-0.019007
-0.036534
-0.054586
-0.072985
-0.09141
-0.10978
-0.12834
-0.14717
-0.166
-0.18426
-0.202
-0.21985
-0.23795
-0.25601
-0.27404
-0.29223
-0.31052
-0.32862
-0.34655
-0.36462
-0.38304
-0.4014
-0.419
-0.43579
-0.45216
-0.46835
-0.48447
-0.50053
-0.51649
-0.53226
-0.54777
-0.56296
-0.57782
-0.5924
-0.60667
-0.62037
-0.63339
-0.64596
-0.65823
-0.67014
-0.68165
-0.69277
-0.70351
-0.71385
-0.72374
-0.73325
-0.74248
-0.75133
-0.75949
-0.76685
-0.77352
-0.77968
-0.78541
-0.79072
-0.79559
-0.8
-0.80392
-0.80728
-0.81008
-0.81235
-0.81408
-0.81519
-0.81563
-0.81544
-0.81472
-0.81349
-0.81174
-0.80945
-0.80664
-0.80331
-0.79944
-0.79506
-0.79022
-0.7849
-0.77899
-0.77239
-0.76516
-0.75736
-0.74908
-0.74032
-0.73111
-0.72143
