0.81648
0.82539
0.83412
0.84266
0.85056
0.85755
0.86436
0.87098
0.87646
0.88148
0.88635
0.89085
0.89408
0.89714
0.90001
0.90199
0.90319
0.9042
0.90504
0.90431
0.90347
0.90227
0.90042
0.89791
0.89502
0.89175
0.88772
0.88308
0.87812
0.87261
0.86641
0.85974
0.85274
0.84493
0.83659
0.8278
0.81861
0.809
0.7988
0.78811
0.77703
0.76546
0.75336
0.74083
0.72787
0.71441
0.7005
0.6862
0.67149
0.65636
0.64087
0.62504
0.6088
0.59217
0.5752
0.55791
0.54024
0.52225
0.50396
0.48533
0.46637
0.44714
0.42767
0.40797
0.38801
0.36781
0.34741
0.32679
0.30597
0.28495
0.26376
0.2424
0.22088
0.19923
0.17747
0.1556
0.13365
0.11163
0.089541
0.067391
0.045201
0.022987
0.00075593
-0.02148
-0.043703
-0.065908
-0.088086
-0.11021
-0.13226
-0.15422
-0.17609
-0.19784
-0.21948
-0.24099
-0.26235
-0.28355
-0.30459
-0.32545
-0.34612
-0.36657
-0.38681
-0.40681
-0.42655
-0.44604
-0.46526
-0.48419
-0.50283
-0.52117
-0.5392
-0.5569
-0.57427
-0.59129
-0.60796
-0.62426
-0.64019
-0.65572
-0.67085
-0.68558
-0.69989
-0.71378
-0.72724
-0.74026
-0.75284
-0.76496
-0.77662
-0.78782
-0.79853
-0.80877
-0.81851
-0.82773
-0.83646
-0.84468
-0.85238
-0.85956
-0.86621
-0.87236
-0.87797
-0.88307
-0.88763
-0.89165
-0.53537
-0.54646
-0.55817
-0.46935
-0.51665
-0.54294
-1.3287
-1.3081
-1.2866
-1.0835
-1.117
-1.1464
-1.1569
-1.1364
-1.1087
-1.0869
-1.0669
-1.0523
-1.0426
-1.0254
-1.0074
-0.98653
-0.96861
-0.99419
-1.1062
-1.0784
-1.0382
-1.0083
-0.95785
-0.92334
-0.54679
-0.54022
-0.4764
-0.34442
-0.34853
-0.36441
-0.52512
-0.50304
-0.51267
-0.492
-0.49731
-0.47737
-0.16148
-0.13614
-0.15162
-0.29545
-0.30752
-0.21865
-0.15592
-0.17417
-0.20027
-0.21419
-0.21143
-0.27524
-0.34313
-0.32575
-0.32529
-0.31413
-0.27548
-0.19766
-0.058004
-0.047156
-0.021033
0.0033817
0.014023
-0.0072952
-0.2553
-0.24696
-0.25709
-0.28142
-0.26362
-0.2167
-0.11657
-0.070824
-0.028648
-0.0009903
0.036693
0.10925
0.055541
0.038002
0.079536
0.18343
0.22894
0.17762
0.12769
0.16994
0.20902
0.24599
0.28243
0.39606
0.5457
0.57287
0.62804
0.66669
0.67446
0.65685
0.58798
0.58382
0.5781
0.58443
0.58932
0.60315
0.76134
0.79894
0.80986
0.81254
0.81724
0.83081
0.79921
0.77306
0.77194
0.77121
0.7539
0.66869
0.65683
0.68942
0.67167
0.63414
0.63167
0.69646
0.7811
0.79582
0.8032
0.80365
0.804
0.75194
0.63951
0.6301
0.61102
0.6038
0.61203
0.63613
0.69595
0.72761
0.75045
0.76457
0.79175
0.83333
0.77415
0.74916
0.76347
0.78331
0.78332
0.75176
0.75008
0.7654
0.76045
0.75716
0.77323
0.85052
0.89757
0.88395
0.89844
0.91289
0.90691
0.85588
0.77884
0.74134
0.71753
0.70029
0.67285
0.67417
0.73625
0.73919
0.72781
0.71088
0.69525
0.67592
0.62595
0.5835
0.55253
0.52169
0.47316
0.39887
0.38781
0.3835
0.34898
0.3129
0.2985
0.31613
0.32443
0.30966
0.29717
0.28466
0.26857
0.20741
0.14676
0.13682
0.13038
0.12244
0.11129
0.097342
0.090707
0.089071
0.072099
0.046823
0.025285
0.0062769
-0.010936
-0.02889
-0.047423
-0.063301
-0.071232
-0.088472
-0.10874
-0.11865
-0.12786
-0.14859
-0.17249
-0.19713
-0.21957
-0.2402
-0.26122
-0.28475
-0.30043
-0.3127
-0.32891
-0.34591
-0.35976
-0.36994
-0.38257
-0.40081
-0.41785
-0.43253
-0.44786
-0.46904
-0.49176
-0.50651
-0.5196
-0.53293
-0.54624
-0.55702
-0.56484
-0.57533
-0.58914
-0.60411
-0.61901
-0.63279
-0.64486
-0.6561
-0.66708
-0.67752
-0.68654
-0.6964
-0.70676
-0.71567
-0.72478
-0.73559
-0.74634
-0.75604
-0.76486
-0.77307
-0.781
-0.7888
-0.79528
-0.8006
-0.80576
-0.8097
-0.81176
-0.8139
-0.81708
-0.82085
-0.82447
-0.82711
-0.82889
-0.83048
-0.83184
-0.83165
-0.83055
-0.82896
-0.82692
-0.82431
-0.82124
-0.81828
-0.81531
-0.81176
-0.80758
-0.80283
-0.7974
-0.79138
-0.78488
-0.77786
-0.77012
-0.76165
-0.75237
-0.74261
-0.73304
-0.7235
-0.71362
-0.7032
-0.69207
-0.68017
-0.66771
-0.65482
-0.64141
-0.6274
-0.61299
-0.59815
-0.58291
-0.56748
-0.5519
-0.53599
-0.51967
-0.50291
-0.48576
-0.46828
-0.45052
-0.4323
-0.41366
-0.39456
-0.37498
-0.35511
-0.33527
-0.31544
-0.2955
-0.27535
-0.25493
-0.23418
-0.21314
-0.1919
-0.17052
-0.14899
-0.1273
-0.1055
-0.083632
-0.061769
-0.039953
-0.018114
0.0038053
0.025778
0.047791
0.069847
0.091912
0.11394
0.13595
0.15797
0.18002
0.20201
0.22379
0.24531
0.26662
0.28776
0.30876
0.32965
0.3504
0.37097
0.39132
0.41145
0.43136
0.45102
0.47041
0.48948
0.50818
0.52655
0.54461
0.56236
0.57976
0.59683
0.61355
0.62991
0.64587
0.66146
0.67669
0.69152
0.70589
0.71975
0.73311
0.746
0.75844
0.77044
0.78198
0.79305
