-0.069075
-0.091271
-0.11337
-0.13537
-0.15729
-0.17913
-0.20087
-0.22248
-0.24393
-0.26524
-0.28645
-0.30751
-0.32828
-0.34892
-0.36942
-0.38961
-0.40951
-0.42926
-0.44886
-0.46777
-0.48659
-0.50513
-0.52335
-0.54129
-0.55895
-0.5763
-0.59327
-0.60987
-0.62614
-0.64203
-0.65748
-0.67255
-0.68725
-0.70139
-0.71512
-0.72847
-0.7414
-0.75392
-0.76598
-0.77758
-0.78873
-0.79939
-0.80955
-0.81922
-0.82839
-0.83702
-0.84513
-0.85273
-0.85982
-0.86641
-0.87251
-0.87809
-0.88314
-0.88766
-0.89164
-0.89509
-0.89798
-0.90033
-0.90213
-0.90336
-0.90402
-0.90415
-0.90376
-0.90283
-0.90136
-0.89935
-0.89679
-0.89369
-0.89005
-0.88587
-0.88114
-0.87587
-0.87006
-0.86372
-0.85686
-0.84949
-0.84162
-0.83325
-0.82438
-0.815
-0.80514
-0.79479
-0.78395
-0.77264
-0.76085
-0.7486
-0.73589
-0.72273
-0.70914
-0.69513
-0.68071
-0.66587
-0.65063
-0.635
-0.61898
-0.60259
-0.58582
-0.5687
-0.55123
-0.53342
-0.51529
-0.49685
-0.47812
-0.4591
-0.43981
-0.42025
-0.40043
-0.38037
-0.36008
-0.33957
-0.31886
-0.29794
-0.27685
-0.25558
-0.23416
-0.2126
-0.19092
-0.16912
-0.14722
-0.12523
-0.10317
-0.081037
-0.058856
-0.036636
-0.014392
0.0078621
0.030112
0.052342
0.074539
0.096678
0.11876
0.14077
0.16269
0.1845
0.2062
0.22779
0.24923
0.27054
0.29167
0.31263
0.69322
0.70568
0.71673
0.82754
0.80148
0.79557
0.029446
0.068687
0.10819
0.3283
0.31101
0.29707
0.30104
0.3351
0.37565
0.40932
0.44017
0.46472
0.48349
0.50886
0.53412
0.56127
0.58458
0.56344
0.45494
0.48526
0.52711
0.55773
0.6078
0.64106
1.0154
1.0188
1.0786
1.2055
1.1954
1.1726
1.0041
1.0174
0.99804
1.0081
0.99137
0.99891
1.3015
1.3126
1.2821
1.1223
1.0935
1.1648
1.2091
1.1716
1.1254
1.0906
1.0717
0.98541
0.89427
0.88768
0.86342
0.84915
0.86168
0.91266
1.0248
1.0075
1.0049
0.99987
0.98049
0.92858
0.64945
0.62612
0.58377
0.5267
0.51127
0.52451
0.59052
0.60172
0.60895
0.60127
0.60326
0.63977
0.54971
0.49551
0.50009
0.56678
0.57485
0.48588
0.39813
0.4024
0.40337
0.40209
0.4002
0.47541
0.58655
0.5752
0.59186
0.59203
0.56135
0.50536
0.3982
0.35587
0.31216
0.28066
0.24793
0.22431
0.34528
0.3459
0.32014
0.28643
0.25501
0.23281
0.16579
0.10459
0.068841
0.033929
-0.017129
-0.1356
-0.18025
-0.17997
-0.22948
-0.29817
-0.33122
-0.29648
-0.24131
-0.25544
-0.27625
-0.30334
-0.32986
-0.40806
-0.54598
-0.58013
-0.62326
-0.65376
-0.668
-0.66558
-0.62675
-0.61531
-0.61188
-0.61629
-0.60687
-0.58216
-0.65738
-0.69752
-0.69751
-0.69108
-0.70358
-0.74671
-0.75902
-0.7535
-0.76732
-0.77858
-0.76952
-0.69829
-0.65637
-0.67419
-0.66295
-0.6508
-0.65815
-0.7096
-0.78611
-0.8221
-0.84351
-0.85745
-0.88064
-0.87411
-0.80588
-0.79588
-0.79928
-0.80727
-0.81305
-0.82163
-0.85994
-0.88979
-0.90723
-0.92371
-0.95703
-1.0152
-1.0094
-0.99589
-1.0118
-1.0284
-1.0225
-0.98385
-0.9537
-0.94583
-0.93494
-0.92333
-0.91456
-0.95017
-0.98458
-0.96757
-0.9464
-0.92609
-0.90835
-0.89278
-0.86931
-0.84026
-0.82599
-0.81945
-0.80861
-0.79476
-0.77865
-0.76283
-0.74714
-0.72833
-0.7012
-0.68298
-0.66746
-0.64123
-0.61396
-0.59792
-0.58477
-0.57211
-0.55705
-0.53998
-0.52313
-0.50861
-0.48611
-0.46006
-0.4379
-0.41646
-0.39181
-0.36348
-0.33759
-0.31733
-0.29592
-0.27222
-0.24927
-0.2323
-0.21701
-0.1939
-0.16933
-0.1452
-0.12131
-0.09512
-0.066255
-0.04036
-0.0181
0.002652
0.023097
0.044279
0.066745
0.089627
0.11232
0.13508
0.15877
0.18109
0.2024
0.2246
0.24605
0.26521
0.28382
0.30287
0.32215
0.34138
0.36022
0.37851
0.39741
0.41674
0.4355
0.45473
0.47507
0.49456
0.51222
0.52849
0.54409
0.55983
0.5756
0.59071
0.6052
0.62036
0.63555
0.65036
0.66471
0.67873
0.6923
0.70485
0.71649
0.7278
0.73879
0.74942
0.75979
0.76981
0.77936
0.78849
0.79739
0.80608
0.81462
0.8227
0.82964
0.83562
0.84098
0.84594
0.85068
0.85524
0.85945
0.86316
0.86648
0.86947
0.87197
0.87399
0.87554
0.87638
0.8765
0.8761
0.87524
0.87398
0.87228
0.87009
0.86737
0.86431
0.86089
0.85714
0.85314
0.84867
0.84345
0.83751
0.83097
0.82396
0.81657
0.80885
0.80079
0.79232
0.78339
0.77404
0.76428
0.7541
0.74346
0.73232
0.72066
0.70855
0.69609
0.68326
0.67007
0.65655
0.64269
0.62845
0.61389
0.59904
0.58396
0.56857
0.55276
0.53648
0.51982
0.50283
0.48557
0.46809
0.4504
0.43246
0.41426
0.39583
0.37719
0.35833
0.33926
0.31994
0.30036
0.28058
0.26063
0.24054
0.22031
0.19995
0.17949
0.15892
0.13825
0.11751
0.096736
0.075918
0.055007
0.033982
0.012875
-0.0082663
-0.029404
-0.050514
-0.071579
-0.092593
