0.81655
0.82555
0.83436
0.84298
0.85051
0.85776
0.86488
0.87095
0.87667
0.88221
0.88674
0.89083
0.89473
0.8977
0.90013
0.90239
0.90394
0.90481
0.90481
0.90488
0.904
0.90265
0.90107
0.89861
0.89558
0.89235
0.88833
0.88364
0.87877
0.87319
0.86689
0.86041
0.85321
0.8454
0.83716
0.82857
0.8194
0.80961
0.79952
0.78889
0.77765
0.76612
0.75414
0.74156
0.72842
0.71503
0.70117
0.68684
0.67222
0.65715
0.64158
0.62576
0.60955
0.59282
0.57588
0.5586
0.54084
0.52286
0.50459
0.48588
0.46693
0.44776
0.42832
0.40855
0.3886
0.36842
0.34795
0.32731
0.30653
0.28548
0.26422
0.24284
0.22134
0.19967
0.17792
0.15608
0.13408
0.11205
0.089968
0.067762
0.04555
0.023348
0.0010631
-0.021197
-0.043407
-0.065656
-0.087859
-0.10998
-0.13201
-0.154
-0.17589
-0.19765
-0.21932
-0.24085
-0.2622
-0.28342
-0.3045
-0.32539
-0.34606
-0.36653
-0.38677
-0.40676
-0.42653
-0.44604
-0.46525
-0.48422
-0.50289
-0.52123
-0.53928
-0.557
-0.57437
-0.59141
-0.6081
-0.62441
-0.64033
-0.65587
-0.67102
-0.68576
-0.70008
-0.71399
-0.72745
-0.74048
-0.75308
-0.76522
-0.77688
-0.78808
-0.7988
-0.80904
-0.81878
-0.82802
-0.83675
-0.84499
-0.85273
-0.85993
-0.86662
-0.8728
-0.87845
-0.88357
-0.52685
-0.53923
-0.5512
-0.56258
-0.57365
-0.58644
-1.2975
-1.2391
-1.2255
-1.223
-1.2324
-1.2158
-1.0235
-1.0281
-1.019
-1.0697
-1.0581
-1.0435
-1.0666
-1.0427
-1.1638
-1.179
-1.1474
-1.1189
-1.0795
-0.97309
-0.65772
-0.66231
-0.65338
-0.63513
-0.60926
-0.74685
-0.57196
-0.53933
-0.53008
-0.52359
-0.3519
-0.18126
-0.21165
-0.22986
-0.21212
-0.19364
-0.24528
-0.36318
-0.35567
-0.36228
-0.5239
-0.51729
-0.47205
-0.42633
-0.4245
-0.28864
-0.27036
-0.28119
-0.27779
-0.27144
-0.389
-0.51659
-0.46267
-0.41619
-0.38643
-0.355
-0.27297
-0.31907
-0.29012
-0.25273
-0.17262
-0.22678
-0.24097
-0.17165
-0.12432
-0.15868
-0.16972
-0.071837
0.018669
0.034539
0.12645
0.30124
0.2998
0.27889
0.26734
0.28564
0.23733
0.30136
0.33538
0.36391
0.37275
0.50824
0.56832
0.55503
0.54393
0.5669
0.59147
0.57594
0.58608
0.58943
0.56248
0.48588
0.52219
0.5495
0.53236
0.53039
0.60119
0.5945
0.5447
0.53182
0.55713
0.47948
0.41623
0.4653
0.52165
0.55171
0.56469
0.60104
0.59173
0.60504
0.62401
0.67569
0.63621
0.63792
0.67394
0.70611
0.69068
0.69894
0.7489
0.7744
0.78623
0.85355
0.92803
0.89857
0.88566
0.89787
0.8971
0.86818
0.89949
0.93024
0.92732
0.899
0.9541
0.97196
0.93396
0.8922
0.88841
0.88832
0.86601
0.85608
0.84366
0.80781
0.75233
0.77428
0.77204
0.74603
0.72849
0.74063
0.71389
0.66678
0.64795
0.64285
0.58025
0.5412
0.56462
0.57551
0.56355
0.55572
0.55559
0.52771
0.50898
0.5183
0.54137
0.49846
0.48265
0.49722
0.50802
0.48273
0.47067
0.48005
0.47523
0.46179
0.48141
0.49582
0.45176
0.42461
0.4145
0.39685
0.36912
0.3703
0.36982
0.34257
0.30589
0.31571
0.29936
0.2496
0.20768
0.18903
0.16515
0.13265
0.11211
0.088168
0.037113
-0.013351
-0.018317
-0.044199
-0.08234
-0.11546
-0.14436
-0.17059
-0.18718
-0.20498
-0.22026
-0.2347
-0.25724
-0.27348
-0.28213
-0.2928
-0.30618
-0.31785
-0.33129
-0.34535
-0.35448
-0.35646
-0.36754
-0.38757
-0.40319
-0.4161
-0.42762
-0.43856
-0.45329
-0.47325
-0.49238
-0.50506
-0.51809
-0.5366
-0.55677
-0.57649
-0.5929
-0.60682
-0.6237
-0.64078
-0.65609
-0.67038
-0.67888
-0.68839
-0.70142
-0.71385
-0.72387
-0.7302
-0.73433
-0.74214
-0.74989
-0.75542
-0.76021
-0.76522
-0.77087
-0.77774
-0.78391
-0.78844
-0.79235
-0.79671
-0.80098
-0.8052
-0.80916
-0.81234
-0.81618
-0.82026
-0.82173
-0.82152
-0.82127
-0.82159
-0.82216
-0.82185
-0.82035
-0.81786
-0.81456
-0.81233
-0.81007
-0.80624
-0.8015
-0.79659
-0.79192
-0.78748
-0.78177
-0.77495
-0.76792
-0.76068
-0.75302
-0.74498
-0.73621
-0.72657
-0.71683
-0.70717
-0.69634
-0.68442
-0.6721
-0.65965
-0.64709
-0.63417
-0.62061
-0.6063
-0.59123
-0.57628
-0.56159
-0.54633
-0.53046
-0.5143
-0.49792
-0.48146
-0.46477
-0.44765
-0.43013
-0.4123
-0.39422
-0.376
-0.35757
-0.33872
-0.3196
-0.30047
-0.2809
-0.26074
-0.24033
-0.21983
-0.19922
-0.17847
-0.15758
-0.1364
-0.11487
-0.093338
-0.072027
-0.050612
-0.029001
-0.0073297
0.014309
0.035825
0.057254
0.078737
0.10028
0.1218
0.14323
0.16455
0.18576
0.20695
0.22807
0.24895
0.26973
0.29055
0.31131
0.33189
0.35221
0.37228
0.39213
0.41184
0.43144
0.45078
0.46969
0.48828
0.50666
0.52477
0.54255
0.55995
0.57696
0.59363
0.61001
0.62604
0.64168
0.6569
0.6717
0.68613
0.70016
0.71374
0.72686
0.73961
0.75197
0.76388
0.77528
0.78617
