-0.74746
-0.73426
-0.72098
-0.70761
-0.69319
-0.6786
-0.66395
-0.64839
-0.6326
-0.61675
-0.6001
-0.58317
-0.56619
-0.54854
-0.53057
-0.51255
-0.49421
-0.47541
-0.45601
-0.4369
-0.41711
-0.39714
-0.37723
-0.3568
-0.33611
-0.31552
-0.29453
-0.27325
-0.25209
-0.23064
-0.20893
-0.18734
-0.16552
-0.14349
-0.1214
-0.099394
-0.077249
-0.054955
-0.032785
-0.010554
0.011793
0.033997
0.056123
0.078326
0.1006
0.12265
0.14468
0.16668
0.18844
0.21015
0.23181
0.25321
0.27447
0.29568
0.3166
0.33732
0.35794
0.37825
0.39832
0.41824
0.4379
0.45723
0.47628
0.49511
0.51359
0.53175
0.54964
0.56716
0.58429
0.60111
0.61762
0.63372
0.64942
0.66477
0.67967
0.69416
0.70827
0.72192
0.73511
0.74792
0.76025
0.77208
0.7835
0.79442
0.80484
0.81481
0.8243
0.83326
0.84171
0.84967
0.85711
0.86402
0.87043
0.8763
0.88162
0.88642
0.89071
0.89445
0.89764
0.9003
0.90241
0.90396
0.90498
0.90545
0.90535
0.90473
0.90356
0.90183
0.89957
0.89676
0.89339
0.8895
0.88508
0.88012
0.87461
0.86858
0.86203
0.85495
0.84736
0.83926
0.83064
0.82152
0.81191
0.80182
0.79123
0.78017
0.76863
0.75662
0.74417
0.73125
0.71788
0.7041
0.68989
0.67525
0.6602
0.64477
0.62894
0.61273
-0.12646
-0.1267
-0.12701
-0.12777
-0.12837
-0.12473
-0.99456
-1.0528
-1.021
-0.9646
-0.89735
-0.86912
-0.63626
-0.5885
-0.57296
-0.61062
-0.57819
-0.55896
-0.58276
-0.57371
-0.27249
-0.22642
-0.21505
-0.20173
-0.17606
-0.083247
0.14603
0.17359
0.17164
0.14623
0.096165
0.4494
0.58343
0.53791
0.50404
0.46335
0.56872
0.7153
0.65213
0.62075
0.51585
0.44624
0.35678
0.18003
0.14031
0.10268
-0.019285
-0.010575
-0.0080829
0.020696
0.032926
-0.25654
-0.33195
-0.34732
-0.34568
-0.3466
-0.45832
-0.69908
-0.66031
-0.62864
-0.58123
-0.51027
-0.62725
-0.66883
-0.63079
-0.57814
-0.5193
-0.58636
-0.5569
-0.47138
-0.43288
-0.26436
-0.18213
-0.094077
-0.022809
-0.020721
0.054896
0.23757
0.2249
0.18632
0.13863
0.11122
0.29773
0.32993
0.30949
0.28934
0.25702
0.35919
0.43109
0.37657
0.32244
0.21974
0.14856
0.13886
0.10725
0.071342
0.0090273
-0.084264
-0.065169
-0.10422
-0.14546
-0.15647
-0.31171
-0.36831
-0.40057
-0.39868
-0.36211
-0.43732
-0.54228
-0.50993
-0.44599
-0.36919
-0.33047
-0.39022
-0.38168
-0.3382
-0.29501
-0.23934
-0.28319
-0.27158
-0.21878
-0.17197
-0.047446
0.012076
0.04322
0.07691
0.090672
0.15837
0.2476
0.23945
0.24421
0.23339
0.22617
0.31726
0.34587
0.33631
0.29751
0.24991
0.30418
0.33809
0.2901
0.22903
0.14413
0.10875
0.11804
0.091453
0.061184
0.013908
-0.043479
-0.028902
-0.046932
-0.066612
-0.086231
-0.17468
-0.20788
-0.21294
-0.206
-0.18626
-0.23273
-0.27697
-0.24685
-0.21181
-0.15686
-0.12883
-0.1593
-0.15006
-0.11592
-0.05839
-0.0044728
-0.024775
-0.014209
0.031308
0.080114
0.15649
0.18613
0.19144
0.20824
0.21751
0.26038
0.30631
0.29564
0.29377
0.27992
0.27857
0.32679
0.33533
0.31884
0.28497
0.25093
0.27651
0.28453
0.24698
0.20277
0.14022
0.11389
0.12105
0.105
0.078446
0.029358
-0.011962
0.010732
0.016132
-0.0022693
-0.01952
-0.028822
-0.030262
-0.014559
0.0031212
0.011755
0.020365
0.050063
0.068453
0.071583
0.074593
0.079376
0.092071
0.10776
0.11896
0.12759
0.12572
0.12152
0.13459
0.14188
0.1432
0.14665
0.15377
0.16337
0.1734
0.17836
0.18588
0.19338
0.19741
0.202
0.20946
0.21522
0.22006
0.23216
0.24227
0.24042
0.23683
0.24041
0.24541
0.24886
0.25156
0.25238
0.24893
0.24594
0.25082
0.25502
0.25521
0.25476
0.25478
0.25594
0.25892
0.26004
0.25959
0.25866
0.25751
0.25671
0.25668
0.25465
0.25041
0.24802
0.24637
0.24058
0.2328
0.22476
0.21675
0.20905
0.20155
0.19281
0.18114
0.16756
0.1569
0.14754
0.1364
0.12437
0.11224
0.10016
0.089019
0.078191
0.066389
0.053555
0.040604
0.027858
0.015503
0.002892
-0.010702
-0.024054
-0.03663
-0.050791
-0.066542
-0.082578
-0.098388
-0.11388
-0.12924
-0.14506
-0.16194
-0.17978
-0.19662
-0.21239
-0.22879
-0.24574
-0.26264
-0.27917
-0.295
-0.31065
-0.32672
-0.34303
-0.35914
-0.37492
-0.39039
-0.40578
-0.42137
-0.43673
-0.45134
-0.46611
-0.48148
-0.49688
-0.51188
-0.52627
-0.54019
-0.554
-0.56793
-0.58202
-0.5955
-0.60796
-0.62014
-0.63228
-0.64411
-0.65544
-0.66611
-0.67625
-0.68615
-0.69583
-0.70509
-0.71384
-0.72207
-0.72982
-0.73727
-0.74433
-0.75071
-0.75667
-0.76253
-0.7681
-0.77312
-0.7775
-0.78128
-0.78459
-0.78753
-0.79017
-0.79228
-0.79354
-0.79421
-0.79447
-0.79426
-0.79347
-0.79202
-0.78994
-0.78737
-0.78436
-0.78085
-0.77678
-0.77214
-0.76696
-0.7613
-0.75517
-0.74846
-0.74121
-0.73362
-0.72565
-0.71719
-0.70817
-0.69861
