-0.069094
-0.091284
-0.11338
-0.13537
-0.15732
-0.17916
-0.20092
-0.22256
-0.24407
-0.26546
-0.28664
-0.30766
-0.32854
-0.34916
-0.36957
-0.38984
-0.40973
-0.42939
-0.4488
-0.46798
-0.48689
-0.5055
-0.52384
-0.54182
-0.55947
-0.57683
-0.5938
-0.61039
-0.62669
-0.64255
-0.65796
-0.67308
-0.68769
-0.70191
-0.71576
-0.72918
-0.74215
-0.75466
-0.76673
-0.77834
-0.78944
-0.80011
-0.81027
-0.81988
-0.82902
-0.83768
-0.84585
-0.85352
-0.86067
-0.86729
-0.87339
-0.87897
-0.88402
-0.88851
-0.89248
-0.89592
-0.89877
-0.90112
-0.90291
-0.90412
-0.90483
-0.90499
-0.90461
-0.90367
-0.90219
-0.90017
-0.89758
-0.89447
-0.89082
-0.88659
-0.88183
-0.87656
-0.87076
-0.86444
-0.8576
-0.85023
-0.84235
-0.83397
-0.82508
-0.81568
-0.8058
-0.79543
-0.78456
-0.77323
-0.76143
-0.74915
-0.73644
-0.72329
-0.70969
-0.69567
-0.68123
-0.66637
-0.65111
-0.63546
-0.61942
-0.603
-0.5862
-0.56906
-0.55158
-0.53377
-0.51564
-0.4972
-0.47845
-0.45941
-0.4401
-0.42052
-0.40068
-0.3806
-0.36029
-0.33976
-0.31903
-0.29809
-0.27698
-0.25571
-0.23428
-0.21271
-0.19101
-0.1692
-0.14728
-0.12527
-0.10319
-0.081039
-0.058836
-0.036601
-0.014346
0.0079158
0.030173
0.052411
0.074619
0.096771
0.11886
0.1409
0.16285
0.18469
0.20642
0.22803
0.24951
0.27084
0.65331
0.66593
0.67821
0.69035
0.70202
0.71117
0.021343
0.10014
0.13336
0.15456
0.1632
0.19689
0.40553
0.41639
0.43991
0.4028
0.42712
0.45348
0.44128
0.47518
0.36317
0.35603
0.39489
0.42967
0.47442
0.58534
0.90424
0.90216
0.91265
0.93155
0.95709
0.81823
0.99094
1.0204
1.0255
1.0269
1.1927
1.3564
1.3182
1.2913
1.2994
1.3072
1.244
1.1136
1.1078
1.087
0.91032
0.90103
0.9295
0.95759
0.94098
1.0576
1.0558
1.0241
1.0057
0.98962
0.84886
0.69731
0.72653
0.74755
0.75114
0.75575
0.81028
0.73603
0.73619
0.74419
0.79432
0.70955
0.66415
0.70171
0.71679
0.6497
0.60543
0.66964
0.72603
0.70732
0.76429
0.90376
0.86661
0.8096
0.76167
0.7433
0.65806
0.68488
0.68145
0.67231
0.64328
0.74075
0.76267
0.71112
0.66167
0.64622
0.63233
0.57829
0.5499
0.51477
0.44941
0.33448
0.33254
0.32172
0.26661
0.22682
0.25999
0.21589
0.1289
0.079053
0.067682
-0.046341
-0.14565
-0.13228
-0.11129
-0.11621
-0.13782
-0.13562
-0.17863
-0.19855
-0.21232
-0.19288
-0.26406
-0.29352
-0.28811
-0.28597
-0.3308
-0.35133
-0.32953
-0.33153
-0.34652
-0.30534
-0.25629
-0.31047
-0.34736
-0.3584
-0.38166
-0.4323
-0.42191
-0.41128
-0.43352
-0.48033
-0.4429
-0.44185
-0.49581
-0.55267
-0.57067
-0.5841
-0.61885
-0.64032
-0.6634
-0.70897
-0.77327
-0.7592
-0.7684
-0.80044
-0.82306
-0.81507
-0.84501
-0.89439
-0.91454
-0.92002
-0.98206
-1.0196
-0.99372
-0.97944
-0.98705
-0.98962
-0.98354
-1.0043
-1.015
-0.99665
-0.96368
-0.99578
-0.99987
-0.97269
-0.9484
-0.95931
-0.95611
-0.93062
-0.91847
-0.9141
-0.87583
-0.84196
-0.86574
-0.87182
-0.86008
-0.85511
-0.85946
-0.83416
-0.80979
-0.81148
-0.8219
-0.78513
-0.77389
-0.79538
-0.80842
-0.79757
-0.79136
-0.79318
-0.7825
-0.77467
-0.79344
-0.81111
-0.78281
-0.77494
-0.7789
-0.77741
-0.7713
-0.76217
-0.74301
-0.72472
-0.70362
-0.68134
-0.6669
-0.64591
-0.61709
-0.59012
-0.56567
-0.53937
-0.51472
-0.49054
-0.46133
-0.4249
-0.39755
-0.37912
-0.35628
-0.33077
-0.30392
-0.27655
-0.25308
-0.23494
-0.21612
-0.19103
-0.16646
-0.1476
-0.13062
-0.11344
-0.093232
-0.07084
-0.051711
-0.033133
-0.013147
0.0074647
0.033453
0.058003
0.078576
0.099289
0.12193
0.14775
0.17523
0.19849
0.22124
0.24564
0.27015
0.29383
0.31623
0.33676
0.35732
0.37883
0.40025
0.4205
0.4401
0.45902
0.47742
0.49584
0.5128
0.52872
0.54644
0.56501
0.58278
0.59913
0.61436
0.62963
0.6452
0.66088
0.67647
0.6901
0.70285
0.71624
0.72963
0.74227
0.75373
0.76404
0.77467
0.78548
0.79555
0.80489
0.8137
0.82194
0.82997
0.83791
0.84502
0.85111
0.85742
0.86388
0.8698
0.87493
0.87922
0.88297
0.88643
0.88973
0.8929
0.89503
0.89603
0.89671
0.89712
0.89697
0.89617
0.89462
0.89246
0.88992
0.88697
0.88353
0.87955
0.87494
0.86979
0.86432
0.85838
0.85175
0.84486
0.83788
0.83048
0.82251
0.81404
0.80508
0.79568
0.78599
0.77609
0.76565
0.75448
0.7429
0.73104
0.71878
0.70605
0.69278
0.67902
0.66494
0.65056
0.63583
0.6207
0.60517
0.58926
0.57309
0.55662
0.53972
0.52253
0.50524
0.48776
0.46998
0.45187
0.43344
0.41476
0.39592
0.37698
0.35781
0.33827
0.31848
0.29859
0.27856
0.25835
0.23792
0.21729
0.19655
0.17576
0.15488
0.13389
0.11278
0.091594
0.070375
0.049143
0.027839
0.0064976
-0.014777
-0.035983
-0.057175
-0.078375
-0.099571
