-0.74744
-0.73423
-0.72092
-0.70753
-0.69319
-0.67854
-0.66381
-0.64841
-0.63249
-0.61651
-0.60013
-0.58305
-0.56593
-0.54863
-0.53049
-0.5123
-0.49409
-0.47513
-0.45591
-0.43663
-0.41698
-0.3971
-0.37705
-0.35671
-0.33612
-0.31539
-0.29445
-0.27328
-0.25201
-0.23059
-0.20898
-0.18727
-0.16544
-0.14348
-0.12144
-0.099343
-0.077198
-0.05499
-0.032757
-0.010526
0.011733
0.03399
0.056196
0.078385
0.10057
0.12268
0.14469
0.16661
0.18842
0.21012
0.2317
0.25315
0.27443
0.29556
0.3165
0.33725
0.3578
0.37814
0.39825
0.41812
0.43774
0.4571
0.47617
0.49496
0.51344
0.53162
0.54947
0.56699
0.58416
0.60099
0.61746
0.63355
0.64926
0.66457
0.67948
0.69398
0.70806
0.72171
0.73492
0.74769
0.76001
0.77187
0.78326
0.79419
0.80463
0.81458
0.82405
0.83302
0.84148
0.84943
0.85687
0.86378
0.87018
0.87605
0.88139
0.8862
0.89047
0.89421
0.8974
0.90005
0.90216
0.90372
0.90473
0.90519
0.90511
0.90448
0.90331
0.90159
0.89932
0.89651
0.89316
0.88927
0.88484
0.87988
0.87438
0.86836
0.8618
0.85473
0.84714
0.83904
0.83043
0.82132
0.81172
0.80162
0.79104
0.77997
0.76844
0.75644
0.74399
0.73107
0.71771
0.70393
0.68972
0.6751
0.66006
0.64463
0.62881
0.6126
0.59606
-0.13521
-0.13573
-0.13676
-0.13738
-0.13448
-1.1071
-1.0754
-1.0242
-0.94568
-0.9214
-0.78054
-0.63886
-0.61883
-0.65854
-0.64385
-0.63412
-0.6477
-0.62355
-0.60719
-0.5804
-0.42946
-0.20402
-0.19064
-0.17611
-0.16115
-0.16941
0.14213
0.18154
0.15265
0.1034
0.10043
0.16816
0.58905
0.55417
0.50749
0.47641
0.44208
0.70803
0.71493
0.68588
0.67401
0.56381
0.3498
0.18525
0.16057
0.14872
0.13864
0.038041
0.035937
0.031975
0.020823
-0.015453
-0.10019
-0.39217
-0.39648
-0.37565
-0.36122
-0.36477
-0.62506
-0.70075
-0.67278
-0.63971
-0.5825
-0.54259
-0.71761
-0.67332
-0.64918
-0.61742
-0.53145
-0.51185
-0.51296
-0.48896
-0.45809
-0.36985
-0.13678
-0.03134
-0.018898
0.0024259
0.022191
0.17294
0.19589
0.17814
0.16534
0.15067
0.16816
0.37974
0.36607
0.3295
0.29396
0.25369
0.35013
0.4073
0.36958
0.33378
0.24616
0.12517
0.13476
0.1058
0.086144
0.056993
-0.061738
-0.14091
-0.14468
-0.15127
-0.16598
-0.20154
-0.37007
-0.41395
-0.39599
-0.38874
-0.38474
-0.47275
-0.51255
-0.46888
-0.42982
-0.3688
-0.31597
-0.40597
-0.38874
-0.35096
-0.30853
-0.22622
-0.20865
-0.22717
-0.19565
-0.16579
-0.10279
0.04748
0.084454
0.094905
0.10785
0.13055
0.22602
0.30733
0.29936
0.28649
0.27016
0.25933
0.35354
0.36554
0.33744
0.31078
0.27353
0.29964
0.33121
0.2903
0.25086
0.19074
0.093439
0.11553
0.11063
0.08866
0.058945
-0.02138
-0.080741
-0.071447
-0.074412
-0.074757
-0.090434
-0.19461
-0.22102
-0.20589
-0.19341
-0.18102
-0.22024
-0.26869
-0.23795
-0.20148
-0.15784
-0.096458
-0.12842
-0.12199
-0.087489
-0.048274
0.013682
0.041274
0.02828
0.05435
0.079511
0.11983
0.2164
0.23042
0.22545
0.23076
0.24076
0.29437
0.35431
0.34097
0.32342
0.30315
0.27882
0.33249
0.34439
0.31858
0.29129
0.25529
0.24984
0.27401
0.24536
0.21127
0.16973
0.09556
0.089292
0.083396
0.074608
0.064723
0.031845
0.0070115
0.012517
0.023307
0.039422
0.056749
0.07506
0.093158
0.10217
0.10361
0.096784
0.12154
0.14763
0.15586
0.16027
0.16827
0.17629
0.18127
0.18436
0.1916
0.19841
0.17925
0.17407
0.18354
0.19187
0.19929
0.20808
0.21697
0.2208
0.22131
0.22669
0.24045
0.24599
0.24846
0.2496
0.24889
0.2451
0.24815
0.25571
0.2564
0.24922
0.24296
0.24395
0.2452
0.24472
0.243
0.24007
0.23109
0.22331
0.22275
0.22257
0.22216
0.2222
0.22216
0.22024
0.21669
0.21344
0.21016
0.20661
0.20291
0.19818
0.19001
0.17943
0.17103
0.16561
0.15752
0.14627
0.13486
0.12371
0.11186
0.0994
0.087402
0.073843
0.057156
0.040104
0.027134
0.01547
0.0031382
-0.0093727
-0.021558
-0.034736
-0.049113
-0.062519
-0.075354
-0.088374
-0.10183
-0.11593
-0.13081
-0.14681
-0.16277
-0.17696
-0.19144
-0.20743
-0.22393
-0.24014
-0.25621
-0.27254
-0.28918
-0.30588
-0.32327
-0.34118
-0.3576
-0.37284
-0.38785
-0.40285
-0.4176
-0.43223
-0.44708
-0.46181
-0.4762
-0.49032
-0.50411
-0.51797
-0.53206
-0.54625
-0.56017
-0.57297
-0.58531
-0.59803
-0.61077
-0.6231
-0.63502
-0.6465
-0.65766
-0.66853
-0.67933
-0.69016
-0.70004
-0.70878
-0.71699
-0.72484
-0.73218
-0.73904
-0.74566
-0.75192
-0.75763
-0.76284
-0.76761
-0.77198
-0.776
-0.77972
-0.78307
-0.78564
-0.78745
-0.78901
-0.79032
-0.79111
-0.79129
-0.79093
-0.79012
-0.78882
-0.78707
-0.78501
-0.78231
-0.77868
-0.77437
-0.76954
-0.7642
-0.75832
-0.752
-0.74525
-0.73798
-0.73017
-0.72185
-0.71308
-0.70389
-0.69433
