-0.06909
-0.091282
-0.11338
-0.13537
-0.15732
-0.17916
-0.20089
-0.22249
-0.24396
-0.2653
-0.28649
-0.30748
-0.32835
-0.34904
-0.3694
-0.38962
-0.40969
-0.42922
-0.44861
-0.46771
-0.48653
-0.50509
-0.52337
-0.54134
-0.559
-0.57634
-0.59332
-0.60994
-0.6262
-0.64208
-0.65752
-0.67256
-0.68715
-0.70132
-0.71511
-0.72849
-0.74144
-0.75395
-0.76602
-0.77763
-0.78876
-0.79942
-0.80957
-0.81921
-0.82833
-0.83695
-0.84507
-0.8527
-0.85983
-0.86645
-0.87255
-0.87814
-0.88319
-0.88771
-0.89169
-0.89512
-0.89801
-0.90034
-0.90211
-0.90334
-0.90402
-0.90417
-0.90379
-0.90286
-0.90139
-0.89938
-0.89683
-0.89372
-0.89007
-0.88587
-0.88113
-0.87585
-0.87004
-0.86371
-0.85687
-0.84952
-0.84165
-0.83328
-0.82441
-0.81504
-0.80517
-0.79482
-0.78397
-0.77265
-0.76086
-0.7486
-0.7359
-0.72275
-0.70917
-0.69516
-0.68074
-0.6659
-0.65066
-0.63503
-0.619
-0.6026
-0.58583
-0.5687
-0.55123
-0.53343
-0.51531
-0.49688
-0.47815
-0.45913
-0.43984
-0.42028
-0.40046
-0.3804
-0.36011
-0.33959
-0.31887
-0.29796
-0.27686
-0.2556
-0.23418
-0.21263
-0.19095
-0.16915
-0.14725
-0.12526
-0.10319
-0.081057
-0.058873
-0.036651
-0.014407
0.0078452
0.030092
0.052319
0.074513
0.096651
0.11873
0.14075
0.16268
0.18452
0.20623
0.22784
0.2493
0.27062
0.29178
0.66993
0.68229
0.69457
0.70624
0.71576
0.054334
0.088032
0.11142
0.12132
0.15202
0.24375
0.37902
0.40365
0.37135
0.3942
0.42328
0.40989
0.43987
0.46618
0.49608
0.46281
0.38853
0.42277
0.45571
0.48812
0.52738
0.85765
0.91505
0.93526
0.96109
0.96812
1.0703
1.0173
1.0228
1.0302
1.0325
1.0224
1.2896
1.3298
1.3049
1.2775
1.288
1.2693
1.1369
1.1253
1.1117
1.0901
0.94875
0.95569
0.95082
0.92676
0.9184
0.9199
1.014
1.0022
0.99613
0.99148
0.99396
0.81046
0.71831
0.73494
0.74861
0.73633
0.68261
0.69428
0.69966
0.68783
0.69359
0.77511
0.70639
0.65726
0.66335
0.66429
0.63691
0.57785
0.65232
0.64847
0.64895
0.64545
0.75516
0.76822
0.73266
0.71475
0.70519
0.72469
0.66954
0.64508
0.63308
0.60121
0.53715
0.6028
0.65065
0.60891
0.56779
0.55832
0.56884
0.51045
0.46806
0.43267
0.38732
0.25268
0.19396
0.19526
0.15957
0.12017
0.081178
0.097381
0.032185
-0.0081191
-0.036247
-0.047871
-0.13965
-0.21087
-0.2091
-0.21435
-0.24526
-0.29915
-0.3091
-0.31896
-0.33226
-0.33461
-0.28437
-0.31334
-0.38156
-0.38842
-0.39651
-0.41289
-0.46577
-0.4535
-0.4509
-0.46254
-0.47955
-0.42781
-0.38937
-0.43243
-0.45692
-0.46203
-0.4592
-0.50069
-0.51297
-0.52721
-0.55392
-0.60986
-0.60297
-0.57734
-0.61399
-0.64695
-0.66471
-0.64909
-0.67664
-0.70804
-0.73146
-0.75538
-0.8313
-0.88079
-0.86013
-0.87303
-0.89685
-0.92365
-0.9119
-0.93663
-0.95986
-0.9671
-0.95583
-0.99341
-1.0484
-1.0344
-1.0238
-1.0313
-1.0566
-1.0411
-1.0305
-1.0239
-1.011
-0.9629
-0.94651
-0.97805
-0.96494
-0.94499
-0.92751
-0.94288
-0.92855
-0.9067
-0.89639
-0.89524
-0.85121
-0.79736
-0.80971
-0.81
-0.79313
-0.76521
-0.76962
-0.76163
-0.74906
-0.74492
-0.76455
-0.75471
-0.70576
-0.70577
-0.71023
-0.70463
-0.67345
-0.66838
-0.669
-0.66752
-0.66529
-0.69583
-0.7193
-0.69538
-0.67345
-0.65428
-0.63555
-0.61467
-0.59075
-0.56763
-0.54358
-0.51673
-0.49628
-0.47373
-0.44455
-0.41428
-0.38693
-0.36183
-0.33709
-0.31062
-0.27896
-0.24298
-0.21013
-0.18457
-0.16253
-0.14068
-0.11823
-0.097193
-0.077393
-0.057095
-0.039296
-0.020508
0.0051438
0.023257
0.039751
0.058912
0.080746
0.10506
0.12443
0.14169
0.16252
0.18166
0.19947
0.22276
0.24702
0.27148
0.29562
0.32009
0.34789
0.37333
0.39375
0.41326
0.43359
0.45378
0.47264
0.49155
0.51064
0.52841
0.54502
0.56153
0.57845
0.596
0.61239
0.62892
0.64458
0.65785
0.67166
0.68647
0.70078
0.71407
0.72648
0.7389
0.75223
0.76432
0.77658
0.78891
0.79904
0.80814
0.81671
0.82484
0.83238
0.83916
0.84563
0.85236
0.85867
0.86442
0.86963
0.87453
0.8794
0.88402
0.88781
0.89011
0.89216
0.89454
0.89645
0.89758
0.89812
0.89816
0.89769
0.89683
0.89597
0.895
0.89249
0.8888
0.88469
0.88009
0.87486
0.86917
0.86322
0.85679
0.84969
0.84211
0.83426
0.82594
0.81722
0.80832
0.79906
0.78897
0.7783
0.76755
0.75657
0.74506
0.733
0.72067
0.70806
0.69508
0.68182
0.66837
0.65429
0.63944
0.62411
0.60846
0.59245
0.57612
0.55952
0.54264
0.52541
0.50785
0.48999
0.4719
0.45364
0.43524
0.41662
0.39758
0.37822
0.35877
0.33923
0.31949
0.29953
0.2794
0.25912
0.23871
0.21824
0.19773
0.17701
0.15601
0.13484
0.11361
0.092307
0.070935
0.049557
0.028177
0.0067568
-0.014671
-0.036079
-0.057454
-0.078771
-0.1
