0.81653
0.82551
0.8343
0.84291
0.85051
0.8577
0.8647
0.8709
0.87645
0.88181
0.88662
0.89054
0.89428
0.89767
0.89989
0.90192
0.90378
0.90435
0.90452
0.90433
0.90351
0.90219
0.90042
0.89805
0.89512
0.89173
0.88777
0.88321
0.87821
0.87267
0.8665
0.85982
0.85259
0.8448
0.83655
0.82783
0.81864
0.80894
0.79878
0.78816
0.77703
0.76543
0.75338
0.74083
0.72777
0.71428
0.70039
0.68609
0.6714
0.65632
0.64085
0.62499
0.60876
0.59215
0.57519
0.55787
0.54021
0.5222
0.50386
0.48522
0.46628
0.44708
0.42762
0.4079
0.38795
0.36777
0.34736
0.32674
0.30591
0.28489
0.26368
0.2423
0.22078
0.19914
0.17739
0.15554
0.1336
0.11158
0.089489
0.067345
0.04516
0.022945
0.00071025
-0.021532
-0.043768
-0.065981
-0.088154
-0.11027
-0.13231
-0.15427
-0.17613
-0.19788
-0.21952
-0.24102
-0.26239
-0.2836
-0.30464
-0.3255
-0.34617
-0.36662
-0.38685
-0.40684
-0.42658
-0.44606
-0.46528
-0.48421
-0.50285
-0.52119
-0.53921
-0.55692
-0.57429
-0.59131
-0.60798
-0.62428
-0.6402
-0.65573
-0.67086
-0.68558
-0.69989
-0.71378
-0.72724
-0.74027
-0.75284
-0.76497
-0.77663
-0.78782
-0.79853
-0.80876
-0.8185
-0.82772
-0.83644
-0.84468
-0.85241
-0.85961
-0.86629
-0.87246
-0.87811
-0.88322
-0.88784
-0.53472
-0.54656
-0.55781
-0.56885
-0.58129
-1.2639
-1.2506
-1.2468
-1.2557
-1.2429
-1.1683
-1.0492
-1.04
-1.0868
-1.0777
-1.0614
-1.0866
-1.0675
-1.0513
-1.0305
-1.0719
-1.1535
-1.1256
-1.098
-1.0701
-1.0344
-0.70668
-0.65078
-0.63119
-0.60501
-0.59666
-0.49231
-0.54211
-0.53252
-0.52006
-0.51179
-0.51496
-0.23994
-0.19102
-0.20617
-0.22299
-0.20105
-0.20737
-0.32653
-0.32391
-0.32255
-0.32827
-0.45284
-0.4283
-0.41472
-0.41949
-0.40779
-0.38541
-0.26958
-0.25883
-0.24166
-0.22227
-0.19508
-0.35314
-0.41918
-0.37569
-0.33452
-0.31862
-0.34356
-0.30249
-0.26711
-0.24835
-0.21146
-0.09824
-0.13475
-0.15115
-0.11184
-0.077237
-0.070491
-0.094996
0.014437
0.045933
0.082117
0.11466
0.26077
0.31053
0.31195
0.33128
0.35917
0.41631
0.39899
0.41253
0.43868
0.44509
0.41941
0.52346
0.60979
0.60655
0.60395
0.63299
0.68195
0.66194
0.65782
0.66056
0.65321
0.55643
0.53538
0.57414
0.57566
0.5732
0.57092
0.62358
0.59453
0.59002
0.59732
0.62074
0.56355
0.52651
0.56203
0.59006
0.59196
0.5703
0.59208
0.61341
0.63074
0.65846
0.73816
0.73803
0.69802
0.71867
0.73744
0.74724
0.71984
0.75686
0.78346
0.79505
0.80054
0.87403
0.93344
0.91054
0.9054
0.91882
0.93932
0.91465
0.91835
0.91924
0.90677
0.86416
0.88348
0.92064
0.89463
0.8714
0.86244
0.88594
0.86536
0.83996
0.82161
0.80184
0.72912
0.68189
0.70385
0.6913
0.66689
0.63857
0.64786
0.61972
0.59215
0.57962
0.58467
0.53993
0.47684
0.48188
0.48258
0.46417
0.42721
0.42998
0.42707
0.41927
0.41692
0.44886
0.44826
0.39887
0.3933
0.39376
0.39094
0.35447
0.34692
0.34611
0.33301
0.31
0.32917
0.35743
0.3188
0.29154
0.28078
0.28041
0.24709
0.22556
0.20801
0.18145
0.13056
0.10859
0.12521
0.092376
0.054619
0.026442
0.023417
-0.0061536
-0.041792
-0.07571
-0.10927
-0.17591
-0.23579
-0.2486
-0.26362
-0.28168
-0.30041
-0.31717
-0.33109
-0.34599
-0.36009
-0.3715
-0.38939
-0.40521
-0.41444
-0.42262
-0.43369
-0.44703
-0.46066
-0.47249
-0.47906
-0.48117
-0.48628
-0.49852
-0.51409
-0.52961
-0.54427
-0.56013
-0.57696
-0.59298
-0.61117
-0.62803
-0.63768
-0.65446
-0.67247
-0.68739
-0.69918
-0.70802
-0.72131
-0.73617
-0.74695
-0.75887
-0.77155
-0.77818
-0.78323
-0.78746
-0.79139
-0.79432
-0.79325
-0.79385
-0.79877
-0.80388
-0.80741
-0.81035
-0.81386
-0.81654
-0.81825
-0.82049
-0.82306
-0.82491
-0.82552
-0.82465
-0.82408
-0.82251
-0.82093
-0.82084
-0.81931
-0.81589
-0.81206
-0.80834
-0.80458
-0.79989
-0.79336
-0.78715
-0.77981
-0.77147
-0.76438
-0.75739
-0.74996
-0.74203
-0.73375
-0.72529
-0.71618
-0.70588
-0.69505
-0.68384
-0.67224
-0.66001
-0.64689
-0.63309
-0.61921
-0.60591
-0.59194
-0.57675
-0.56114
-0.54543
-0.52944
-0.51308
-0.49638
-0.47923
-0.46125
-0.44256
-0.42459
-0.40702
-0.38907
-0.37084
-0.35249
-0.33385
-0.31475
-0.29542
-0.27605
-0.2565
-0.23654
-0.2164
-0.19603
-0.17525
-0.15421
-0.13343
-0.11266
-0.091443
-0.069927
-0.048457
-0.027041
-0.0054409
0.016317
0.038125
0.06005
0.082159
0.10399
0.12539
0.14664
0.16783
0.18895
0.20998
0.23096
0.25186
0.2726
0.29315
0.31353
0.33379
0.35397
0.37407
0.39398
0.41349
0.43267
0.45173
0.47064
0.48927
0.50759
0.5256
0.54332
0.56073
0.57789
0.59479
0.61125
0.62716
0.64262
0.65771
0.6724
0.68667
0.70056
0.71406
0.7271
0.7397
0.75186
0.76358
0.77487
0.78572
