0.81393
0.82367
0.83323
0.84203
0.85053
0.85837
0.86578
0.87264
0.87895
0.88482
0.89003
0.89483
0.89902
0.90272
0.90583
0.90843
0.9105
0.91206
0.91288
0.91328
0.91312
0.91238
0.91117
0.9093
0.9071
0.90403
0.90058
0.89658
0.89204
0.887
0.88137
0.87503
0.86827
0.861
0.85323
0.84496
0.83616
0.82697
0.81714
0.80687
0.79612
0.78488
0.77323
0.76103
0.74841
0.73529
0.72176
0.70782
0.69344
0.67863
0.66344
0.6478
0.63176
0.6154
0.59862
0.58153
0.56402
0.54621
0.52793
0.50943
0.49064
0.47154
0.45216
0.43252
0.41263
0.39246
0.37207
0.35147
0.33065
0.30962
0.28844
0.26702
0.24545
0.22377
0.20195
0.18
0.15793
0.13579
0.11352
0.091205
0.06886
0.046455
0.024016
0.0015634
-0.020936
-0.043417
-0.065845
-0.088215
-0.11055
-0.13281
-0.15497
-0.17707
-0.19906
-0.22091
-0.24263
-0.2642
-0.28562
-0.30686
-0.32794
-0.3488
-0.36944
-0.38987
-0.41007
-0.43001
-0.4497
-0.46913
-0.48826
-0.50709
-0.52562
-0.54383
-0.56172
-0.5793
-0.59651
-0.61334
-0.62981
-0.64589
-0.66159
-0.67688
-0.69178
-0.70624
-0.72028
-0.73388
-0.74704
-0.75975
-0.77201
-0.7838
-0.79511
-0.80594
-0.81627
-0.82611
-0.83546
-0.84432
-0.85265
-0.86047
-0.86777
-0.87454
-0.88079
-0.88652
-0.89171
-0.89635
-0.90045
-0.90401
-0.907
-0.90946
-0.91137
-0.91273
-0.91354
-0.91379
-0.91349
-0.91264
-0.91124
-0.90929
-0.90678
-0.90373
-0.90013
-0.89598
-0.89129
-0.88607
-0.88031
-0.87402
-0.8672
-0.85986
-0.852
-0.84362
-0.83474
-0.82535
-0.81546
-0.80507
-0.7942
-0.78284
-0.77102
-0.75873
-0.74598
-0.73277
-0.71913
-0.70504
-0.69054
-0.67561
-0.66028
-0.64455
-0.62843
-0.61192
-0.59504
-0.57781
-0.56023
-0.54231
-0.52406
-0.5055
-0.48663
-0.46746
-0.44802
-0.4283
-0.40832
-0.3881
-0.36764
-0.34695
-0.32606
-0.30497
-0.2837
-0.26225
-0.24065
-0.21889
-0.19701
-0.17501
-0.1529
-0.1307
-0.10842
-0.086076
-0.063676
-0.041239
-0.018778
0.0036939
0.026164
0.048619
0.071037
0.093413
0.11574
0.13799
0.16016
0.18224
0.20421
0.22605
0.24776
0.26931
0.29071
0.31193
0.33295
0.35377
0.37438
0.39477
0.41492
0.43481
0.45445
0.47381
0.49289
0.51167
0.53013
0.54828
0.5661
0.58358
0.60069
0.61744
0.63381
0.64982
0.66543
0.68063
0.69543
0.70979
0.72374
0.73724
0.7503
0.76292
0.77507
0.78674
0.79794
0.80865
0.81886
0.82857
0.83778
0.84648
0.85466
0.86233
0.86947
0.87609
0.8822
0.88776
0.89278
0.89726
0.9012
0.90458
0.90742
0.90973
0.91147
0.91266
0.9133
0.91338
0.91292
0.91191
0.91035
0.90823
0.90557
0.90235
0.89859
0.89426
0.8894
0.884
0.87806
0.87159
0.8646
0.85708
0.84905
0.84051
0.83146
0.8219
0.81185
0.80131
0.79029
0.77879
0.76682
0.75438
0.74149
0.72815
0.71438
0.70017
0.68555
0.67051
0.65506
0.63922
0.62299
0.60638
0.5894
0.57206
0.55438
0.53637
0.51803
0.49938
0.48044
0.4612
0.44169
0.42191
0.40187
0.3816
0.36109
0.34037
0.31945
0.29833
0.27703
0.25557
0.23395
0.21219
0.19031
0.16832
0.14622
0.12403
0.10178
0.079455
0.057085
0.03468
0.012257
-0.010174
-0.032596
-0.054997
-0.077364
-0.099681
-0.12194
-0.14412
-0.16621
-0.1882
-0.21008
-0.23183
-0.25343
-0.27488
-0.29617
-0.31727
-0.33818
-0.35889
-0.37938
-0.39963
-0.41965
-0.43941
-0.4589
-0.47812
-0.49705
-0.51567
-0.53399
-0.55198
-0.56963
-0.58694
-0.6039
-0.62048
-0.6367
-0.65252
-0.66795
-0.68298
-0.69759
-0.71178
-0.72554
-0.73886
-0.75173
-0.76415
-0.7761
-0.78759
-0.7986
-0.80912
-0.81916
-0.8287
-0.83773
-0.84626
-0.85428
-0.86179
-0.86877
-0.87523
-0.88115
-0.88655
-0.8914
-0.89572
-0.8995
-0.90273
-0.90541
-0.90755
-0.90914
-0.91018
-0.91067
-0.9106
-0.90999
-0.90883
-0.90712
-0.90485
-0.90204
-0.89869
-0.89479
-0.89035
-0.88538
-0.87986
-0.87382
-0.86725
-0.86015
-0.85254
-0.8444
-0.83576
-0.82661
-0.81697
-0.80683
-0.7962
-0.78509
-0.7735
-0.76145
-0.74893
-0.73597
-0.72256
-0.70871
-0.69444
-0.67974
-0.66463
-0.64913
-0.63323
-0.61694
-0.60029
-0.58327
-0.5659
-0.54819
-0.53014
-0.51178
-0.4931
-0.47413
-0.45488
-0.43534
-0.41555
-0.3955
-0.37521
-0.3547
-0.33398
-0.31305
-0.29193
-0.27064
-0.24918
-0.22757
-0.20583
-0.18396
-0.16198
-0.1399
-0.11774
-0.095503
-0.073212
-0.050878
-0.028512
-0.0061299
0.016256
0.038632
0.060984
0.083299
0.10556
0.12776
0.14989
0.17192
0.19385
0.21566
0.23734
0.25887
0.28025
0.30146
0.32249
0.34332
0.36395
0.38435
0.40453
0.42445
0.44412
0.46353
0.48265
0.50148
0.52
0.53821
0.5561
0.57365
0.59085
0.6077
0.62417
0.64027
0.65599
0.6713
0.68621
0.70071
0.71478
0.72842
0.74162
0.75437
0.76666
0.77849
0.78985
0.80073
0.81113
