-0.046583
-0.069016
-0.091356
-0.11367
-0.1359
-0.15805
-0.18011
-0.20205
-0.22387
-0.24555
-0.26711
-0.28851
-0.30973
-0.33076
-0.35159
-0.37221
-0.39263
-0.41282
-0.43259
-0.45222
-0.47157
-0.49064
-0.50941
-0.52789
-0.54608
-0.5639
-0.5814
-0.59853
-0.61532
-0.63174
-0.64778
-0.66333
-0.67854
-0.69333
-0.70772
-0.72168
-0.73521
-0.74833
-0.76097
-0.77315
-0.78486
-0.79611
-0.80689
-0.81716
-0.82692
-0.83616
-0.84492
-0.85319
-0.86094
-0.86816
-0.87487
-0.88106
-0.88668
-0.8918
-0.89637
-0.90041
-0.90389
-0.90683
-0.90915
-0.91098
-0.91226
-0.91298
-0.91315
-0.91276
-0.91187
-0.91037
-0.90834
-0.90579
-0.90266
-0.89898
-0.8948
-0.89001
-0.88467
-0.87885
-0.87252
-0.86561
-0.8582
-0.85029
-0.84182
-0.83285
-0.82344
-0.81348
-0.80302
-0.79208
-0.78066
-0.76875
-0.75638
-0.74361
-0.73032
-0.7166
-0.70251
-0.68794
-0.67293
-0.65757
-0.6418
-0.62561
-0.60907
-0.59214
-0.57485
-0.55723
-0.53927
-0.521
-0.50237
-0.48347
-0.46427
-0.44479
-0.42504
-0.40505
-0.38478
-0.36428
-0.34357
-0.32266
-0.30153
-0.28025
-0.25879
-0.23715
-0.21539
-0.1935
-0.17149
-0.14936
-0.12717
-0.10488
-0.082525
-0.06013
-0.037692
-0.015231
0.007234
0.029689
0.05215
0.074556
0.09692
0.11923
0.14148
0.16362
0.18568
0.20763
0.22945
0.25113
0.27266
0.29403
0.3152
0.33621
0.35699
0.37757
0.39791
0.41802
0.43788
0.45746
0.47678
0.49581
0.51454
0.53295
0.55105
0.5688
0.58622
0.60328
0.61997
0.6363
0.65224
0.66778
0.68291
0.69764
0.71195
0.72583
0.73926
0.75225
0.76478
0.77686
0.78846
0.79958
0.81022
0.82037
0.83003
0.83918
0.84783
0.85596
0.86358
0.87067
0.87724
0.88327
0.88877
0.89374
0.89816
0.90204
0.90537
0.90816
0.9104
0.91209
0.91323
0.91381
0.91384
0.91332
0.91225
0.91062
0.90845
0.90572
0.90245
0.89863
0.89426
0.88936
0.88392
0.87794
0.87143
0.8644
0.85684
0.84877
0.84018
0.83108
0.82148
0.81138
0.8008
0.78973
0.77818
0.76616
0.75367
0.74072
0.72733
0.71351
0.69925
0.68457
0.66948
0.65397
0.63808
0.62179
0.60513
0.58811
0.57073
0.553
0.53496
0.51656
0.49787
0.47887
0.45959
0.44002
0.4202
0.40011
0.37977
0.35922
0.33845
0.31748
0.29629
0.27494
0.25341
0.23175
0.20994
0.18801
0.16595
0.1438
0.12156
0.099235
0.076869
0.054461
0.032011
0.0095336
-0.012936
-0.035413
-0.057849
-0.080246
-0.10259
-0.12488
-0.14709
-0.16921
-0.19124
-0.21314
-0.23491
-0.25654
-0.27802
-0.29932
-0.32045
-0.34138
-0.36208
-0.38256
-0.40282
-0.42283
-0.44258
-0.46207
-0.48128
-0.50019
-0.5188
-0.5371
-0.55507
-0.57271
-0.59
-0.60692
-0.62347
-0.63964
-0.65543
-0.67082
-0.6858
-0.70037
-0.71452
-0.72822
-0.7415
-0.75432
-0.76669
-0.77859
-0.79001
-0.80095
-0.81141
-0.82138
-0.83085
-0.83982
-0.84828
-0.85622
-0.86365
-0.87056
-0.87694
-0.88279
-0.88811
-0.89288
-0.89711
-0.9008
-0.90395
-0.90654
-0.9086
-0.9101
-0.91105
-0.91144
-0.91129
-0.91059
-0.90934
-0.90754
-0.90518
-0.90228
-0.89883
-0.89484
-0.89031
-0.88524
-0.87963
-0.87349
-0.86683
-0.85964
-0.85193
-0.84371
-0.83498
-0.82574
-0.816
-0.80577
-0.79505
-0.78385
-0.77217
-0.76004
-0.74744
-0.73439
-0.72089
-0.70696
-0.69261
-0.67783
-0.66265
-0.64706
-0.63109
-0.61473
-0.598
-0.58091
-0.56347
-0.54569
-0.52758
-0.50915
-0.49042
-0.47138
-0.45207
-0.43248
-0.41263
-0.39253
-0.37219
-0.35163
-0.33085
-0.30988
-0.28872
-0.26739
-0.24589
-0.22425
-0.20247
-0.18057
-0.15856
-0.13646
-0.11427
-0.092016
-0.069706
-0.047354
-0.024974
-0.0025793
0.019816
0.042199
0.064556
0.086874
0.10914
0.13134
0.15345
0.17548
0.1974
0.2192
0.24086
0.26238
0.28374
0.30493
0.32594
0.34674
0.36734
0.38771
0.40785
0.42774
0.44738
0.46674
0.48582
0.50461
0.52309
0.54125
0.55908
0.57658
0.59373
0.61052
0.62694
0.64298
0.65863
0.67388
0.68873
0.70316
0.71716
0.73073
0.74386
0.75653
0.76875
0.78051
0.79179
0.80259
0.81291
0.82274
0.83207
0.84089
0.84921
0.85701
0.8643
0.87106
0.87729
0.883
0.88817
0.8928
0.8969
0.90045
0.90345
0.90591
0.90782
0.90919
0.91
0.91026
0.90998
0.90914
0.90775
0.90582
0.90333
0.9003
0.89673
0.89261
0.88795
0.88276
0.87703
0.87077
0.86399
0.85668
0.84886
0.84052
0.83167
0.82233
0.81248
0.80214
0.79132
0.78002
0.76825
0.75601
0.74332
0.73017
0.71659
0.70257
0.68813
0.67327
0.658
0.64234
0.62628
0.60985
0.59305
0.5759
0.55839
0.54055
0.52238
0.50389
0.4851
0.46601
0.44665
0.42701
0.40712
0.38698
0.3666
0.34601
0.3252
0.3042
0.28302
0.26166
0.24015
0.21849
0.19669
0.17478
0.15277
0.13066
0.10847
0.086219
0.063914
0.041571
0.019203
-0.0031778
-0.025555
-0.047918
