-0.76735
-0.75465
-0.74187
-0.72836
-0.71463
-0.70032
-0.68567
-0.67059
-0.65508
-0.63926
-0.62293
-0.60632
-0.58929
-0.57195
-0.55424
-0.53622
-0.51787
-0.49924
-0.48029
-0.46106
-0.44155
-0.42175
-0.40176
-0.38141
-0.36102
-0.34013
-0.31918
-0.29805
-0.27673
-0.25526
-0.23359
-0.2117
-0.18973
-0.16767
-0.14551
-0.12328
-0.10095
-0.078637
-0.056172
-0.033721
-0.011257
0.011224
0.033661
0.05613
0.078503
0.10087
0.12316
0.14538
0.1675
0.18953
0.21143
0.23326
0.25492
0.27641
0.29775
0.31889
0.33987
0.36061
0.38123
0.40155
0.42162
0.44144
0.46098
0.48025
0.49923
0.51791
0.53627
0.55432
0.57201
0.58936
0.60636
0.62298
0.63922
0.65508
0.67057
0.68561
0.70027
0.7145
0.7283
0.74165
0.75458
0.76703
0.77901
0.79052
0.80159
0.81217
0.82222
0.83182
0.84087
0.84941
0.85748
0.86501
0.87199
0.87848
0.88443
0.88981
0.89469
0.899
0.90279
0.90603
0.90872
0.91087
0.91244
0.91348
0.91397
0.91391
0.91329
0.91213
0.91039
0.90811
0.9053
0.90196
0.89804
0.89359
0.88861
0.88304
0.87698
0.87038
0.86327
0.85561
0.84745
0.83876
0.82957
0.81988
0.8097
0.79903
0.78787
0.77625
0.76412
0.75155
0.73854
0.72508
0.71117
0.69685
0.68209
0.66691
0.65135
0.63539
0.61905
0.60232
0.58525
0.5678
0.55001
0.53189
0.51346
0.49471
0.47566
0.45633
0.43671
0.41683
0.3967
0.37633
0.35574
0.33493
0.31391
0.2927
0.27132
0.24977
0.22808
0.20625
0.18429
0.16221
0.14005
0.1178
0.095477
0.073095
0.050673
0.028217
0.0057403
-0.016738
-0.039203
-0.061645
-0.084051
-0.10641
-0.1287
-0.15091
-0.17304
-0.19505
-0.21695
-0.23872
-0.26035
-0.28182
-0.30312
-0.32423
-0.34514
-0.36585
-0.38634
-0.40659
-0.4266
-0.44635
-0.46582
-0.48502
-0.50393
-0.52252
-0.54081
-0.55877
-0.57638
-0.59365
-0.61057
-0.62711
-0.64327
-0.65905
-0.67442
-0.68939
-0.70394
-0.71807
-0.73176
-0.74501
-0.75781
-0.77015
-0.78202
-0.79342
-0.80434
-0.81477
-0.8247
-0.83413
-0.84307
-0.8515
-0.85941
-0.86681
-0.87368
-0.88002
-0.88583
-0.89111
-0.89584
-0.90003
-0.90368
-0.90677
-0.90934
-0.91133
-0.91279
-0.91369
-0.91404
-0.91383
-0.91309
-0.91177
-0.90989
-0.9075
-0.90455
-0.90106
-0.89698
-0.89238
-0.88722
-0.88157
-0.87536
-0.86864
-0.86137
-0.85359
-0.84531
-0.83647
-0.82717
-0.81738
-0.80708
-0.79627
-0.785
-0.77323
-0.76101
-0.74832
-0.73519
-0.7216
-0.70757
-0.69312
-0.67823
-0.66295
-0.64729
-0.63122
-0.61476
-0.59793
-0.58074
-0.5632
-0.54534
-0.52716
-0.50865
-0.48983
-0.47072
-0.45131
-0.43164
-0.41172
-0.39155
-0.37113
-0.35049
-0.32964
-0.30859
-0.28734
-0.26593
-0.24436
-0.22263
-0.20077
-0.17879
-0.15671
-0.13454
-0.11229
-0.089964
-0.067584
-0.045167
-0.022723
-0.00027339
0.022165
0.044592
0.066997
0.089356
0.11166
0.1339
0.15605
0.17811
0.20005
0.22188
0.24357
0.26512
0.2865
0.30771
0.32874
0.34956
0.37018
0.39056
0.41071
0.43061
0.45024
0.4696
0.48868
0.50747
0.52594
0.54409
0.56191
0.57938
0.59651
0.61328
0.62967
0.64568
0.6613
0.67652
0.69132
0.70571
0.71967
0.7332
0.74628
0.75891
0.77109
0.78279
0.79402
0.80477
0.81503
0.8248
0.83407
0.84283
0.85108
0.85882
0.86604
0.87273
0.87889
0.88452
0.88961
0.89417
0.89818
0.90165
0.90458
0.90696
0.90878
0.91006
0.91079
0.91097
0.9106
0.90967
0.9082
0.90618
0.9036
0.90049
0.89682
0.89262
0.88787
0.88259
0.87677
0.87043
0.86355
0.85616
0.84824
0.83981
0.83088
0.82144
0.8115
0.80108
0.79017
0.77878
0.76692
0.7546
0.74182
0.7286
0.71493
0.70083
0.68631
0.67137
0.65603
0.64029
0.62416
0.60766
0.59079
0.57356
0.55598
0.53807
0.51984
0.50129
0.48243
0.46329
0.44386
0.42417
0.40422
0.38403
0.3636
0.34296
0.32211
0.30106
0.27983
0.25844
0.23688
0.21519
0.19336
0.17142
0.14938
0.12724
0.10503
0.082757
0.060432
0.038071
0.015687
-0.006705
-0.029094
-0.051464
-0.073803
-0.096097
-0.11833
-0.1405
-0.16258
-0.18456
-0.20642
-0.22817
-0.24977
-0.27122
-0.29251
-0.31363
-0.33455
-0.35527
-0.37577
-0.39605
-0.41608
-0.43587
-0.45539
-0.47463
-0.49359
-0.51225
-0.5306
-0.54863
-0.56633
-0.58368
-0.60068
-0.61732
-0.63358
-0.64946
-0.66495
-0.68003
-0.69471
-0.70896
-0.72278
-0.73617
-0.74911
-0.7616
-0.77363
-0.78519
-0.79627
-0.80688
-0.81699
-0.82661
-0.83573
-0.84435
-0.85246
-0.86004
-0.86711
-0.87366
-0.87967
-0.88516
-0.89011
-0.89452
-0.89839
-0.90171
-0.9045
-0.90673
-0.90841
-0.90955
-0.91014
-0.91017
-0.90966
-0.90859
-0.90698
-0.90482
-0.90211
-0.89885
-0.89505
-0.89071
-0.88583
-0.88042
-0.87447
-0.868
-0.861
-0.85347
-0.84544
-0.83689
-0.82783
-0.81828
-0.80823
-0.79769
-0.78667
-0.77517
-0.76321
