-0.74751
-0.73455
-0.72134
-0.7076
-0.69346
-0.67896
-0.66394
-0.64869
-0.63283
-0.61662
-0.60015
-0.58331
-0.5661
-0.5486
-0.53068
-0.51259
-0.49396
-0.47531
-0.45616
-0.4368
-0.41726
-0.39733
-0.37735
-0.3569
-0.33637
-0.31561
-0.29465
-0.27353
-0.25224
-0.2308
-0.20907
-0.18732
-0.16545
-0.1435
-0.12145
-0.099309
-0.077132
-0.054934
-0.032689
-0.010455
0.01184
0.034065
0.056327
0.078499
0.10065
0.12274
0.14474
0.16666
0.18847
0.21018
0.23179
0.25322
0.27453
0.29565
0.31659
0.33737
0.35797
0.37833
0.39846
0.41834
0.43797
0.45734
0.47644
0.49523
0.51372
0.53189
0.54976
0.56728
0.58446
0.60129
0.61774
0.63383
0.64954
0.66485
0.67975
0.69425
0.70835
0.72199
0.73522
0.74799
0.76031
0.77217
0.78359
0.79453
0.80498
0.81494
0.82441
0.83338
0.84185
0.8498
0.85724
0.86415
0.87055
0.87642
0.88176
0.88656
0.89083
0.89456
0.89775
0.90039
0.90249
0.90404
0.90506
0.90552
0.90544
0.90481
0.90363
0.90191
0.89965
0.89684
0.89349
0.8896
0.88517
0.8802
0.87471
0.86867
0.86212
0.85504
0.84745
0.83934
0.83073
0.82161
0.81199
0.80188
0.7913
0.78022
0.76869
0.75668
0.74422
0.73129
0.71793
0.70414
0.68993
0.67529
-0.050719
-0.048687
-0.046803
-0.82272
-0.79363
-0.76471
-0.73704
-0.70991
-0.68152
-0.64499
-0.61595
-0.32649
-0.24275
-0.22875
-0.033143
-0.058406
-0.056835
0.37687
0.46907
0.44094
0.78115
0.72861
0.67496
0.53588
0.49201
0.41135
0.17987
0.14597
0.076847
0.013801
0.03414
-0.033135
-0.33828
-0.33321
-0.3605
-0.60877
-0.57392
-0.51328
-0.52592
-0.45425
-0.2111
-0.19479
-0.14834
0.02559
-0.019148
-0.010207
0.1287
0.069957
0.065532
0.23828
0.27614
0.19058
0.21242
0.22733
0.12702
0.11518
0.11572
-0.013031
-0.092821
-0.099645
-0.17515
-0.1862
-0.13977
-0.15316
-0.16334
-0.1501
-0.17641
-0.276
-0.23624
-0.16909
-0.22162
-0.17965
-0.10015
-0.099518
-0.069029
-0.033771
-0.057287
-0.049559
-0.0091585
-0.040427
-0.076943
-0.040922
-0.014706
-0.036047
0.023977
0.05159
-0.010709
-0.00066009
0.0066379
-0.047426
-0.054945
-0.040419
-0.053577
-0.053743
-0.033946
-0.067943
-0.093203
-0.067635
-0.077259
-0.12365
-0.11626
-0.12662
-0.17291
-0.15879
-0.1338
-0.13779
-0.10956
-0.071876
-0.077248
-0.083975
-0.063735
-0.066138
-0.05379
-0.0068277
0.0038304
0.0028367
0.039434
0.054884
0.036265
0.045743
0.055555
0.0334
0.021474
0.010214
-0.026041
-0.039701
-0.02889
-0.044048
-0.057668
-0.055529
-0.078263
-0.10174
-0.098089
-0.10038
-0.10887
-0.086676
-0.063272
-0.062751
-0.047315
-0.022754
-0.011891
0.010658
0.036283
0.03727
0.040985
0.055821
0.054296
0.05387
0.070516
0.076443
0.067353
0.064942
0.052495
0.024788
0.014372
0.011551
-0.0021788
-0.0078143
-0.0093629
-0.021397
-0.0251
-0.018656
-0.020811
-0.018852
-0.0043626
0.0003938
-0.002679
0.0065004
0.017842
0.026388
0.045766
0.061849
0.064121
0.06889
0.07372
0.069052
0.068827
0.074817
0.072989
0.070272
0.071144
0.062872
0.052896
0.053869
0.053388
0.046698
0.044221
0.039978
0.030959
0.029134
0.031869
0.032283
0.03811
0.046544
0.046104
0.044163
0.046878
0.047199
0.04932
0.05773
0.061878
0.060882
0.06328
0.064766
0.063019
0.065547
0.069016
0.067793
0.066961
0.065447
0.059079
0.056018
0.059052
0.060108
0.05994
0.061047
0.070755
0.076194
0.074143
0.081918
0.091094
0.096972
0.1023
0.11058
0.121
0.13094
0.1385
0.14297
0.14506
0.14728
0.15098
0.16321
0.17391
0.17824
0.17854
0.17951
0.183
0.19063
0.20135
0.2107
0.21465
0.21536
0.2198
0.22767
0.23379
0.23871
0.24343
0.24775
0.25171
0.25513
0.25739
0.2584
0.25862
0.25774
0.2566
0.2561
0.25541
0.25543
0.25463
0.25193
0.24794
0.2434
0.23967
0.23731
0.23624
0.23449
0.23014
0.22324
0.21621
0.21112
0.20633
0.20092
0.19457
0.18713
0.17866
0.16977
0.16089
0.15189
0.14234
0.13191
0.12049
0.10852
0.096626
0.085352
0.074283
0.061904
0.048207
0.034158
0.020501
0.0073038
-0.0055284
-0.018638
-0.032742
-0.048011
-0.063479
-0.077978
-0.092063
-0.1066
-0.12175
-0.13725
-0.15295
-0.16878
-0.18454
-0.20025
-0.2161
-0.23221
-0.24866
-0.26531
-0.28189
-0.29808
-0.31376
-0.32958
-0.34592
-0.36244
-0.37872
-0.39452
-0.40976
-0.42466
-0.43968
-0.45504
-0.47045
-0.48533
-0.49957
-0.51354
-0.52744
-0.54127
-0.55498
-0.56844
-0.58152
-0.59422
-0.60667
-0.61892
-0.63096
-0.64274
-0.65411
-0.66493
-0.67514
-0.68499
-0.69473
-0.70424
-0.71326
-0.72167
-0.72943
-0.73661
-0.74343
-0.75001
-0.7563
-0.76203
-0.76708
-0.77156
-0.77561
-0.77924
-0.78245
-0.7852
-0.78743
-0.78911
-0.79027
-0.79096
-0.79118
-0.79094
-0.79018
-0.78884
-0.78685
-0.78431
-0.78135
-0.77798
-0.7741
-0.76962
-0.7645
-0.75879
-0.75259
-0.74598
-0.73896
-0.73143
-0.72329
-0.7146
-0.70543
-0.69582
