-0.069087
-0.091255
-0.11334
-0.13537
-0.15732
-0.17916
-0.2009
-0.22252
-0.244
-0.26531
-0.28652
-0.30755
-0.3284
-0.34903
-0.36945
-0.3897
-0.40964
-0.42943
-0.44871
-0.46789
-0.48676
-0.50535
-0.52364
-0.54162
-0.5593
-0.57664
-0.5936
-0.61023
-0.6265
-0.64239
-0.65777
-0.67283
-0.68749
-0.70171
-0.71553
-0.72891
-0.74187
-0.7544
-0.76647
-0.77806
-0.78918
-0.79984
-0.81002
-0.81971
-0.82883
-0.83749
-0.84565
-0.85331
-0.86045
-0.86707
-0.87318
-0.87876
-0.8838
-0.88831
-0.8923
-0.89573
-0.89859
-0.90091
-0.9027
-0.90394
-0.90464
-0.90479
-0.9044
-0.90347
-0.902
-0.89997
-0.8974
-0.89429
-0.89065
-0.88646
-0.88172
-0.87644
-0.87064
-0.86431
-0.85748
-0.85011
-0.84224
-0.83386
-0.82497
-0.81558
-0.80571
-0.79534
-0.78448
-0.77314
-0.76134
-0.74908
-0.73637
-0.72321
-0.70962
-0.6956
-0.68116
-0.66631
-0.65106
-0.6354
-0.61938
-0.60297
-0.58619
-0.56905
-0.55157
-0.53376
-0.51563
-0.49718
-0.47844
-0.45941
-0.4401
-0.42052
-0.40069
-0.38061
-0.36031
-0.33977
-0.31904
-0.29811
-0.27701
-0.25573
-0.23431
-0.21273
-0.19104
-0.16923
-0.14731
-0.1253
-0.10323
-0.08108
-0.058887
-0.036651
-0.014398
0.0078663
0.030122
0.052362
0.074568
0.09672
0.11881
0.14085
0.16279
0.18464
0.56187
0.57476
0.58737
-0.17799
-0.13851
-0.09937
-0.060154
-0.021242
0.016625
0.051359
0.089746
-0.0046982
-0.0076447
0.035569
0.37938
0.55468
0.57478
0.49065
0.63142
0.6534
1.0516
1.0474
1.0438
1.083
1.0734
1.019
0.83812
0.84802
0.88538
1.1975
1.1778
1.1086
0.77884
0.77007
0.80135
0.70975
0.71951
0.75614
0.63574
0.65714
0.55433
0.57733
0.64337
0.89589
0.94598
0.94988
0.80566
0.78085
0.82452
1.0766
1.1464
1.1815
1.2493
1.2771
1.1712
1.1215
1.1259
1.182
1.2541
1.2171
1.0636
0.93693
0.92928
0.95168
0.98259
0.96712
0.92919
0.8291
0.77573
0.68581
0.63621
0.70026
0.82909
0.84718
0.81128
0.71977
0.68944
0.72494
0.81544
0.82472
0.83889
0.83562
0.81468
0.74519
0.73996
0.76752
0.81552
0.84616
0.80347
0.65999
0.56816
0.53908
0.55237
0.56885
0.56261
0.51043
0.4542
0.39023
0.31347
0.27654
0.30911
0.34555
0.30827
0.24279
0.16765
0.13134
0.15886
0.20479
0.20815
0.19678
0.1621
0.10578
0.05023
0.036283
0.049055
0.088202
0.1039
0.06038
-0.03181
-0.083669
-0.097649
-0.095312
-0.094688
-0.11461
-0.16727
-0.22157
-0.27821
-0.32631
-0.33655
-0.31394
-0.31348
-0.35324
-0.42073
-0.48897
-0.52401
-0.51176
-0.49156
-0.49413
-0.50956
-0.54056
-0.58419
-0.61576
-0.62112
-0.60771
-0.58479
-0.58647
-0.62957
-0.68262
-0.70707
-0.70555
-0.69115
-0.68152
-0.69448
-0.73274
-0.77456
-0.81428
-0.83992
-0.83714
-0.81981
-0.82084
-0.84746
-0.89183
-0.93206
-0.94349
-0.9287
-0.91562
-0.91598
-0.92769
-0.94988
-0.97404
-0.98131
-0.96833
-0.94325
-0.91945
-0.91825
-0.94272
-0.96735
-0.9722
-0.95819
-0.9337
-0.91503
-0.91516
-0.92925
-0.94538
-0.95737
-0.95599
-0.93701
-0.91531
-0.90938
-0.92081
-0.94055
-0.95124
-0.93957
-0.91302
-0.88989
-0.87703
-0.87547
-0.88221
-0.88532
-0.87378
-0.84821
-0.81538
-0.78716
-0.7759
-0.77865
-0.77782
-0.76264
-0.73438
-0.70127
-0.67572
-0.6641
-0.66023
-0.65608
-0.64577
-0.62289
-0.58991
-0.56634
-0.55476
-0.54968
-0.53221
-0.5101
-0.48785
-0.46505
-0.44184
-0.41838
-0.39475
-0.37116
-0.34745
-0.32303
-0.29861
-0.27434
-0.25276
-0.22983
-0.2042
-0.17792
-0.15323
-0.13003
-0.10789
-0.086321
-0.063925
-0.039767
-0.014212
0.011578
0.034012
0.054555
0.075295
0.09779
0.1217
0.14645
0.16996
0.19136
0.21159
0.23216
0.25353
0.27627
0.30005
0.32294
0.34258
0.3606
0.38084
0.40275
0.42408
0.44436
0.46363
0.48187
0.49986
0.51831
0.53714
0.5553
0.57189
0.58783
0.60374
0.61961
0.63531
0.65065
0.6654
0.67951
0.69326
0.70681
0.72017
0.73328
0.74601
0.75836
0.7697
0.77996
0.79014
0.80056
0.81078
0.82037
0.82901
0.83647
0.84323
0.84989
0.85666
0.86318
0.86887
0.87373
0.87791
0.88157
0.88499
0.88822
0.89096
0.89307
0.89463
0.89575
0.89647
0.8968
0.89665
0.89593
0.89452
0.89238
0.88988
0.88719
0.88413
0.88044
0.87605
0.87095
0.86531
0.85933
0.85313
0.84655
0.83933
0.83146
0.82311
0.81434
0.80519
0.79567
0.78576
0.7754
0.76457
0.75328
0.7416
0.72958
0.7172
0.70444
0.69124
0.67753
0.66343
0.64905
0.63441
0.61943
0.60401
0.58814
0.57188
0.55534
0.53861
0.52165
0.50434
0.48663
0.46862
0.45036
0.4319
0.41324
0.39436
0.37524
0.35588
0.33632
0.31658
0.2967
0.27668
0.25649
0.23612
0.21557
0.19487
0.1741
0.15328
0.13237
0.11135
0.090216
0.068983
0.047706
0.026444
0.0052076
-0.016038
-0.037326
-0.058623
-0.079888
-0.10109
