0.8166
0.8258
0.83469
0.84297
0.85078
0.85813
0.86484
0.87121
0.87683
0.88193
0.88667
0.89085
0.8945
0.89763
0.90013
0.90229
0.9036
0.90474
0.90487
0.90468
0.90402
0.90268
0.90099
0.89852
0.89567
0.89225
0.88824
0.88376
0.87874
0.87318
0.86684
0.86015
0.85294
0.84522
0.83698
0.82822
0.81901
0.80933
0.79916
0.78852
0.77734
0.76578
0.75369
0.74121
0.72818
0.71475
0.70092
0.68664
0.67199
0.6569
0.64139
0.62554
0.60928
0.59266
0.5757
0.55836
0.54062
0.52258
0.50425
0.4856
0.46667
0.44745
0.42796
0.40824
0.38828
0.36808
0.34765
0.32702
0.30619
0.28517
0.26398
0.2426
0.2211
0.19947
0.17772
0.15586
0.13389
0.11186
0.089755
0.067592
0.045399
0.023162
0.00089101
-0.021387
-0.043635
-0.065857
-0.088037
-0.11017
-0.13223
-0.1542
-0.17607
-0.19784
-0.21949
-0.24101
-0.26238
-0.2836
-0.30464
-0.32551
-0.34618
-0.36663
-0.38686
-0.40686
-0.42662
-0.44612
-0.46534
-0.48429
-0.50294
-0.5213
-0.53934
-0.55707
-0.57445
-0.59149
-0.60816
-0.62447
-0.6404
-0.65594
-0.67108
-0.68581
-0.70014
-0.71403
-0.7275
-0.74052
-0.75311
-0.76523
-0.7769
-0.78809
-0.79881
-0.80904
-0.81878
-0.82801
-0.83674
-0.84499
-0.85272
-0.85994
-0.51115
-0.52607
-0.54057
-1.3323
-1.3186
-1.3045
-1.2896
-1.2742
-1.2591
-1.2464
-1.2292
-1.3441
-1.3667
-1.3422
-1.0163
-0.85817
-0.8543
-0.9538
-0.82753
-0.81916
-0.43364
-0.44968
-0.46416
-0.43505
-0.45374
-0.51627
-0.70443
-0.70079
-0.66879
-0.36111
-0.38426
-0.45604
-0.78736
-0.7967
-0.76509
-0.85546
-0.84354
-0.80376
-0.92006
-0.89359
-0.99043
-0.96053
-0.88663
-0.62531
-0.56554
-0.55103
-0.6837
-0.69603
-0.63906
-0.37282
-0.28793
-0.23692
-0.15231
-0.10684
-0.19424
-0.22464
-0.20016
-0.12311
-0.029346
-0.043845
-0.17411
-0.27676
-0.25971
-0.21186
-0.15482
-0.14344
-0.15389
-0.22581
-0.25039
-0.31087
-0.33046
-0.2358
-0.075806
-0.025976
-0.029634
-0.088413
-0.085522
-0.016318
0.10831
0.15217
0.20133
0.23341
0.24818
0.21476
0.2459
0.31016
0.39512
0.46297
0.45771
0.35189
0.29789
0.30681
0.35823
0.41299
0.44511
0.43137
0.41362
0.38814
0.34989
0.35145
0.42247
0.4973
0.49831
0.47101
0.4339
0.43547
0.50069
0.58411
0.62473
0.65036
0.65241
0.63252
0.6131
0.63493
0.68312
0.75731
0.80764
0.79832
0.73989
0.72133
0.74017
0.77482
0.8072
0.81847
0.79643
0.77218
0.745
0.72574
0.7437
0.79386
0.8212
0.80763
0.76563
0.72216
0.71115
0.74669
0.78938
0.80855
0.81406
0.80321
0.77891
0.76585
0.77817
0.80841
0.8473
0.86074
0.83187
0.79218
0.78019
0.79323
0.81823
0.83758
0.83341
0.80302
0.76814
0.73444
0.71386
0.72078
0.7413
0.74253
0.71721
0.6732
0.63237
0.6194
0.63171
0.64137
0.63663
0.61962
0.59119
0.55987
0.5445
0.54847
0.56362
0.57659
0.56603
0.52891
0.49073
0.47145
0.47015
0.47849
0.48014
0.46217
0.42939
0.39375
0.36145
0.34173
0.33881
0.33785
0.32035
0.28476
0.24012
0.20383
0.1892
0.18877
0.18425
0.16882
0.14145
0.10517
0.07192
0.052757
0.047057
0.048072
0.043945
0.022363
-0.013709
-0.046658
-0.0657
-0.072082
-0.074007
-0.083883
-0.10804
-0.14027
-0.17255
-0.19894
-0.21306
-0.21731
-0.23118
-0.25728
-0.29002
-0.31053
-0.32655
-0.34253
-0.35805
-0.37325
-0.38823
-0.40306
-0.41793
-0.43265
-0.44661
-0.46047
-0.47442
-0.49093
-0.50594
-0.51807
-0.52936
-0.54206
-0.55603
-0.57079
-0.58585
-0.59979
-0.61163
-0.62173
-0.63124
-0.64371
-0.65765
-0.67097
-0.68208
-0.69131
-0.69921
-0.70784
-0.71809
-0.72893
-0.73888
-0.74741
-0.75398
-0.7589
-0.76406
-0.77182
-0.78053
-0.78632
-0.78973
-0.79301
-0.79662
-0.80051
-0.80464
-0.80825
-0.81061
-0.81178
-0.8128
-0.81459
-0.81617
-0.81693
-0.81688
-0.81613
-0.81485
-0.8133
-0.8115
-0.80915
-0.80608
-0.8023
-0.79784
-0.79284
-0.78728
-0.78181
-0.77647
-0.77028
-0.7629
-0.75477
-0.74634
-0.73793
-0.72972
-0.72128
-0.71199
-0.70164
-0.69061
-0.67947
-0.66821
-0.6567
-0.64478
-0.63219
-0.61886
-0.60512
-0.5911
-0.57673
-0.56192
-0.54662
-0.53084
-0.51468
-0.49822
-0.48163
-0.46492
-0.44775
-0.42996
-0.41176
-0.39339
-0.37496
-0.35648
-0.3378
-0.31872
-0.29916
-0.27928
-0.25936
-0.23942
-0.21931
-0.19899
-0.17845
-0.15767
-0.13671
-0.11564
-0.094502
-0.073294
-0.051985
-0.03054
-0.0089849
0.012628
0.034214
0.055698
0.077151
0.098696
0.12031
0.14189
0.16333
0.18458
0.20568
0.22673
0.24778
0.26878
0.28959
0.31013
0.33047
0.35065
0.37069
0.39056
0.41023
0.42965
0.4488
0.46769
0.48634
0.50473
0.52285
0.54066
0.55812
0.5752
0.59192
0.60832
0.62442
0.64014
0.65545
0.6703
0.68472
0.69871
0.71233
0.72556
0.73834
0.75063
0.76243
0.77377
0.78465
