0.81656
0.82558
0.83441
0.84301
0.85052
0.85785
0.86487
0.87086
0.87668
0.88216
0.8866
0.89086
0.8947
0.89754
0.90019
0.90242
0.90383
0.90476
0.90511
0.90475
0.90406
0.90265
0.90099
0.89864
0.89559
0.89232
0.88833
0.88365
0.87878
0.87316
0.86691
0.86049
0.8531
0.84529
0.83707
0.82848
0.81923
0.80954
0.79946
0.78873
0.77758
0.76607
0.75402
0.74148
0.72849
0.715
0.70118
0.68684
0.67219
0.65714
0.64156
0.62574
0.60955
0.59282
0.57587
0.55859
0.54082
0.52288
0.50453
0.48583
0.46687
0.44771
0.42824
0.4085
0.38856
0.36835
0.34789
0.32729
0.30647
0.28544
0.26423
0.24284
0.22133
0.19967
0.17791
0.15607
0.13408
0.11203
0.089964
0.067759
0.045546
0.023339
0.0010558
-0.021193
-0.043427
-0.065686
-0.087889
-0.11
-0.13205
-0.15403
-0.1759
-0.19767
-0.21935
-0.24086
-0.26223
-0.28345
-0.3045
-0.32538
-0.34606
-0.36653
-0.38677
-0.40676
-0.42653
-0.44604
-0.46526
-0.48422
-0.50289
-0.52123
-0.53928
-0.557
-0.57437
-0.59142
-0.60811
-0.62442
-0.64034
-0.65589
-0.67103
-0.68576
-0.7001
-0.714
-0.72746
-0.74049
-0.75308
-0.76521
-0.77688
-0.78808
-0.7988
-0.80904
-0.81878
-0.82802
-0.83675
-0.84499
-0.85273
-0.85993
-0.86661
-0.87276
-0.87838
-0.88347
-0.53017
-0.54268
-0.55479
-0.56617
-0.57746
-1.3583
-1.3422
-1.2268
-1.2125
-1.1981
-1.1929
-1.2057
-1.0028
-0.99359
-1.0072
-1.0056
-1.0505
-1.0325
-1.0188
-1.1853
-1.1966
-1.1619
-1.1297
-1.1062
-0.79767
-0.71235
-0.685
-0.67105
-0.66319
-0.76931
-0.77462
-0.60357
-0.55177
-0.53639
-0.33266
-0.18753
-0.21093
-0.22049
-0.20039
-0.19415
-0.23285
-0.33996
-0.40835
-0.47945
-0.53623
-0.54183
-0.52987
-0.51779
-0.40476
-0.27975
-0.29893
-0.31572
-0.31825
-0.42103
-0.58855
-0.55081
-0.50811
-0.47482
-0.426
-0.33099
-0.32033
-0.35331
-0.29186
-0.24252
-0.3264
-0.30689
-0.27057
-0.24052
-0.2315
-0.19548
-0.13155
-0.024374
0.053843
0.20797
0.24684
0.24373
0.24679
0.23086
0.14309
0.15483
0.22974
0.26013
0.29354
0.43745
0.49785
0.49625
0.50236
0.52218
0.5047
0.48945
0.50748
0.50138
0.429
0.43924
0.48314
0.49785
0.50347
0.53664
0.55846
0.5386
0.49435
0.46625
0.3808
0.33167
0.37768
0.42228
0.45305
0.52197
0.5811
0.57078
0.5687
0.60791
0.59902
0.55907
0.57445
0.60586
0.61697
0.6322
0.67631
0.71787
0.74905
0.82637
0.89739
0.88811
0.87276
0.87001
0.85718
0.83198
0.84964
0.88877
0.91306
0.94425
1.0113
1.0003
0.95989
0.94162
0.91853
0.86944
0.85102
0.85395
0.82437
0.78835
0.8047
0.81998
0.81277
0.80638
0.81113
0.79092
0.74838
0.71434
0.67543
0.60792
0.58828
0.61191
0.62677
0.63547
0.65573
0.66011
0.63335
0.61616
0.6139
0.58038
0.55244
0.56491
0.57433
0.56959
0.58177
0.60112
0.60139
0.6034
0.62811
0.62817
0.59056
0.55829
0.53581
0.50744
0.48519
0.49052
0.4968
0.48935
0.49864
0.50565
0.468
0.4195
0.38264
0.34221
0.29772
0.27285
0.2543
0.21641
0.18699
0.1833
0.16502
0.13345
0.10753
0.069559
0.028309
-0.0052527
-0.029343
-0.063701
-0.077833
-0.095363
-0.11791
-0.13145
-0.14053
-0.14888
-0.15871
-0.1722
-0.18913
-0.20421
-0.21286
-0.2215
-0.24127
-0.26171
-0.27715
-0.2899
-0.30116
-0.31163
-0.32486
-0.3413
-0.35317
-0.36451
-0.38321
-0.40473
-0.42615
-0.4467
-0.46541
-0.48315
-0.50283
-0.52321
-0.53962
-0.55047
-0.56217
-0.57646
-0.59232
-0.60815
-0.62225
-0.6345
-0.64715
-0.66114
-0.67097
-0.67906
-0.68665
-0.69386
-0.70168
-0.71
-0.71729
-0.72447
-0.73262
-0.74057
-0.74777
-0.75467
-0.76214
-0.76963
-0.77798
-0.78542
-0.79052
-0.79428
-0.79793
-0.80185
-0.80566
-0.80898
-0.81208
-0.81453
-0.8173
-0.82015
-0.82165
-0.82175
-0.82113
-0.82033
-0.81931
-0.81765
-0.81542
-0.81265
-0.80991
-0.80693
-0.80344
-0.79938
-0.79476
-0.78962
-0.78428
-0.77852
-0.77169
-0.76366
-0.75519
-0.74643
-0.73745
-0.72828
-0.71856
-0.70803
-0.69715
-0.68617
-0.67488
-0.66283
-0.65019
-0.63707
-0.62358
-0.60989
-0.59587
-0.58139
-0.56656
-0.55144
-0.53605
-0.52041
-0.50441
-0.48804
-0.47141
-0.45458
-0.43722
-0.41918
-0.40073
-0.38199
-0.36306
-0.34404
-0.32474
-0.30501
-0.28508
-0.26509
-0.24489
-0.22443
-0.20359
-0.18255
-0.16142
-0.14028
-0.11905
-0.097697
-0.076235
-0.054779
-0.033296
-0.011773
0.0098082
0.031428
0.052975
0.074416
0.095918
0.11756
0.13928
0.16093
0.18244
0.2038
0.22506
0.24629
0.26741
0.28831
0.30902
0.32959
0.35006
0.37037
0.39046
0.41027
0.42981
0.44912
0.46819
0.48695
0.50539
0.52353
0.54136
0.55889
0.57605
0.59282
0.60925
0.6254
0.64122
0.65667
0.67169
0.68625
0.70039
0.71414
0.72745
0.7403
0.75267
0.76459
0.77605
0.78706
