-0.069097
-0.091285
-0.11338
-0.13537
-0.15733
-0.17917
-0.2009
-0.22252
-0.24403
-0.26541
-0.28658
-0.30763
-0.3285
-0.34909
-0.36955
-0.38975
-0.40968
-0.42938
-0.44881
-0.46798
-0.48686
-0.50547
-0.5238
-0.54179
-0.55944
-0.5768
-0.59377
-0.61036
-0.62665
-0.64251
-0.65796
-0.67311
-0.68766
-0.70189
-0.71571
-0.72914
-0.74211
-0.75463
-0.7667
-0.7783
-0.78943
-0.80007
-0.81023
-0.81988
-0.82905
-0.83771
-0.84588
-0.85354
-0.86069
-0.86732
-0.8734
-0.87899
-0.88405
-0.88854
-0.89251
-0.89595
-0.89881
-0.90118
-0.90294
-0.90416
-0.90485
-0.90502
-0.90463
-0.90369
-0.90221
-0.90019
-0.89761
-0.8945
-0.89083
-0.88663
-0.88189
-0.87661
-0.87081
-0.86449
-0.85765
-0.85028
-0.8424
-0.83401
-0.82513
-0.81573
-0.80584
-0.79547
-0.78461
-0.77328
-0.76148
-0.7492
-0.73648
-0.72333
-0.70973
-0.69571
-0.68126
-0.66641
-0.65115
-0.63549
-0.61945
-0.60303
-0.58625
-0.56911
-0.55163
-0.53382
-0.51568
-0.49724
-0.47849
-0.45945
-0.44014
-0.42055
-0.40071
-0.38064
-0.36033
-0.3398
-0.31906
-0.29812
-0.27701
-0.25573
-0.23431
-0.21273
-0.19103
-0.16922
-0.1473
-0.12529
-0.1032
-0.081055
-0.058857
-0.036622
-0.014366
0.0078979
0.030156
0.052396
0.074605
0.09676
0.11885
0.14089
0.16284
0.18467
0.2064
0.228
0.24946
0.27077
0.64981
0.66233
0.67452
0.68671
0.6982
-0.060635
-0.023354
0.11243
0.14629
0.17953
0.20261
0.20681
0.42601
0.45056
0.45141
0.46668
0.43449
0.46429
0.48887
0.33238
0.33015
0.373
0.41236
0.44217
0.756
0.8457
0.87653
0.893
0.90246
0.797
0.79138
0.96118
1.0107
1.0229
1.2225
1.3626
1.3332
1.3167
1.3289
1.3264
1.278
1.1602
1.0803
0.99683
0.92672
0.90691
0.9038
0.89994
0.99615
1.1035
1.0658
1.0297
1.0071
0.88338
0.69416
0.70945
0.72892
0.73823
0.76232
0.83187
0.81639
0.75658
0.79052
0.8117
0.69902
0.68912
0.69543
0.69489
0.67276
0.67708
0.70879
0.78322
0.82822
0.94866
0.95339
0.91571
0.88381
0.83253
0.70904
0.68473
0.72328
0.71701
0.71349
0.82021
0.84319
0.80395
0.77224
0.75407
0.69846
0.64494
0.62462
0.58006
0.46921
0.441
0.44644
0.42272
0.38996
0.38478
0.36835
0.31034
0.22808
0.1621
0.038967
-0.04764
-0.038878
-0.031275
-0.037183
-0.0046432
0.018405
-0.02765
-0.06507
-0.060838
-0.10432
-0.17845
-0.19682
-0.19872
-0.22041
-0.2375
-0.22516
-0.21478
-0.21423
-0.167
-0.12543
-0.16353
-0.20707
-0.23739
-0.2771
-0.32854
-0.33642
-0.32211
-0.32191
-0.31406
-0.26951
-0.30233
-0.36376
-0.40223
-0.44467
-0.51229
-0.54844
-0.56238
-0.60801
-0.6592
-0.65718
-0.65532
-0.67508
-0.69307
-0.69902
-0.72904
-0.78046
-0.82246
-0.86838
-0.94199
-0.9668
-0.9474
-0.93584
-0.92949
-0.91064
-0.90671
-0.93297
-0.9487
-0.94858
-0.97875
-1.0024
-0.98468
-0.96911
-0.96674
-0.94655
-0.91826
-0.90814
-0.89536
-0.85899
-0.84634
-0.87048
-0.88838
-0.89564
-0.9079
-0.9132
-0.89007
-0.86516
-0.85315
-0.8236
-0.79552
-0.81133
-0.8372
-0.85068
-0.86695
-0.88656
-0.88582
-0.87807
-0.88898
-0.89076
-0.86614
-0.85551
-0.85753
-0.85332
-0.86056
-0.87051
-0.87226
-0.86399
-0.86546
-0.8463
-0.83003
-0.8183
-0.79714
-0.77114
-0.74405
-0.71804
-0.69537
-0.67582
-0.6541
-0.62572
-0.59704
-0.57928
-0.56201
-0.53955
-0.51421
-0.48725
-0.45939
-0.4342
-0.41215
-0.3855
-0.3583
-0.33847
-0.32148
-0.30443
-0.28658
-0.26699
-0.24656
-0.22819
-0.21071
-0.18944
-0.16283
-0.1373
-0.11459
-0.093749
-0.07319
-0.051209
-0.027725
-0.004999
0.015979
0.04071
0.066764
0.092866
0.11886
0.14379
0.16769
0.19207
0.21602
0.23845
0.26047
0.28264
0.30451
0.32515
0.34511
0.36353
0.38221
0.40248
0.42336
0.44367
0.46293
0.4815
0.49984
0.51761
0.53517
0.55162
0.5672
0.58324
0.59985
0.6163
0.63212
0.64723
0.66208
0.67666
0.69082
0.70405
0.71667
0.72882
0.74058
0.75209
0.76309
0.7733
0.78311
0.79302
0.80314
0.81275
0.82171
0.82999
0.83748
0.84457
0.85154
0.85787
0.86335
0.86829
0.87302
0.87738
0.88134
0.88474
0.8874
0.88948
0.89117
0.8923
0.8928
0.89273
0.89208
0.89088
0.88923
0.88699
0.88412
0.88102
0.87778
0.87413
0.87004
0.86538
0.86007
0.85427
0.84819
0.84168
0.83447
0.82681
0.81887
0.81059
0.80188
0.7927
0.78297
0.77271
0.76209
0.75106
0.73949
0.72747
0.71507
0.70225
0.68902
0.6754
0.66125
0.64679
0.63217
0.61731
0.60208
0.58643
0.57044
0.55407
0.53749
0.52064
0.50341
0.48581
0.46802
0.45007
0.43185
0.41338
0.39463
0.37561
0.3564
0.337
0.31736
0.29749
0.27749
0.25731
0.23698
0.21649
0.19584
0.17508
0.15429
0.13348
0.11259
0.091595
0.070516
0.049368
0.028212
0.0070546
-0.014129
-0.035355
-0.056554
-0.077684
-0.098772
