-0.74746
-0.73429
-0.72104
-0.70764
-0.69319
-0.67867
-0.66397
-0.64834
-0.63265
-0.61676
-0.60002
-0.58323
-0.5662
-0.54844
-0.53064
-0.51267
-0.49415
-0.47538
-0.4563
-0.43677
-0.4172
-0.39718
-0.37719
-0.35685
-0.33615
-0.31552
-0.29456
-0.27329
-0.25212
-0.23065
-0.20894
-0.18737
-0.16545
-0.14341
-0.12136
-0.099335
-0.077126
-0.054909
-0.03276
-0.01043
0.011841
0.034008
0.056206
0.078403
0.10056
0.12271
0.1447
0.1667
0.18851
0.21018
0.23183
0.25326
0.2745
0.29572
0.31664
0.33736
0.35799
0.37829
0.39841
0.41833
0.43798
0.4573
0.47639
0.49519
0.51365
0.53184
0.54972
0.56721
0.58436
0.60119
0.61766
0.63377
0.64948
0.66482
0.67974
0.69421
0.70832
0.72198
0.73517
0.74797
0.7603
0.77213
0.78356
0.79448
0.80491
0.81488
0.82437
0.83332
0.84178
0.84974
0.85717
0.86408
0.87049
0.87635
0.88168
0.88648
0.89075
0.89449
0.89769
0.90034
0.90245
0.904
0.90502
0.90549
0.90539
0.90477
0.9036
0.90187
0.8996
0.89679
0.89343
0.88954
0.88512
0.88015
0.87465
0.86862
0.86206
0.85498
0.84739
0.83929
0.83067
0.82155
0.81193
0.80183
0.79125
0.78018
0.76865
0.75664
0.74418
0.73126
0.71789
0.70411
0.6899
0.67525
0.66021
0.64476
0.62892
0.6127
-0.11964
-0.11965
-0.11973
-0.12054
-0.12074
-0.88388
-0.85792
-1.0301
-0.99745
-0.96661
-0.92998
-0.84286
-0.62904
-0.6087
-0.54173
-0.51365
-0.55393
-0.5356
-0.50981
-0.2442
-0.20911
-0.20968
-0.19808
-0.1896
0.097615
0.16116
0.15553
0.15291
0.15026
0.37769
0.40955
0.53057
0.54359
0.48808
0.63171
0.74239
0.69469
0.6295
0.47335
0.37223
0.38461
0.27168
0.1722
0.04032
-0.056715
-0.042447
-0.03682
-0.043886
-0.14777
-0.25938
-0.26839
-0.28612
-0.30085
-0.40558
-0.58754
-0.61537
-0.63647
-0.56717
-0.52241
-0.60965
-0.61715
-0.63502
-0.5604
-0.49728
-0.59403
-0.58153
-0.5158
-0.39475
-0.21481
-0.17491
-0.13585
-0.034353
0.032757
0.16587
0.19688
0.19985
0.18171
0.17032
0.244
0.27288
0.2905
0.26423
0.23727
0.34144
0.38836
0.38621
0.32015
0.20058
0.17701
0.16803
0.13731
0.075515
-0.046168
-0.074066
-0.063001
-0.097309
-0.13321
-0.25692
-0.33153
-0.34838
-0.3816
-0.39287
-0.46347
-0.52264
-0.51524
-0.47218
-0.40163
-0.37231
-0.38603
-0.3811
-0.34887
-0.27731
-0.26197
-0.29645
-0.27959
-0.24042
-0.13479
-0.047759
-0.025502
0.0065222
0.037586
0.11718
0.19674
0.20864
0.211
0.20252
0.22744
0.29331
0.30429
0.30112
0.28162
0.27435
0.32023
0.31636
0.28
0.20565
0.13096
0.11072
0.10102
0.081652
0.029064
-0.029976
-0.033903
-0.032001
-0.041576
-0.082567
-0.15846
-0.19275
-0.20177
-0.20346
-0.2139
-0.26475
-0.28334
-0.26331
-0.22271
-0.17848
-0.18012
-0.18253
-0.16454
-0.12849
-0.079497
-0.067311
-0.065543
-0.036631
0.014458
0.091497
0.14493
0.1622
0.17268
0.19287
0.24224
0.27384
0.27059
0.259
0.25011
0.27751
0.3094
0.31283
0.3007
0.27833
0.28093
0.29566
0.27984
0.24128
0.18282
0.14135
0.13126
0.11975
0.098815
0.057057
0.021821
0.016589
0.011063
-0.0032687
-0.035355
-0.054671
-0.075841
-0.089605
-0.092918
-0.10426
-0.095159
-0.080642
-0.051833
-0.035671
-0.029513
-0.023879
-0.015932
-0.0057192
0.0082405
0.021593
0.028644
0.036109
0.048905
0.06044
0.064962
0.069745
0.075056
0.08179
0.091458
0.10188
0.10936
0.11991
0.1281
0.13293
0.13741
0.14323
0.15062
0.16109
0.17731
0.18808
0.1923
0.19892
0.2056
0.21144
0.2188
0.22601
0.22877
0.23063
0.2375
0.24507
0.25119
0.25544
0.25907
0.26246
0.26676
0.27234
0.2761
0.27848
0.28185
0.28511
0.28801
0.29061
0.29186
0.29262
0.29553
0.29812
0.29699
0.29379
0.29008
0.28628
0.28329
0.28061
0.27532
0.26775
0.26089
0.2552
0.24825
0.23978
0.23071
0.22093
0.21129
0.20275
0.19367
0.18321
0.17293
0.1627
0.15194
0.14088
0.12971
0.11817
0.10747
0.096897
0.084749
0.07087
0.056603
0.04237
0.02834
0.014329
-0.00039844
-0.016152
-0.031754
-0.046817
-0.06234
-0.078837
-0.095765
-0.11276
-0.12965
-0.14615
-0.16269
-0.17968
-0.19652
-0.21305
-0.2297
-0.24648
-0.26326
-0.27998
-0.29628
-0.31216
-0.32836
-0.3453
-0.36234
-0.37904
-0.39536
-0.41135
-0.42729
-0.44342
-0.45938
-0.47476
-0.48985
-0.50497
-0.52009
-0.53492
-0.54941
-0.56342
-0.57701
-0.59039
-0.60347
-0.61605
-0.62826
-0.64015
-0.65165
-0.66274
-0.67342
-0.68348
-0.69326
-0.70296
-0.71241
-0.72138
-0.72979
-0.73768
-0.74505
-0.7521
-0.75874
-0.76479
-0.77024
-0.77529
-0.77998
-0.78418
-0.78783
-0.79087
-0.79332
-0.79525
-0.79668
-0.79751
-0.79777
-0.79753
-0.79673
-0.79542
-0.79354
-0.79103
-0.78801
-0.78461
-0.78079
-0.77647
-0.77159
-0.7661
-0.76006
-0.75356
-0.7466
-0.73909
-0.73101
-0.72245
-0.71345
-0.70401
