-0.747497008868387
-0.734667259448877
-0.147815532769002
-0.145841567263191
-0.143694601459879
-0.141375503484464
-0.683755079078425
-0.668261813969619
-0.647913770628793
-0.631755293707086
-0.615215439811780
-0.598316730517122
-0.585193577661406
-0.565730107323250
-0.547725603396569
-0.529422799498958
-0.510805081400263
-0.492978545297351
-0.474274042329109
-0.454712535458354
-0.434905938224198
-0.414839240228964
-0.394550170249835
-0.374048767368184
-0.353306958086278
-0.332963372313882
-0.311811111011039
-0.290492685980734
-0.269015313076535
-0.247394596105025
-0.225638573294854
-0.203758170848698
-0.180866396583012
-0.179394420235691
-0.154645044466706
-0.132013863195083
-0.109344874578867
-0.0868571635260847
-0.0658136371427842
-0.0428507082083622
-0.0194799002857934
0.00331311996334468
0.0260848518249931
0.0485820388379117
0.0706543650019548
0.0932853033211596
0.115867824844347
0.138352992696147
0.160694859723145
0.182935787636073
0.205042161581450
0.226850292764734
0.248459816147822
0.270093738335762
0.291535033527103
0.312787396587637
0.333823128854523
0.354630963285761
0.374959649447978
0.388635002711978
0.406739641692452
0.427252592533275
0.447156704091426
0.466659078724195
0.485327764600319
0.504058492076871
0.522998816834998
0.541362117597148
0.559317874849603
0.576822616862067
0.593749794524308
0.610482069058704
0.626933582529127
0.642975043414724
0.658577864027988
0.673760464262038
0.688512548678957
0.702772228292711
0.716507386304415
0.729882695771234
0.742814252593132
0.755281103911450
0.767267171057765
0.778758917082264
0.789604871256171
0.797955800850574
0.805944445489144
0.815698573046574
0.825001269316579
0.833699115729732
0.841680253106685
0.849136498015155
0.856351685014039
0.863006045769904
0.869053024567736
0.874511930188794
0.879330837092699
0.883616569366508
0.887435275614085
0.890702973318258
0.893398666615017
0.895523903390446
0.897092300738239
0.898075381592736
0.898454392879423
0.898291770842503
0.897598142841800
0.896346028398387
0.894538018857209
0.892162726831151
0.889166733486082
0.884956870016056
0.879800963450774
0.875090876710566
0.870188430669165
0.864694447708024
0.858587294433628
0.851900270741026
0.844797022445558
0.837205636704793
0.829059737812837
0.820370500366809
0.811133400426593
0.801374122574170
0.791158705105784
0.780464282541392
0.769280768748216
0.757607712799988
0.745465823006882
0.732860265890108
0.719785578413557
0.706259011636111
0.692314145233103
0.677941927464230
0.663156479898752
0.647948082014877
0.632311479781848
0.616061802382606
0.599159262038411
0.582198510659238
0.565186361526300
0.547842133274880
0.530113513594581
0.512021375565661
0.493641305031381
0.474989675482228
0.456030957829410
0.436773373774395
0.417226166022482
0.397402770075958
0.377341867068768
0.357062468755081
0.336556227951860
0.315837165502000
0.294921745470701
0.273819630997509
0.252540256455432
0.231103840043758
0.209526411575682
0.187824827001804
0.166004630674805
0.144077963711382
0.122045403486427
0.0998606446939806
0.0774741189927887
0.0551064612293958
0.0328794330651654
0.0106797035936066
-0.0115491078489490
-0.0337928692133534
-0.0560175099977116
-0.0781910627356718
-0.100321777795030
-0.122401259067513
-0.144420300784483
-0.166362071116201
-0.188206751616217
-0.209930094200215
-0.231528377706924
-0.252990001066455
-0.274301595491468
-0.295447755416526
-0.316421257879892
-0.337204474097920
-0.357783190507656
-0.378142620877892
-0.398272567546163
-0.418163119976282
-0.437806503524358
-0.457212976425233
-0.476402529153309
-0.495303562211788
-0.513822244708983
-0.531984713041101
-0.549825970694082
-0.567346452086048
-0.584525368406934
-0.601344210617195
-0.617794949984413
-0.633876486525291
-0.649577770978269
-0.664892072380894
-0.679803815882930
-0.694302060766358
-0.708375836106791
-0.722023281534297
-0.735231824170611
-0.747996640686955
-0.760307384431106
-0.772160383915510
-0.783542091446105
-0.794449365073809
-0.804870838194916
-0.814806380565086
-0.824232950031853
-0.833174643976394
-0.841644877717399
-0.849618030344617
-0.857040759185755
-0.863920753073366
-0.870262626033738
-0.876085520291664
-0.881377703385013
-0.886124065461312
-0.890349903416780
-0.894028166448234
-0.897148490106108
-0.899759788870466
-0.901794304980315
-0.903313121471639
-0.904246624759018
-0.904669517897863
-0.904532304923011
-0.903829630578192
-0.902603713798643
-0.900791996886564
-0.898484525751861
-0.895597146338748
-0.892182365027942
-0.888224114876009
-0.883706148050343
-0.878658770379745
-0.873097704680031
-0.867010803383368
-0.860416675872929
-0.853258517959787
-0.845561906200833
-0.837389178911828
-0.828690715445437
-0.819468715903736
-0.809790192518458
-0.799623677202767
-0.788946965079572
-0.777789473802763
-0.766164305921961
-0.754080858006783
-0.741518936620532
-0.728528994753342
-0.715086026716187
-0.701204547499803
-0.686898374568450
-0.672178388813446
-0.657051208593624
-0.641520753065816
-0.625607214844870
-0.609332691104794
-0.592665125819251
-0.575636999664659
-0.558269925595846
-0.540569448184686
-0.522562559787089
-0.504231249347442
-0.485577543792031
-0.466636978889611
-0.447405068249759
-0.427903170351857
-0.408153711028284
-0.388161802409871
-0.367927616904762
-0.347471981839378
-0.326800166063787
-0.305938477410220
-0.284882142538827
-0.263655315223670
-0.242267651083433
-0.220731733415659
-0.199061964825359
-0.177274017826522
-0.155380079470481
-0.133395198603088
-0.111326326878442
-0.0892020168565362
-0.0670184227221639
-0.0447903530780171
-0.0225412146341559
-0.000282157504183206
0.0219697877248946
0.0442025493384278
0.0664182657709586
0.0885923043129540
0.110712675050792
0.132767316830633
0.154735449474146
0.176605691610033
0.198369489835197
0.220013658500770
0.241525315310154
0.262888173559019
0.284092241395706
0.305125449365945
0.325972047177299
0.346621992148080
0.367060954321292
0.387276760609986
0.407255627125661
0.426986578415382
0.446458454657429
0.465656489583555
0.484570639126381
0.503194778992272
0.521510685832600
0.539509379223414
0.557176643187873
0.574504028594377
0.591484731140307
0.608109820296048
0.624364127141190
0.640242680404633
0.655729425948821
0.670818409438627
0.685498617696779
0.699766245860350
0.713608138230999
0.727019517630779
0.739987872000353
0.752511278850358
0.764576011868636
0.776180344240774
0.787311972869407
0.797969094943134
0.808139476551984
0.817822573965110
0.827007451437810
0.835693472699554
0.843869405696415
0.851538667729766
0.858688966089792
0.865321506802430
0.871425544261794
0.877003800957766
0.882048321214170
0.886563685830298
0.890538841097050
0.893978926175571
0.896873841307718
0.899228561596299
0.901034962426935
0.902300259257613
0.903016035315005
0.903189313312115
0.902812035087456
0.901892858066327
0.900424130019609
0.898414686596996
0.895857824356674
0.892762997930626
0.889123792260906
0.884950544165246
0.880237809692011
0.874996536065965
0.869221397221295
0.862925035645244
0.856102893598385
0.848766756570301
0.840912636270235
0.832553480237463
0.823686772570841
0.814326869064679
0.804470742811189
0.794132512289558
0.783310074090457
0.772017765021841
0.760254466736174
0.748035820832479
0.735361266870633
0.722246375194341
0.708691017316147
0.694711462434749
0.680308357139533
0.665498070491029
0.650281946465134
0.634676732467560
0.618684270912336
0.602321621849436
0.585591428818658
0.568511056114865
0.551083579867979
0.533326829299744
0.515244786597250
0.496854896410697
0.478161470669781
0.459182323921454
0.439922738979069
0.420401043865684
0.400622846507544
0.380605982479847
0.360356650181889
0.339892638169162
0.319220757929453
0.298359118430091
0.277315181837769
0.256106737780366
0.234741616397994
0.213237542610195
0.191602964674067
0.169855343851932
0.148003585725015
0.126064968642330
0.104048818136085
0.0819721325433342
0.0598447476784320
0.0376834091947164
0.0154983145652692
-0.00669409175375841
-0.0288830561266973
-0.0510526717394352
-0.0731920226933012
-0.0952855630494229
-0.117321858409793
-0.139285616174525
-0.161165100591253
-0.182945771714527
-0.204615682493249
-0.226160819676429
-0.247568971598090
-0.268826546797325
-0.289920998597959
-0.310839410059081
-0.331569130183444
-0.352097871184957
-0.372412755010269
-0.392502166357206
-0.412353117156735
-0.431954667499807
-0.451293730850953
-0.470360097308623
-0.489140581954929
-0.507625682992158
-0.525802181367352
-0.543661337345427
-0.561189852347954
-0.578379796033566
-0.595217995995732
-0.611697331660503
-0.627804604751041
-0.643533415403686
-0.658870617246583
-0.673810746668817
-0.688340844243708
-0.702456296591102
-0.716144287843767
-0.729401011508370
-0.742213764215430
-0.754579621628103
-0.766486136937867
-0.777931276055585
-0.788902806681786
-0.799399568981101
-0.809409611612839
-0.818932657333784
-0.827957050445340
-0.836483405081005
-0.844500383821757
-0.852009467317734
-0.858999666738412
-0.865473344658770
-0.871419866350364
-0.876842464095950
-0.881730951016367
-0.886089444306944
-0.889908156142296
-0.893192011443498
-0.895931646207481
-0.898132861920105
-0.899786813432176
-0.900900140917284
-0.901464492956585
-0.901487303705543
-0.900960704639928
-0.899892920167460
-0.898276637645383
-0.896120870003038
-0.893418850191660
-0.890180337509866
-0.886399137911790
-0.882085742488480
-0.877234539920535
-0.871856728191954
-0.865947292398830
-0.859518100646284
-0.852564743101176
-0.845099737376305
-0.837119286008035
-0.828636519208717
-0.819648284127341
-0.810168312112176
-0.800194078815945
-0.789739846765756
-0.778803716557485
-0.767400477629144
-0.755528900300608
-0.743204266951969