-0.0689771117253830
-0.0911360283425447
-0.164844633774935
-0.170882417783145
-0.176949815095368
-0.183042719927659
-0.200152459091228
-0.221808236122432
-0.243073661904097
-0.264299296737443
-0.285371566905177
-0.306285145430257
-0.327766083469933
-0.348592650865360
-0.368981402330263
-0.389153260191919
-0.409088642710217
-0.428790566436737
-0.448268244487327
-0.467468650407906
-0.486369605429068
-0.504963794680192
-0.523261338164514
-0.541242698255462
-0.558886986237355
-0.576091156931875
-0.593061970750173
-0.609677452814706
-0.625920370487873
-0.641788234236961
-0.657267051218831
-0.672345716970686
-0.686284759078348
-0.700169541498993
-0.713892135641840
-0.727202560856598
-0.740088125015392
-0.752569634617934
-0.764860790548445
-0.776511561244900
-0.787661803104579
-0.798269048856634
-0.808399453639284
-0.818045096833714
-0.827209104310353
-0.835876797199150
-0.844023088767939
-0.851641891916461
-0.858752453309011
-0.865341822690830
-0.871402935353912
-0.876890846824063
-0.881896761213496
-0.886373737146874
-0.890316737722992
-0.893718995599275
-0.896582921998251
-0.898900063444866
-0.900490000226812
-0.901365404806658
-0.902011328945100
-0.902112344032136
-0.901680787431682
-0.900721297571421
-0.899313429689717
-0.897340278149112
-0.894785461532238
-0.891654369083465
-0.887980587283790
-0.883769982444060
-0.879032168580534
-0.873762767694738
-0.867964818734111
-0.861627856471100
-0.854773169847560
-0.847399698645316
-0.839514479984082
-0.831101819361917
-0.822197813981023
-0.812805118204431
-0.802924755820931
-0.792555502965439
-0.781710387786327
-0.770387281739939
-0.758545654867280
-0.746132477603191
-0.733380888181465
-0.720227858796821
-0.706646468224928
-0.692643688460947
-0.678258807886870
-0.663472871915072
-0.648265368624261
-0.632645781475296
-0.616639147369518
-0.600257293757754
-0.583517213099496
-0.566423148184543
-0.548989347997670
-0.531215807118866
-0.513122194435219
-0.494716520630287
-0.476013966168982
-0.457014883353987
-0.437741291968658
-0.418207492151375
-0.398425241290415
-0.378399814558122
-0.358148220169844
-0.337676775805755
-0.316985368304345
-0.296051278585095
-0.274961735661579
-0.253743353294610
-0.232379663577430
-0.210877638973554
-0.189262520870178
-0.167541878896014
-0.145713723151490
-0.123785803204027
-0.101779346569863
-0.0797091740070366
-0.0575930523443967
-0.0354417093473820
-0.0132707015365870
0.00891125426157068
0.0310881365102290
0.0532468999649722
0.0753710964373537
0.0974633812435330
0.119502704001736
0.141468545803732
0.163346590605886
0.185126441584594
0.206794154853276
0.228337930267499
0.249749765136429
0.271031132696034
0.292149598232006
0.313072174192283
0.333797093487119
0.354318837577260
0.374630596586518
0.394719830022762
0.414572744530604
0.434180888156869
0.453529588392493
0.472605751672083
0.491395691661291
0.509888764553894
0.528072536297977
0.545938590828703
0.563474576663267
0.580671112650836
0.597515029479228
0.614006135616041
0.630132873048943
0.645881540389053
0.661237262728599
0.676194568212792
0.690741541757151
0.704872994934399
0.718578930125843
0.731860202568302
0.744701138120675
0.757086382897069
0.769005306795106
0.780460215712002
0.791441859564690
0.801949988028003
0.811971900119077
0.821507853712241
0.830546332308253
0.839086199308894
0.847115773035555
0.854635905891290
0.861635756643564
0.868117836907406
0.874071981992301
0.879500997199624
0.884394525236995
0.888758813943389
0.892586127504907
0.895878858000605
0.898625546725826
0.900831927090369
0.902489458566334
0.903604879114284
0.904170594687679
0.904196173559006
0.903673497092339
0.902605802577559
0.900984073005624
0.898819894956815
0.896107844107490
0.892858887399379
0.889066242520107
0.884740814161877
0.879876779376267
0.874485079279084
0.868559895269909
0.862113304288752
0.855140392702012
0.847654239613494
0.839650781407047
0.831143589055436
0.822128894537686
0.812621615129851
0.802619910343262
0.792137946489520
0.781172038068131
0.769737231864172
0.757831885218986
0.745471728182001
0.732649030052702
0.719389408299313
0.705697133507042
0.691581682494009
0.677041377049563
0.662098755777372
0.646745746165222
0.631006230460722
0.614881366285866
0.598377908673787
0.581528224179091
0.564320102948248
0.546754645332812
0.528890785903337
0.510682657131022
0.492182153581980
0.473357235886814
0.454270688422721
0.434900882029822
0.415256597055020
0.395378983856004
0.375235052935643
0.354895554779188
0.334319870074234
0.313552792973596
0.292593469358593
0.271445536095260
0.250134879011970
0.228678663074397
0.207076497366791
0.185368227197039
0.163533067150497
0.141590864741057
0.119579993452288
0.0974856597693562
0.0753249093382576
0.0531315819115271
0.0309127580463249
0.00865762562049087
-0.0135968985189684
-0.0358425786410314
-0.0580683359694159
-0.0802518412192793
-0.102376951831455
-0.124442263593683
-0.146437969885953
-0.168338885671617
-0.190141025205553
-0.211825762162817
-0.233383636069526
-0.254800335891468
-0.276056224464198
-0.297152228203862
-0.318072239017185
-0.338796485919533
-0.359308793526485
-0.379585401181654
-0.399636604850224
-0.419446246446231
-0.439003818326762
-0.458293286923703
-0.477311024676057
-0.496034125616725
-0.514456463787221
-0.532570083219202
-0.550362676335692
-0.567820971286754
-0.584937380957360
-0.601694035558742
-0.618077182453991
-0.634084776259099
-0.649712724782475
-0.664944186934143
-0.679775817809029
-0.694193446740355
-0.708192374909476
-0.721762509888864
-0.734894636752679
-0.747581542586162
-0.759821550243843
-0.771598099573735
-0.782907827780798
-0.793733585924529
-0.804080247168976
-0.813939102617236
-0.823309549996691
-0.832178157020375
-0.840548280912959
-0.848405956470429
-0.855752342633301
-0.862578827182117
-0.868887918828636
-0.874668110105187
-0.879922761697046
-0.884640533782150
-0.888822100709693
-0.892461117224656
-0.895565110360027
-0.898123967087562
-0.900143417325316
-0.901614852608821
-0.902544531353335
-0.902925402982647
-0.902763301161604
-0.902051509365719
-0.900799844516457
-0.898999597592751
-0.896658768980009
-0.893768805630802
-0.890340708834942
-0.886370946244580
-0.881870175104376
-0.876832197437468
-0.871268895715873
-0.865174962177760
-0.858561599783677
-0.851425355702142
-0.843779326868443
-0.835619343495409
-0.826958519891464
-0.817793413140954
-0.808136416822262
-0.797985653073969
-0.787357097290548
-0.776249025329988
-0.764675997252778
-0.752636998878836
-0.740147178211973
-0.727206416519010
-0.713830174038279
-0.700018584898749
-0.685788645484884
-0.671140857696108
-0.656091078504816
-0.640640014402620
-0.624804578826570
-0.608588119523535
-0.592008180084487
-0.575067276774371
-0.557782841786201
-0.540158292069932
-0.522210817458296
-0.503944633245872
-0.485377829948875
-0.466514916016205
-0.447373616535240
-0.427959020194821
-0.408288524508027
-0.388367865095206
-0.368215742682755
-0.347838839466524
-0.327254946536237
-0.306471027106885
-0.285504899529683
-0.264364151132817
-0.243066534491008
-0.221619973789233
-0.200042394151418
-0.178342368189745
-0.156536991540214
-0.134634936769173
-0.112653288446196
-0.0906020139701276
-0.0684983880435390
-0.0463523097314603
-0.0241803372436713
-0.00199286035851820
0.0201940192285599
0.0423695511401898
0.0645177072831810
0.0866273597561987
0.108683166403003
0.130673740395159
0.152584324257194
0.174403282239604
0.196115892227497
0.217709867610505
0.239171324500286
0.260487984830697
0.281646533913934
0.302634429562073
0.323438927904370
0.344047352739847
0.364447529426172
0.384626496602975
0.404572962155941
0.424274081703165
0.443719221602676
0.462895104684831
0.481791511684493
0.500395212199514
0.518696982101805
0.536683584462003
0.554346575374048
0.571672747274794
0.588654329523403
0.605278076984905
0.621537126275813
0.637418363905119
0.652915790332565
0.668016425790313
0.682714951927817
0.696998292223336
0.710862034770504
0.724293411901929
0.737288908162353
0.749835922720464
0.761931788341463
0.773564131369485
0.784731151722825
0.795420661824129
0.805631798376157
0.815352777797585
0.824583639068679
0.833312775158385
0.841540942602009
0.849256857746953
0.856462277549583
0.863146328306903
0.869311646518663
0.874947757952394
0.880058133260942
0.884632661951609
0.888675705133210
0.892177631982373
0.895143676287911
0.897564685217829
0.899446682858662
0.900780888901762
0.901574137290986
0.901818219193669
0.901520814060585
0.900674230914242
0.899286926466782
0.897351748136492
0.894877921254044
0.891858827158456
0.888304446377569
0.884208790434517
0.879582587686651
0.874420393114381
0.868733550728836
0.862517185840613
0.855783357527514
0.848527842797788
0.840763347087695
0.832486274656779
0.823709929201656
0.814431321926308
0.804664336327013
0.794406644386983
0.783672686373163
0.772460787506062
0.760785882122042
0.748646896306079
0.736059213882169
0.723022436456156
0.709552409118801
0.695649388985592
0.681329612242298
0.666593983763556
0.651459097040993
0.635926497757409
0.620013095444002
0.603721103110147
0.587067724667586
0.570055800333190
0.552702732152426
0.535011968822787
0.517001118630557
0.498674277494843
0.480049211891591
0.461130634205227
0.441936414827082
0.422471858255645
0.402754895798877
0.382791431368558
0.362599425160725
0.342185361829172
0.321567174758138
0.300751889536412
0.279757357389650
0.258591152979917
0.237271032635312
0.215805101364762
0.194210961309561
0.172497220394189
0.150681285205960
0.128772245506010
0.106787269001138
0.0847359157393497
0.0626350849318444
0.0404947741778519
0.0183315477331607
-0.00384419644237889
-0.0260162518757418
-0.0481738195412774
-0.0703010850109912