0.816474120593053
0.825803287790710
0.312660166544118
0.316723985046506
0.320644416555414
0.324418223412287
0.883907538169812
0.890070050092240
0.890987432533074
0.896054590443718
0.900587006716157
0.904601875947053
0.912959661131021
0.914322758188301
0.916707005726531
0.918576059690136
0.919893724109961
0.921769111733580
0.922542286815907
0.922181185865771
0.921275543652639
0.919803034908446
0.917811508413637
0.915291465622925
0.912193944322905
0.909054529245031
0.904873081760479
0.900170138794687
0.894935683563679
0.889182830341245
0.882905624512943
0.876103887818656
0.867151155660619
0.879563961733937
0.868537180107803
0.859216424050941
0.849432999593514
0.839426798143279
0.830674427690468
0.819362269452586
0.807141703389738
0.794955928892589
0.782314601813697
0.769463057995188
0.756554739307763
0.742591493877357
0.728155263922956
0.713288899219677
0.698057593585226
0.682406035054036
0.666360773771680
0.650040554058617
0.633436945064967
0.616279998810413
0.598781704195187
0.580931599010896
0.562759793143007
0.544269100158415
0.525530350778149
0.512730402094007
0.495271687251974
0.474859751498178
0.454524083339580
0.434062218846561
0.413985665088743
0.393281786071601
0.371786644696614
0.350292251485702
0.328662712433591
0.306947365581414
0.285282374055659
0.263280698635487
0.241031236204451
0.218652813055855
0.196195305819069
0.173639234382794
0.151001931304660
0.128329591068760
0.105690427676175
0.0829224224327919
0.0601105032274243
0.0372743990536286
0.0144432167282305
-0.00837163534263384
-0.0310592163891860
-0.0518233232476556
-0.0725635573079315
-0.0954707142499840
-0.118354801091862
-0.141055427268983
-0.163421445220000
-0.185663626100238
-0.208086316389906
-0.230360264294711
-0.252413877198297
-0.274254636431099
-0.295813623993237
-0.317193421181970
-0.338445927616394
-0.359487166199346
-0.380276472179728
-0.400807382760068
-0.421078334569139
-0.441060498238604
-0.460713100910596
-0.480084278690932
-0.499172901551162
-0.517946213840017
-0.536389798687090
-0.554485951025094
-0.572181365181410
-0.588905591430616
-0.604839227788834
-0.621347523415578
-0.637808767091342
-0.653816808734063
-0.669324773563029
-0.684358391844577
-0.699083299293620
-0.713419833500303
-0.727280391242499
-0.740661326359286
-0.753540348081698
-0.765932413226279
-0.777888003568679
-0.789375536802436
-0.800368905257911
-0.810854612764417
-0.820836919443686
-0.830323647133086
-0.839288282414733
-0.847727557439276
-0.855660735838414
-0.863068369048242
-0.869950634751441
-0.876286012281784
-0.882061244917681
-0.887092935078041
-0.891308860269815
-0.895270684850917
-0.898983455012814
-0.902160970851536
-0.904744110180495
-0.906741205587820
-0.908214049561384
-0.909170563638498
-0.909560546221308
-0.909379125445887
-0.908621857683186
-0.907291534629269
-0.905414403366170
-0.903001059583216
-0.900030804614569
-0.896508278152288
-0.892436774949393
-0.887825766613024
-0.882673129503862
-0.876985380432310
-0.870763674303793
-0.864019395214121
-0.856746172431494
-0.848950958645334
-0.840624333611837
-0.831720847261865
-0.822175257113062
-0.812192844126079
-0.801884739859902
-0.791139919305255
-0.779892751715405
-0.768157118814331
-0.755954390121065
-0.743316790976286
-0.730224554512958
-0.716684940241135
-0.702695472250844
-0.688273834774880
-0.673429005027157
-0.658187742707019
-0.642543604285226
-0.626510996133037
-0.610092929745414
-0.593311058526770
-0.576164869624942
-0.558674383902632
-0.540842356218138
-0.522689306212464
-0.504216891020178
-0.485441759138030
-0.466364091163370
-0.446983197133841
-0.427270967939119
-0.407302240365881
-0.387161828296771
-0.366835181915864
-0.346281873413579
-0.325512435313521
-0.304540874113383
-0.283396603544913
-0.262081829392104
-0.240608592754062
-0.218982124291929
-0.197221231908166
-0.175336576819407
-0.153352178847480
-0.131274945300619
-0.109120307521519
-0.0868970703674736
-0.0646249744433115
-0.0423125259125885
-0.0199775625744589
0.00237005337750837
0.0247121332091555
0.0470389529754329
0.0693346523825733
0.0915839199786237
0.113785235676539
0.135947744209801
0.158036347850038
0.179999382135609
0.201821997295399
0.223516879867908
0.245079289830322
0.266496337098515
0.287746156786882
0.308821679237035
0.329708063499323
0.350393844772622
0.370869002966446
0.391111647848601
0.411130967888959
0.430889388871495
0.450398829474427
0.469631422892467
0.488573033522443
0.507224729941905
0.525556943950180
0.543588970971927
0.561277276263765
0.578629572053593
0.595630645516660
0.612260611954322
0.628523891367014
0.644419041604870
0.659934306015814
0.675048448675125
0.689725450808524
0.703971041459011
0.717809185458775
0.731205055675318
0.744143806564716
0.756658610606172
0.768710919155685
0.780289339458328
0.791386372320982
0.802006884562247
0.812149193975458
0.821770777839076
0.830905946584067
0.839528290309147
0.847642517385039
0.855237260239358
0.862319414018297
0.868876970755746
0.874904389134656
0.880407550735662
0.885388915568324
0.889817354022454
0.893709238681197
0.897066411514741
0.899878241710545
0.902147960968128
0.903867854197062
0.905023790237670
0.905640797215794
0.905698355172895
0.905214195027361
0.904187836644469
0.902618266196545
0.900497700123431
0.897834658174529
0.894621137350016
0.890875858367048
0.886576178097054
0.881732497677141
0.876352427342028
0.870444458197625
0.864006151758990
0.857049835635035
0.849573526210318
0.841587573512042
0.833088836766784
0.824096653608691
0.814599965307802
0.804611903321335
0.794139314207366
0.783189985284457
0.771763798199112
0.759877697830025
0.747520836845756
0.734717245683217
0.721465481969068
0.707780964081811
0.693670506995774
0.679146651022762
0.664209337346419
0.648874260327367
0.633142794794539
0.617034588137536
0.600548292385959
0.583696651343267
0.566489070046882
0.548943118211478
0.531063012765809
0.512866656714875
0.494359225482712
0.475557952937512
0.456466948324785
0.437106811577619
0.417480870238917
0.397605065523768
0.377488911759744
0.357149389756193
0.336592162442538
0.315836680240181
0.294886215103900
0.273760354807961
0.252468070295919
0.231026215310888
0.209445536228598
0.187743190344718
0.165926738005042
0.144013081007781
0.122011205264111
0.0999390022603987
0.0778055411403281
0.0556251379716441
0.0334096412050873
0.0111767530495428
-0.0110629475396341
-0.0332930976905580
-0.0555024776733323
-0.0776753957533040
-0.0998010349189501
-0.121863298661409
-0.143850820797781
-0.165750022244979
-0.187548108393763
-0.209230428297675
-0.230785529859215
-0.252199222131219
-0.273460201690638
-0.294555505745793
-0.315471564322641
-0.336196084389312
-0.356715549237706
-0.377017744137903
-0.397090329180942
-0.416922429308596
-0.436501119298636
-0.455815696776690
-0.474853014892430
-0.493604333558072
-0.512056264924154
-0.530198943913969
-0.548018984889856
-0.565508051394074
-0.582652765153692
-0.599445644635221
-0.615873658558838
-0.631930001574589
-0.647601423431681
-0.662882641493434
-0.677760525408237
-0.692229765029672
-0.706277699500637
-0.719900191790832
-0.733084758600268
-0.745828481020685
-0.758118433079265
-0.769952175045415
-0.781317213731459
-0.792211784249912
-0.802624017875869
-0.812553528115158
-0.821988626626323
-0.830929541596829
-0.839364757710785
-0.847295786691416
-0.854711639378605
-0.861613962717989
-0.867991814075097
-0.873848056967301
-0.879172255742484
-0.883968155762819
-0.888225858380179
-0.891949984018682
-0.895130932607273
-0.897774358725363
-0.899871283199674
-0.901427858566088
-0.902435552372398
-0.902901545523585
-0.902817843663358
-0.902192555549638
-0.901018058706523
-0.899302964581101
-0.897040234643348
-0.894239213542654
-0.890893505203700
-0.887013447952936
-0.882593258822127
-0.877643864055620
-0.872159980302568
-0.866153332942206
-0.859619390463818
-0.852570295779179
-0.845001877947775
-0.836927003412250
-0.828342230037428
-0.819261040705095
-0.809680670398301
-0.799615197535582
-0.789062445934154
-0.778037059968465
-0.766537605696829
-0.754579126636117
-0.742160755103679
-0.729298076018651
-0.715990916747988
-0.702255326426882
-0.688091757155102
-0.673516505834458
-0.658530645813063
-0.643150826841644
-0.627378786353718
-0.611231586463033
-0.594711663353072
-0.577836295073555
-0.560608501798362
-0.543045805102391
-0.525151930207006
-0.506944516500909
-0.488427771744490
-0.469619469790648
-0.450524488342195
-0.431160716751444
-0.411533648958805
-0.391661243474122
-0.371549566768647
-0.351216583908134
-0.330668974810031
-0.309924650343541
-0.288990794438337
-0.267885256025708
-0.246615788362910
-0.225200135324730
-0.203646568593621
-0.181972610858299
-0.160186998553695
-0.138307050496220
-0.116341986812654
-0.0943089176929416
-0.0722175577105498
-0.0500847146985959
-0.0279205074488186
-0.00574141031729642
0.0164420191759869
0.0386136868593057
0.0607627153069867
0.0828734434518256
0.104934613989375
0.126930995962375
0.148850994836316
0.170679855075568
0.192405682974967
0.214014247617869
0.235493368593024
0.256829368651996
0.278009847906246
0.299021719639362
0.319852355809088
0.340489279291032
0.360919677384632
0.381131743289464
0.401112535937225
0.420850929025563
0.440333858751205
0.459550888878286
0.478488846384083
0.497138024368360
0.515485206276579
0.533521444842044
0.551233488362203
0.568613162751420
0.585647248375055
0.602328385098493
0.618643386940266
0.634585695556276
0.650142191033689
0.665307139336331
0.680067522706583
0.694418452169930
0.708347040501598
0.721849250207141
0.734912368387543
0.747533227179873
0.759699304637626
0.771408299032117
0.782647912999377
0.793416729504391
0.803702719841383
0.813505351962451