-0.747434753928789
-0.734600706380121
-0.147906158983981
-0.145930189365675
-0.143781127273011
-0.141459842133225
-0.138953796028001
-0.136264779886158
-0.659507567336583
-0.638264448785863
-0.621663749274478
-0.604711423515665
-0.587412720393697
-0.569774192172738
-0.551806858830260
-0.537901789299911
-0.517461530533762
-0.498456028881654
-0.479190134306230
-0.459650525448785
-0.439848444378696
-0.419796560749747
-0.401074141711738
-0.380471359331894
-0.359674896294781
-0.338677874269459
-0.316431848388424
-0.295115363435929
-0.275142038260765
-0.253465197276875
-0.231625922032076
-0.209670052673283
0.0676690571250337
0.0825440353824015
-0.153283758698947
-0.152900053356614
-0.128936269782666
-0.105881477602825
-0.0825236472883313
-0.0585186791854078
-0.0358251471288918
-0.0157614023447015
0.00764411820943145
0.0310438577832217
0.0542597437320296
0.0773659314405690
0.100628650163909
0.123229721132371
0.144366463259848
0.166763416154176
0.189196913933836
0.211700570313238
0.234809623693798
0.256824081111256
0.277110007288145
0.298302714289266
0.319650844221242
0.340767955787038
0.429166021070455
0.508046823105073
0.427374763268126
0.401992343709824
0.421906307325702
0.442264603512462
0.462361788068309
0.482631787288395
0.502017479887065
0.519275770187370
0.537337801128802
0.555788092537036
0.573745355452846
0.591417761096852
0.608613883645669
0.625324450031600
0.640573609387989
0.655894319337599
0.671202745540284
0.686188269233010
0.701222016020493
0.715532258965542
0.728049022740514
0.740449355282276
0.752902152196652
0.764903757498548
0.794289580749882
0.846559028811044
0.825275857557629
0.798705953468956
0.804163923373926
0.813776548979214
0.822867433146351
0.831696688850896
0.839901040150821
0.846457744477100
0.852593509781908
0.858869642462710
0.864607513439463
0.869874318044443
0.874469736615088
0.878550189434842
0.881437697876253
0.883748877687700
0.885880450580713
0.887541238561575
0.888908374205848
0.889740178473431
0.889156045999854
0.887909019412319
0.886518530030610
0.884664738116618
0.886987447103563
0.904337478298149
0.895178905439174
0.869913447942117
0.859235720338875
0.854162470270186
0.848908185405297
0.843233025497051
0.837073689676577
0.829804942021883
0.821793812770990
0.813660611911450
0.805117220540687
0.796110506114649
0.786538848864819
0.776489470036454
0.765641273476495
0.754137165270190
0.742376234622684
0.730243439656315
0.717787345284576
0.704973271483206
0.691279047695763
0.676908008030837
0.662334592796919
0.647468740298551
0.633457235287209
0.626324194353454
0.611820224753353
0.585421917472644
0.563181491447735
0.545526134142605
0.528323170081638
0.510844414913837
0.493100551875634
0.474783228620451
0.455923374883706
0.436932788859405
0.417783782552703
0.398398407259083
0.378740464462519
0.358832887244131
0.338568749976500
0.317923832115516
0.297161509392933
0.276291085972302
0.255316320667048
0.234254291133889
0.212860067346658
0.191110048987104
0.169313833707797
0.147512476181634
0.125963801926101
0.107275167429446
0.0874958234107497
0.0615107913365136
0.0356318909063978
0.0126746640818524
-0.00936846082966505
-0.0313204335404777
-0.0532206103589329
-0.0751963627644340
-0.0973031561036364
-0.119327466102258
-0.141197324845749
-0.162958993480202
-0.184628992800616
-0.206203534820606
-0.227708815463026
-0.249187182295078
-0.270506770883042
-0.291607585422295
-0.312493815406545
-0.333144484882069
-0.353658340851702
-0.374102168613757
-0.394321841143114
-0.414234733634307
-0.433785932464338
-0.451979824840228
-0.469592586101261
-0.489607473258354
-0.510279603336892
-0.529284678437606
-0.547178541680550
-0.564605374519213
-0.581666529833651
-0.598409037805992
-0.614889598683599
-0.631017101873926
-0.646715553023427
-0.661996335349671
-0.676873602329905
-0.691347567472801
-0.705425144608190
-0.719132576617251
-0.732420182547358
-0.745230285162685
-0.757563180277416
-0.769407000862179
-0.780800126624866
-0.791795144209552
-0.802336470523281
-0.812352767515830
-0.821815955161174
-0.830391753822291
-0.838103860797150
-0.846302448082632
-0.854840859015830
-0.862401918786875
-0.868904458879130
-0.874725982957803
-0.879994704679504
-0.884736490001436
-0.888992171208030
-0.892735121675040
-0.895922309732044
-0.898536265718680
-0.900596719864855
-0.902122255605176
-0.903099918267765
-0.903567360295203
-0.903505784431721
-0.902867784502758
-0.901684058633770
-0.899924921059166
-0.897618083941978
-0.894799304542809
-0.891474544682864
-0.887577285859869
-0.883120447990613
-0.877995890779818
-0.872100467855045
-0.865997372870638
-0.859895195714672
-0.853194882257434
-0.845663652708319
-0.837504600479195
-0.828801486084993
-0.819603593363073
-0.809929984055902
-0.799793172430745
-0.789156270657985
-0.778020185320478
-0.766410154966138
-0.754333041407160
-0.741796191755709
-0.728833763121598
-0.715437907166647
-0.701587239376797
-0.687311727987063
-0.672606222410890
-0.657484401189827
-0.641986407008253
-0.626129700036538
-0.609875050311595
-0.593236105882187
-0.576188063807617
-0.558686418619881
-0.540920278460995
-0.523090012740517
-0.505005423018344
-0.486464651329023
-0.467535397980556
-0.448298679742279
-0.428787309312885
-0.409029027588665
-0.389037009004240
-0.368815786353397
-0.348358563066458
-0.327681937994938
-0.306809721869294
-0.285751423533529
-0.264518935960311
-0.243142923917023
-0.221611749619518
-0.199941742437765
-0.178149159428104
-0.156242832809510
-0.134250167470035
-0.112197107927928
-0.0900736817399962
-0.0678874307311622
-0.0456420805649534
-0.0233250356689522
-0.000999930657337348
0.0212091956033437
0.0433351215307282
0.0654898975667632
0.0876646656660417
0.109806062315628
0.131884163391973
0.153875817786689
0.175765602556975
0.197541326992761
0.219201524220128
0.240733948883598
0.262118536756366
0.283342625292211
0.304395679931319
0.325254878349041
0.345916833025324
0.366372480455032
0.386605472735579
0.406606863486203
0.426358450819134
0.445841099412849
0.465049930993106
0.483981178733853
0.502625345188970
0.520983485246628
0.539031918348991
0.556708485294995
0.573999496981963
0.590955911392191
0.607586514146228
0.623865317420772
0.639768543082906
0.655282524411059
0.670393701278082
0.685094835753623
0.699380400354741
0.713246084385592
0.726678308028560
0.739670240687575
0.752212929734613
0.764297216782979
0.775915438903858
0.787066560649401
0.797739743018135
0.807932107597655
0.817632924016969
0.826835180043685
0.835531838769784
0.843725432110091
0.851409419765641
0.858586932403374
0.865248911791292
0.871372876764474
0.876941322223809
0.881978680108813
0.886496156829924
0.890489837021672
0.893945715644127
0.896861871538059
0.899230756498238
0.901054695728786
0.902330659332594
0.903063959535037
0.903249003874996
0.902889016097495
0.901980287842019
0.900526470563431
0.898524004659246
0.895980608005506
0.892893240922445
0.889268340774113
0.885103111890866
0.880402754308959
0.875165290160630
0.869400914269775
0.863109696033040
0.856301880710464
0.848977448188430
0.841137279163786
0.832773354630440
0.823903438470046
0.814539410692770
0.804692087786444
0.794358531886590
0.783547286175037
0.772258872942541
0.760504553611747
0.748287475518062
0.735620997082159
0.722507959935097
0.708960435706552
0.694981925659609
0.680585214450933
0.665774012363030
0.650562829121723
0.634956606001905
0.618969265385951
0.602605858623504
0.585879929212982
0.568796702329397
0.551371872881699
0.533612534794716
0.515534442025367
0.497144887156479
0.478456293637729
0.459471263399247
0.440207073842234
0.420677289274216
0.400899417496303
0.380879803653302
0.360632744464294
0.340165960807194
0.319495147875136
0.298629514019616
0.277585791051273
0.256373486632373
0.235008445704453
0.213500272018481
0.191864996036381
0.170112425852631
0.148258987398033
0.126315363677200
0.104297561501596
0.0822161989776315
0.0600868432632463
0.0379200726488189
0.0157319598695682
-0.00646579473001053
-0.0286572657905405
-0.0508307294639356
-0.0729717574612585
-0.0950710411695921
-0.117113638062155
-0.139085153621124
-0.160969212321292
-0.182754483972432
-0.204427462487361
-0.225976725943359
-0.247388460709399
-0.268650581995380
-0.289749137355719
-0.310671871507154
-0.331405682784407
-0.351938576244494
-0.372257863428533
-0.392351589020572
-0.412207436249818
-0.431813172125471
-0.451157065351252
-0.470227177073813
-0.489012505649250
-0.507501396174198
-0.525683234795419
-0.543546017773625
-0.561079602677506
-0.578272244493296
-0.595114895974185
-0.611597181454227
-0.627710909238457
-0.643443869113125
-0.658787039516769
-0.673729497166358
-0.688264453773040
-0.702381591122291
-0.716074537480445
-0.729332941861351
-0.742150863755942
-0.754518129192718
-0.766429696370576
-0.777875921571308
-0.788852534044072
-0.799350249837220
-0.809365529001324
-0.818889318927837
-0.827918822587329
-0.836445506692151
-0.844467457805295
-0.851976671436064
-0.858971981553660
-0.865445604281628
-0.871397033597993
-0.876818988853488
-0.881711932874073
-0.886069577894282
-0.889893473069643
-0.893177081841163
-0.895921802919711
-0.898121805200392
-0.899780067016654
-0.900891641017924
-0.901460193338514
-0.901481146236164
-0.900958770122799
-0.899888937325612
-0.898276717017642
-0.896118651631395
-0.893420590122818
-0.890179642289653
-0.886402376105921
-0.882086411615799
-0.877238989872083
-0.871858359118871
-0.865952516780032
-0.859520353526750
-0.852570548696513
-0.845102486347230
-0.837125413201684
-0.828639307070329
-0.819654121559653
-0.810170638911711
-0.800199626803253
-0.789742226882354
-0.778809298889779
-0.767402500207603
-0.755533606822335
-0.743205120850975