0.816677317832057
0.825989770813742
0.312850281547604
0.316915038136088
0.320836312134695
0.324610864533806
0.328223654664774
0.331671593244835
0.903000816695133
0.903056563742567
0.907501284720142
0.911440379937719
0.914855802990148
0.917735378518242
0.920077162899164
0.927137773635187
0.926829303436690
0.927509966713636
0.927668394235153
0.927279358972344
0.926340514190070
0.924866411538877
0.924543673595263
0.921942357255617
0.918818477190856
0.915155447685702
0.909836860292841
0.905106762263832
0.901465324544190
0.895673842610684
0.889328509177761
0.882467307603905
0.615493821387538
0.607076097907428
0.867103728299625
0.881302465962116
0.870241250338586
0.859649800812726
0.848302366377588
0.835827375444625
0.824207648007869
0.815187146032969
0.802054947946080
0.788358721309528
0.774311644888808
0.759862294374362
0.744750778514931
0.729785216097925
0.715870746704416
0.700123022869373
0.683802133730875
0.666879971756573
0.648784926612673
0.631247945617342
0.614994818435269
0.597264306890960
0.578815412616789
0.560054399853707
0.472321454244904
0.390845561008317
0.474961085518036
0.502622015488059
0.482373858603163
0.461062113674819
0.439465688604989
0.417139555901134
0.395151143957352
0.374942016999782
0.353333347185128
0.330721763556179
0.308034268326021
0.285087105174168
0.262086717790064
0.239040382604485
0.216983835145106
0.194332809605819
0.171156759450729
0.147792155466117
0.123853845387123
0.100129027443565
0.0777583927157528
0.0550220660593832
0.0317259311577591
0.00840475686728052
-0.0330744012541173
-0.0992528261815483
-0.0903936844451353
-0.0754727854767390
-0.0942920407734755
-0.117930678356994
-0.141474359564353
-0.165173669501553
-0.188659307220030
-0.210812850218009
-0.232909953162422
-0.255572856349341
-0.278087284786786
-0.300494485286971
-0.322576754866221
-0.344478914626345
-0.365491594158197
-0.386225764447748
-0.407099570007637
-0.427795463480332
-0.448486886280887
-0.468919725811672
-0.488166174957886
-0.506974707728963
-0.525887559468886
-0.544559863017600
-0.567697117030713
-0.606624302639810
-0.618814715170760
-0.614083782244290
-0.624548776721705
-0.641033426565286
-0.657489445709982
-0.673642699298081
-0.689420895370779
-0.704150080260621
-0.718184908429632
-0.732183167338050
-0.745838838960621
-0.759074051491932
-0.771769295853466
-0.783995552252176
-0.795411727368223
-0.806140507498946
-0.816587177219307
-0.826618611279937
-0.836278408372693
-0.845516388785940
-0.853779465727006
-0.861252179438662
-0.868417479230727
-0.875171566070380
-0.882664870375348
-0.897104071579021
-0.903996845228340
-0.898310255522931
-0.896640998607191
-0.899551177297394
-0.902731214167971
-0.905419245794118
-0.907608071505834
-0.908963437740957
-0.909494279604862
-0.909626246683275
-0.909325440712339
-0.908496353566285
-0.907088200196790
-0.905110606335944
-0.902443712328611
-0.899046406526895
-0.895180926510147
-0.890845065497016
-0.886039916173176
-0.880771169975686
-0.874777145922499
-0.868016231595040
-0.860800913212469
-0.853165590123194
-0.845363940576356
-0.840065137253796
-0.833282807535416
-0.819630661484318
-0.805561450596110
-0.794047964311930
-0.783015272369595
-0.771599931790087
-0.759755250272484
-0.747339528872333
-0.734286028208225
-0.720809904336001
-0.706987579700645
-0.692762879641487
-0.678115090606520
-0.663039501288102
-0.647507799247793
-0.631467748007194
-0.615053930407071
-0.598322129571738
-0.581270591892328
-0.563915746152893
-0.546156681003612
-0.527916228012864
-0.509354335258478
-0.490553047361646
-0.471570698319661
-0.453423483854296
-0.435348528163431
-0.414248412208255
-0.391880618880446
-0.370668676175759
-0.350056457752269
-0.329373160273137
-0.308518950302034
-0.287442612703876
-0.266089445366369
-0.244552029600129
-0.222918713891193
-0.201177523732040
-0.179320803183254
-0.157347579407983
-0.135258904811991
-0.113027738977490
-0.0907135113142695
-0.0683771014231715
-0.0460287119600947
-0.0236830905365911
-0.00131096620529749
0.0211406427467443
0.0436046359276208
0.0660039617223348
0.0883053978624928
0.110154542631794
0.131548425883029
0.153878425069100
0.177005665141743
0.199561506536285
0.221438188383793
0.243021428469534
0.264431032409967
0.285686942961359
0.306820307498129
0.327795953452274
0.348552506705956
0.369064376478560
0.389343820884842
0.409399373437931
0.429211575297042
0.448794473275939
0.468124875140089
0.487149323854969
0.505867462795135
0.524256929147062
0.542325917601349
0.560097929603062
0.577561998720445
0.594657186815956
0.611360219386230
0.627558816970450
0.643130582615907
0.658633908546036
0.674276174771017
0.689446309709241
0.703877661149157
0.717752075618656
0.731160398799855
0.744128425473032
0.756664831946977
0.768770446992435
0.780401724738940
0.791533807339484
0.802185224251770
0.812350868516802
0.822010450633416
0.831188040364511
0.839868479931204
0.848026189700767
0.855667529655479
0.862772897559281
0.869351210724399
0.875423283294746
0.880989257196514
0.886011046669715
0.890479739751084
0.894358039762206
0.897586146242946
0.900335943468148
0.902796229229198
0.904778276405814
0.906062360590344
0.906697663611898
0.906759286831747
0.906268942917983
0.905240271918832
0.903678383899197
0.901577015169515
0.898915461066007
0.895704580569866
0.891952809150799
0.887656882517374
0.882811264804297
0.877446696111011
0.871544542572243
0.865112614596835
0.858151395622853
0.850667557238803
0.842676450883152
0.834193532306652
0.825204900200325
0.815710694617763
0.805703010127780
0.795163077790623
0.784143954518880
0.772762545073034
0.760984576901506
0.748694019567948
0.735887270282501
0.722615898173797
0.708903490588473
0.694769251734830
0.680222424885627
0.665273725464904
0.649917039641890
0.634165420521826
0.618030367509748
0.601524275057959
0.584647057767444
0.567426034328105
0.549861213777344
0.531964513311470
0.513744046977261
0.495213171467591
0.476385387894445
0.457281321332171
0.437903435989822
0.418260475899105
0.398356801280178
0.378195931395839
0.357797890919578
0.337229034711663
0.316503186234192
0.295577104124233
0.274438163143780
0.253119384342735
0.231644146224284
0.210033502591268
0.188300422463811
0.166460965175059
0.144520310083825
0.122492426708635
0.100390677190214
0.0782315704356856
0.0560229877301428
0.0337853997178868
0.0115294129664347
-0.0107319535736503
-0.0329869753324995
-0.0552208459881930
-0.0774198318838480
-0.0995654789641217
-0.121647265476166
-0.143654190995256
-0.165576586853945
-0.187404680165788
-0.209125355588354
-0.230703155235694
-0.252114997582970
-0.273370200527488
-0.294475205039517
-0.315412060338711
-0.336160441387787
-0.356703693331156
-0.377027923958782
-0.397120209247183
-0.416970625431113
-0.436569053353543
-0.455902639355819
-0.474959219633355
-0.493728016964634
-0.512196999305131
-0.530353582811961
-0.548189035030238
-0.565691956870564
-0.582852938037738
-0.599659846297784
-0.616102057452598
-0.632168200001589
-0.647851924313604
-0.663143628325191
-0.678037673934725
-0.692524011159346
-0.706587737943974
-0.720210254222685
-0.733392764543913
-0.746136487224810
-0.758436677826419
-0.770279278347751
-0.781657077252068
-0.792559427846040
-0.802982030011360
-0.812916564703808
-0.822361123008281
-0.831306939493807
-0.839751214526970
-0.847685964948224
-0.855109502586187
-0.862013336266855
-0.868397339758746
-0.874254508938193
-0.879584995234522
-0.884381712519607
-0.888644748789710
-0.892367347715454
-0.895551967315183
-0.898193603482442
-0.900295553418122
-0.901853123070518
-0.902866777995873
-0.903327133812895
-0.903239676365560
-0.902605976711550
-0.901432726075682
-0.899714453672249
-0.897455033823873
-0.894650538170608
-0.891306894784997
-0.887421777093708
-0.883002806303225
-0.878048170574092
-0.872565321899763
-0.866552878308090
-0.860019246818062
-0.852963290767660
-0.845394211493326
-0.837312081034824
-0.828726663551249
-0.819638292960733
-0.810056947680386
-0.799983318455935
-0.789428585826444
-0.778394814085051
-0.766893906244296
-0.754928409395931
-0.742509495690936
-0.729637678795557
-0.716325278127083
-0.702578201912810
-0.688411141038804
-0.673827476590773
-0.658839740612790
-0.643451840597302
-0.627677434211588
-0.611521546036349
-0.594998761246868
-0.578114777224376
-0.560884142794864
-0.543312848255008
-0.525415867777860
-0.507199611725784
-0.488679309872811
-0.469862158244057
-0.450763694777530
-0.431391422675185
-0.411760878566848
-0.391879854449186
-0.371764250678859
-0.351422721194412
-0.330871463953227
-0.310119504555333
-0.289182679478069
-0.268069221389218
-0.246794768501698
-0.225369905215441
-0.203811835386692
-0.182130516781942
-0.160341575086137
-0.138454932612537
-0.116486460736973
-0.0944467042698002
-0.0723517261702761
-0.0502124923829583
-0.0280447825269744
-0.00585964376621254
0.0163273104274493
0.0385048177367812
0.0606575143811678
0.0827738223436204
0.104838553270246
0.126840028594379
0.148763460087437
0.170597130176319
0.192326532211622
0.213939631931257
0.235422152831309
0.256761985302688
0.277945415838158
0.298960790943432
0.319795140900477
0.340436074084526
0.360870139154588
0.381085101647507
0.401068795342434
0.420809387260030
0.440295143397928
0.459514120456437
0.478454975789885
0.497105753407449
0.515455725183056
0.533493153608670
0.551207936714170
0.568588481639517
0.585625331827899
0.602307028927266
0.618624713171057
0.634567149384292
0.650126207023033
0.665290940154395
0.680053911861859
0.694404345083492
0.708335428017195
0.721836656980723
0.734902010814101
0.747521507100270
0.759690076239949
0.771397855122674
0.782640039876191
0.793407036648139
0.803695156845644
0.813495453737758