-0.0692425639034391
-0.0913890644338076
-0.164944122564080
-0.170984848770908
-0.177055184862185
-0.183151022401073
-0.189269858637253
-0.195406813359148
-0.243493249358891
-0.264792114957037
-0.285837535445946
-0.306728956422237
-0.327443082596650
-0.347961186345892
-0.368270304069296
-0.389235984335671
-0.409367772903325
-0.429053937832381
-0.448478259929199
-0.467628833523840
-0.486492069811782
-0.505069850789542
-0.523469531883954
-0.541470997924162
-0.559143580896524
-0.576477573416641
-0.593405011904782
-0.609991398828281
-0.626323286283814
-0.642208645334204
-0.657702587146117
-0.672797254931070
-0.683162878513032
-0.689620133290408
-0.713819969601413
-0.728402412606189
-0.741304980556630
-0.753768323210591
-0.765778719089914
-0.777308696259827
-0.788382500879584
-0.799425743688944
-0.809699066156157
-0.819402579093393
-0.828571388621476
-0.837228225815568
-0.845379428679470
-0.853014937230921
-0.860237209964860
-0.866886439024127
-0.872999047665327
-0.878580542070400
-0.883594550307027
-0.888072026729175
-0.892104825724000
-0.895567021180824
-0.898466256838622
-0.900822355641329
-0.901487475315929
-0.898892384113942
-0.902335848786782
-0.904614359198506
-0.904280165929483
-0.903326717187896
-0.901827476673896
-0.899771343190117
-0.897168623845003
-0.894217787187774
-0.890671148314545
-0.886509856093817
-0.881779623779458
-0.876504866271605
-0.870700601436320
-0.864364832636692
-0.857557444533728
-0.850227128944040
-0.842359504991637
-0.833980424699738
-0.825075861408193
-0.815661286409661
-0.805807415456807
-0.795471421342201
-0.784628083354940
-0.773308514366341
-0.761215179496266
-0.747306202629972
-0.734882173112957
-0.723233167992674
-0.709871882600900
-0.695845870622658
-0.681393073582420
-0.666523019349745
-0.651241732931170
-0.635644894259471
-0.619683556619863
-0.603296786113731
-0.586520228653022
-0.569379832757801
-0.551892981749180
-0.534071274808796
-0.515946103718351
-0.497523113240237
-0.478780880573350
-0.459745775081504
-0.440421487925198
-0.420820452661976
-0.400989871042171
-0.380934311683549
-0.360630970561902
-0.340104875099177
-0.319290330072993
-0.297713175658465
-0.276364190268525
-0.255829665697926
-0.234686943617259
-0.213129043704977
-0.191418739695372
-0.169590326199007
-0.147652794305815
-0.125654861761260
-0.103608904341344
-0.0814774445733734
-0.0592783815800237
-0.0370364546226558
-0.0147695530112745
0.00750608221581871
0.0297704538918433
0.0520033422288859
0.0742109425967644
0.0963751716237768
0.118491063088291
0.140543117302926
0.162500418031453
0.184344171408047
0.206082886434043
0.227702825772080
0.249207635088405
0.270779877225848
0.292176620475282
0.312888338050597
0.333459507159777
0.354025043155120
0.374408044086680
0.394574830880641
0.414507519630576
0.434180209120896
0.453570904721557
0.472693457824283
0.491541658160061
0.510097946307639
0.528347735734720
0.546277719092273
0.563874962352582
0.581122574411861
0.598019417117704
0.614553979525212
0.630723595506636
0.646516878842317
0.661917078576371
0.676906182608476
0.691487079505220
0.705653113942115
0.719400138650817
0.732789969824920
0.745786984125244
0.758119870148388
0.769929559690303
0.781373300230673
0.792383733199861
0.802920365331170
0.812975860632028
0.822535891637384
0.831589184312482
0.840137370438882
0.848184904547020
0.855721873122319
0.862744083407768
0.869243036109343
0.875216614711455
0.880654930302908
0.885560701290750
0.889929714994670
0.893764407299509
0.897060231035599
0.899815021855951
0.902018396627257
0.903676176402225
0.904787780996586
0.905356630784628
0.905403308695152
0.904941114265317
0.903855885467230
0.902160222217954
0.899953354613977
0.897234999433425
0.893978534792951
0.890185480136282
0.885851650510459
0.880979044050553
0.875569131474633
0.869634266915192
0.863173859082277
0.856194405513716
0.848695146881333
0.840684049420722
0.832160315595274
0.823133693862151
0.813607386586371
0.803591892238015
0.793090091399266
0.782111092830648
0.770654501463282
0.758731834596124
0.746348805793948
0.733510557299122
0.720237211190928
0.706555434914539
0.692424023013939
0.677835193874482
0.662840412250972
0.647466270495706
0.631704554488625
0.615563672269880
0.599049547040406
0.582171863710217
0.564939168223067
0.547369803026376
0.529471889240393
0.511252898980271
0.492722882167490
0.473888342970953
0.454772887019478
0.435380909291832
0.415718460647973
0.395816595838804
0.375667991912258
0.355292166340767
0.334701374939871
0.313912545962528
0.292920099044006
0.271760228604459
0.250437073809430
0.228969885239183
0.207363464324631
0.185619020943668
0.163748572548191
0.141785991559145
0.119752524860506
0.0976410872850886
0.0754751678899763
0.0532651521088451
0.0310227254382134
0.00875454591893306
-0.0135136220191347
-0.0357750692857745
-0.0580178271097995
-0.0802142588778808
-0.102354277243102
-0.124430572764761
-0.146438950324188
-0.168355801668650
-0.190166675148638
-0.211866809534834
-0.233436876286769
-0.254859557160267
-0.276135996358424
-0.297243633869216
-0.318169975954921
-0.338899727623410
-0.359415665007512
-0.379706216489052
-0.399772853387854
-0.419597709261718
-0.439162265631730
-0.458460607089846
-0.477481633605467
-0.496211244330524
-0.514641374895303
-0.532761228816452
-0.550556897999871
-0.568022642575238
-0.585143087281801
-0.601905458984127
-0.618292328844251
-0.634303772194239
-0.649932792952957
-0.665170872159287
-0.680002236194948
-0.694424724429475
-0.708426283413280
-0.721996424378871
-0.735131218460454
-0.747823263886708
-0.760060929562915
-0.771838042121742
-0.783144023861593
-0.793971740676410
-0.804319698432244
-0.814183917134702
-0.823551935948511
-0.832421960489372
-0.840787653980369
-0.848645069521421
-0.855988027442479
-0.862815052457520
-0.869118563861845
-0.874899369405229
-0.880148904265891
-0.884866900349923
-0.889042737698489
-0.892680912676847
-0.895778046802341
-0.898336993766150
-0.900349519712453
-0.901820034953376
-0.902743838713127
-0.903122420744537
-0.902953366982410
-0.902241654632410
-0.900982146468566
-0.899179416641854
-0.896829809267923
-0.893937520005983
-0.890502683215447
-0.886533015515687
-0.882024677289238
-0.876984701762710
-0.871412689306361
-0.865316027001471
-0.858694123741005
-0.851555800927770
-0.843900710437624
-0.835738511093259
-0.827068985217779
-0.817901811122241
-0.808235917463709
-0.798082616499795
-0.787444851869197
-0.776334607074634
-0.764752767684495
-0.752711261608300
-0.740213092131937
-0.727269701078359
-0.713884573292393
-0.700071241113591
-0.685832832910433
-0.671182252236307
-0.656123556201643
-0.640669721527468
-0.624826324639511
-0.608608479579983
-0.592020951789052
-0.575077776681594
-0.557785274254959
-0.540158178205512
-0.522202832538055
-0.503934486480193
-0.485360033900061
-0.466494906180068
-0.447346364517743
-0.427929796462703
-0.408252270875943
-0.388329471256856
-0.368170421845838
-0.347791572973821
-0.327201284050433
-0.306415402734928
-0.285443265591637
-0.264300696854921
-0.242997090157604
-0.221548989954746
-0.199966067706437
-0.178264206774340
-0.156453437027698
-0.134549541218440
-0.112563100406395
-0.0905106739247862
-0.0684029234666263
-0.0462554099587052
-0.0240792535375313
-0.00189020892167409
0.0203005549047809
0.0424774764008819
0.0646290891870008
0.0867401259273646
0.108798979559939
0.130790778821635
0.152704039289819
0.174524288136445
0.196239323905003
0.217834510638180
0.239297902937424
0.260615729849687
0.281775853897198
0.302764819577803
0.323570645387112
0.344180094434519
0.364581068688743
0.384761111393752
0.404708235915017
0.424410484359104
0.443855870414570
0.463032602524208
0.481928687438176
0.500533308580181
0.518834650019708
0.536822289360302
0.554484577364096
0.571811746910504
0.588792263074693
0.605417015252513
0.621674683942237
0.637556876195785
0.653052606290041
0.668154250782074
0.682850864915379
0.697135224095604
0.710996717357894
0.724429102049884
0.737422093983293
0.749970104417293
0.762063245807232
0.773696625956957
0.784860608815104
0.795551172034844
0.805759138859837
0.815481253152131
0.824708719965049
0.833438916189104
0.841663355533762
0.849380353359891
0.856581960562963
0.863267203099873
0.869428566540346
0.875065894920640
0.880172128031345
0.884747898602169
0.888786648731077
0.892289825578784
0.895251424498982
0.897673731205840
0.899551200745764
0.900886746122001
0.901675330368861
0.901920760128080
0.901618599748257
0.900773384215324
0.899381250622574
0.897447485473435
0.894968738967159
0.891951066629824
0.888391749047685
0.884297575451281
0.879666402842439
0.874505677739121
0.868813774327500
0.862598874902369
0.855860013947179
0.848606028858031
0.840836523733655
0.832560998216222
0.823779646129930
0.814502589924976
0.804730621574409
0.794474478896262
0.783735565336211
0.772525223615295
0.760845432099092
0.748708014618792
0.736115496582834
0.723080269315687
0.709605478096359
0.695703997716430
0.681379541258302
0.666645449340583
0.651505972348904
0.635974880765205
0.620057003549311
0.603766517034419
0.587108786949343
0.570098332167654
0.552741007755117
0.535051663763598
0.517036703551353
0.498711271672685
0.480082253756354
0.461165049939045
0.441967025778186
0.422503794331373
0.402783183916622
0.382820991833045
0.362625498021188
0.342212653407117
0.321591160648608
0.300777044276501
0.279779382687017
0.258614276699520
0.237291209733080
0.215826309755517
0.194229413370891
0.172516636833208
0.150698141262310
0.128789985183078
0.106802650088210
0.0847521107441737
0.0626491318100778
0.0405095505619591
0.0183443717583506
-0.00383074098772449
-0.0260045364418330
-0.0481615500245891
-0.0702903328880487