0.8166
0.8257
0.83462
0.84289
0.85067
0.85812
0.86472
0.87114
0.87674
0.88196
0.88669
0.8907
0.89453
0.89753
0.9
0.90196
0.90335
0.9042
0.90459
0.9044
0.90367
0.90243
0.90044
0.89814
0.8952
0.89178
0.88778
0.88323
0.87821
0.8726
0.86655
0.85975
0.85248
0.84477
0.83653
0.82779
0.81856
0.80883
0.79863
0.78795
0.77678
0.76512
0.75301
0.74045
0.72748
0.71407
0.70024
0.68598
0.67127
0.65617
0.64069
0.62483
0.60859
0.59197
0.575
0.55768
0.54003
0.522
0.50365
0.48501
0.46608
0.44688
0.42741
0.40768
0.3877
0.3675
0.34707
0.32642
0.30558
0.28456
0.26337
0.24203
0.22055
0.19893
0.17718
0.15533
0.13338
0.11136
0.08927
0.067123
0.044936
0.022721
0.0004902
-0.021754
-0.043996
-0.066209
-0.088377
-0.11049
-0.13253
-0.1545
-0.17637
-0.19813
-0.21977
-0.24128
-0.26265
-0.28386
-0.30489
-0.32574
-0.34638
-0.36682
-0.38705
-0.40703
-0.42677
-0.44626
-0.46547
-0.4844
-0.50304
-0.52138
-0.5394
-0.55711
-0.57448
-0.5915
-0.60817
-0.62446
-0.64038
-0.65591
-0.67104
-0.68577
-0.70008
-0.71397
-0.72744
-0.74046
-0.75303
-0.76514
-0.77679
-0.78798
-0.79868
-0.80891
-0.81865
-0.82787
-0.83659
-0.84482
-0.85255
-0.85976
-0.86645
-0.87263
-0.51903
-0.53268
-0.54594
-0.55881
-1.353
-1.3386
-1.3229
-1.3073
-1.294
-1.2777
-1.2601
-1.1448
-1.1409
-1.1261
-1.1109
-0.91733
-1.1048
-1.0884
-1.0704
-1.0517
-0.73616
-0.75198
-0.75547
-0.74798
-0.89616
-0.91365
-0.89211
-0.89159
-0.59616
-0.50732
-0.45946
-0.30249
-0.23239
-0.25135
-0.27393
-0.30808
-0.45881
-0.44924
-0.44825
-0.59554
-0.47773
-0.49399
-0.51333
-0.49822
-0.80299
-0.78013
-0.75173
-0.76717
-0.69765
-0.61972
-0.53564
-0.45901
-0.47764
-0.5294
-0.51185
-0.59395
-0.62451
-0.54461
-0.46782
-0.41838
-0.21659
-0.1924
-0.15985
-0.018605
-0.067431
-0.029679
-0.0020816
-0.029642
0.16053
0.20466
0.23577
0.28903
0.28426
0.2179
0.15869
0.09505
0.056836
0.12028
0.13885
0.176
0.24859
0.24445
0.24856
0.26583
0.13842
0.14995
0.1558
0.095766
0.15482
0.19216
0.22506
0.30729
0.26533
0.23873
0.24011
0.21725
0.24311
0.32953
0.40426
0.48106
0.59151
0.59144
0.6152
0.65232
0.61681
0.6257
0.62745
0.61265
0.72763
0.76116
0.78875
0.84499
0.83168
0.80388
0.7875
0.73045
0.73798
0.77995
0.79086
0.81745
0.83854
0.80691
0.78187
0.75437
0.66243
0.66017
0.65394
0.63127
0.67547
0.70226
0.72948
0.77912
0.73531
0.71665
0.71222
0.69016
0.70225
0.74018
0.76525
0.82012
0.85846
0.84268
0.84453
0.83662
0.80768
0.81157
0.81373
0.81726
0.88534
0.89771
0.89969
0.91378
0.87883
0.84312
0.80944
0.75006
0.7443
0.74808
0.73759
0.74282
0.73593
0.70201
0.67447
0.62677
0.56567
0.5545
0.53846
0.52661
0.54251
0.54028
0.53706
0.53665
0.48196
0.45049
0.43111
0.3993
0.39852
0.40705
0.41211
0.44122
0.4453
0.42336
0.4094
0.38172
0.34965
0.33892
0.32492
0.32287
0.34579
0.33267
0.31574
0.29823
0.25385
0.21574
0.17832
0.1315
0.12331
0.11464
0.09675
0.09088
0.068509
0.032487
-0.00082543
-0.054186
-0.10274
-0.12374
-0.1457
-0.16077
-0.17247
-0.18935
-0.2048
-0.22217
-0.23887
-0.25396
-0.26787
-0.28173
-0.29481
-0.30599
-0.3218
-0.33999
-0.35637
-0.37257
-0.38604
-0.39864
-0.41152
-0.42119
-0.43008
-0.44402
-0.45547
-0.47096
-0.48781
-0.50362
-0.5214
-0.53839
-0.55471
-0.57244
-0.58628
-0.59866
-0.61167
-0.62352
-0.63641
-0.64996
-0.66234
-0.67603
-0.69109
-0.70378
-0.71452
-0.72347
-0.73034
-0.73706
-0.74355
-0.74897
-0.75324
-0.75923
-0.7661
-0.7731
-0.7796
-0.78498
-0.78997
-0.79461
-0.79865
-0.80232
-0.80577
-0.80914
-0.81193
-0.81391
-0.81539
-0.81652
-0.81652
-0.81611
-0.81603
-0.81658
-0.81687
-0.81613
-0.81434
-0.81194
-0.8086
-0.80413
-0.79885
-0.79368
-0.78907
-0.78447
-0.77935
-0.77368
-0.7675
-0.76037
-0.75243
-0.74388
-0.73475
-0.72543
-0.71571
-0.70531
-0.69444
-0.6832
-0.67145
-0.6592
-0.64659
-0.63403
-0.6212
-0.60773
-0.59356
-0.57888
-0.56373
-0.54819
-0.5321
-0.51575
-0.49951
-0.48321
-0.46653
-0.44941
-0.43192
-0.41416
-0.39612
-0.37773
-0.35906
-0.34021
-0.32109
-0.30155
-0.28175
-0.26174
-0.24153
-0.2211
-0.20052
-0.17997
-0.15942
-0.13859
-0.11745
-0.096081
-0.074552
-0.052926
-0.031194
-0.0094079
0.012218
0.033701
0.055154
0.076633
0.098156
0.11968
0.14116
0.1626
0.18399
0.20527
0.22642
0.24749
0.26846
0.2893
0.30999
0.33053
0.35089
0.37101
0.39083
0.41043
0.42986
0.44911
0.46813
0.48689
0.50539
0.52361
0.54146
0.5589
0.57596
0.59268
0.60908
0.62513
0.6408
0.6561
0.67103
0.68554
0.69962
0.71328
0.72652
0.73932
0.75167
0.76357
0.775
0.78592
