-0.069101
-0.091281
-0.11337
-0.13539
-0.15734
-0.17917
-0.20091
-0.22253
-0.244
-0.26533
-0.2865
-0.30748
-0.32833
-0.34892
-0.36931
-0.38949
-0.40933
-0.42901
-0.44844
-0.46761
-0.4865
-0.50508
-0.52335
-0.54132
-0.55895
-0.57626
-0.5932
-0.60979
-0.62602
-0.64186
-0.65735
-0.67235
-0.68698
-0.70122
-0.71503
-0.72841
-0.74135
-0.75384
-0.76588
-0.77745
-0.78855
-0.79917
-0.80928
-0.81892
-0.82809
-0.83677
-0.84494
-0.8526
-0.85975
-0.86637
-0.87247
-0.87804
-0.88308
-0.88758
-0.89155
-0.89498
-0.89788
-0.90021
-0.90199
-0.90324
-0.90395
-0.90411
-0.90373
-0.90279
-0.90131
-0.89929
-0.89672
-0.8936
-0.88994
-0.88574
-0.88101
-0.87576
-0.86998
-0.86368
-0.85685
-0.8495
-0.84163
-0.83326
-0.82438
-0.815
-0.80513
-0.79478
-0.78394
-0.77262
-0.76083
-0.74859
-0.73589
-0.72275
-0.70917
-0.69516
-0.68073
-0.66589
-0.65064
-0.635
-0.61897
-0.60257
-0.58581
-0.56869
-0.55123
-0.53344
-0.51533
-0.4969
-0.47817
-0.45915
-0.43985
-0.42029
-0.40047
-0.3804
-0.36011
-0.3396
-0.31888
-0.29796
-0.27687
-0.25561
-0.2342
-0.21264
-0.19095
-0.16915
-0.14724
-0.12525
-0.10318
-0.081039
-0.058855
-0.036637
-0.014396
0.0078528
0.030098
0.052325
0.074522
0.096663
0.11875
0.14077
0.16271
0.18455
0.20628
0.22788
0.60862
0.62137
0.63383
0.64597
-0.12393
-0.085925
-0.04751
-0.0098508
0.024621
0.061433
0.098689
0.23276
0.2546
0.28659
0.31803
0.527
0.3541
0.38409
0.41493
0.44551
0.77195
0.76618
0.77183
0.78752
0.64663
0.63545
0.66237
0.6673
0.9662
1.0576
1.1071
1.2647
1.3345
1.3144
1.2896
1.2524
1.0976
1.1022
1.0973
0.94311
1.0532
1.0282
0.99921
1.0037
0.68754
0.69802
0.71319
0.68361
0.7381
0.80012
0.86741
0.92639
0.88927
0.81816
0.81557
0.71255
0.66028
0.7177
0.77125
0.79668
0.97374
0.9725
0.97895
1.0934
1.0171
1.0267
1.0255
0.96858
1.1287
1.1423
1.1423
1.1639
1.1269
1.0278
0.93534
0.83798
0.7656
0.79444
0.77801
0.77975
0.81658
0.77634
0.74403
0.72461
0.56021
0.53452
0.50291
0.40521
0.42645
0.42577
0.42054
0.4645
0.38416
0.31911
0.282
0.22067
0.20805
0.256
0.29231
0.33075
0.40292
0.36466
0.35037
0.3496
0.27637
0.24774
0.21221
0.16041
0.23867
0.23579
0.2273
0.24776
0.199
0.13615
0.085113
-0.0061505
-0.032414
-0.023757
-0.045689
-0.05143
-0.062123
-0.12494
-0.18058
-0.23809
-0.35947
-0.3906
-0.42504
-0.47529
-0.45798
-0.45741
-0.45573
-0.43089
-0.49878
-0.54074
-0.56769
-0.61148
-0.62031
-0.60254
-0.59682
-0.56051
-0.53988
-0.5725
-0.58667
-0.60972
-0.65293
-0.66243
-0.67274
-0.68076
-0.6233
-0.62064
-0.62746
-0.62127
-0.66318
-0.70493
-0.74372
-0.80726
-0.81625
-0.81476
-0.82659
-0.82175
-0.82806
-0.86045
-0.88551
-0.9298
-0.98655
-0.99245
-1.0023
-1.007
-0.98302
-0.97626
-0.96958
-0.95917
-1.0021
-1.021
-1.0268
-1.0442
-1.0297
-1.005
-0.98298
-0.93603
-0.91329
-0.91574
-0.90942
-0.916
-0.9262
-0.91429
-0.90488
-0.88278
-0.83497
-0.82249
-0.81313
-0.80367
-0.82043
-0.83026
-0.83876
-0.85606
-0.83413
-0.81209
-0.79873
-0.7728
-0.76283
-0.76602
-0.76602
-0.7856
-0.79995
-0.78632
-0.77325
-0.75289
-0.72883
-0.70962
-0.68865
-0.66931
-0.64898
-0.62685
-0.6033
-0.57946
-0.55467
-0.52782
-0.50547
-0.48539
-0.4634
-0.44118
-0.41617
-0.3903
-0.3647
-0.33592
-0.3064
-0.28201
-0.25522
-0.2326
-0.21148
-0.1895
-0.16967
-0.14925
-0.12841
-0.10923
-0.086438
-0.062484
-0.039476
-0.015663
0.00674
0.02811
0.050252
0.070645
0.089221
0.10969
0.13163
0.15484
0.1796
0.20395
0.22798
0.25249
0.27754
0.30025
0.32145
0.34186
0.36208
0.38273
0.40308
0.42307
0.44291
0.46236
0.48129
0.49951
0.51753
0.53555
0.55324
0.57048
0.58801
0.60509
0.62099
0.63537
0.6492
0.66312
0.67718
0.69099
0.70479
0.71884
0.73277
0.74565
0.75709
0.76753
0.77758
0.78721
0.7964
0.80565
0.81474
0.8235
0.83187
0.83949
0.84659
0.85337
0.85968
0.86549
0.87085
0.87576
0.88012
0.88347
0.88622
0.88867
0.89087
0.89279
0.8942
0.89515
0.89581
0.89581
0.89486
0.89318
0.891
0.88844
0.88541
0.88188
0.87789
0.87342
0.86851
0.86304
0.85709
0.85084
0.84416
0.83702
0.82943
0.82137
0.81288
0.80372
0.79396
0.78391
0.77361
0.763
0.75203
0.74064
0.72891
0.71676
0.704
0.6907
0.67696
0.66287
0.64846
0.63371
0.61863
0.60322
0.58747
0.57139
0.55495
0.53822
0.52122
0.50394
0.48638
0.46856
0.45048
0.4321
0.41338
0.39443
0.37532
0.35605
0.33662
0.31699
0.29722
0.2773
0.25715
0.23676
0.21619
0.19549
0.17471
0.15384
0.13288
0.11186
0.090788
0.069655
0.048467
0.027248
0.0060205
-0.015206
-0.036428
-0.05763
-0.078806
-0.099963
