-0.74749
-0.73442
-0.72125
-0.7075
-0.69333
-0.67894
-0.66381
-0.64861
-0.63274
-0.61663
-0.60019
-0.58322
-0.5662
-0.54861
-0.53068
-0.51248
-0.49401
-0.47519
-0.45615
-0.43679
-0.41718
-0.39734
-0.37709
-0.35681
-0.33625
-0.31552
-0.29458
-0.27345
-0.25219
-0.23074
-0.20921
-0.18741
-0.1655
-0.14355
-0.1215
-0.099372
-0.077209
-0.054983
-0.032747
-0.0105
0.011774
0.034042
0.056274
0.078472
0.10061
0.1227
0.14471
0.16663
0.18848
0.2102
0.23177
0.25321
0.27449
0.29562
0.31655
0.3373
0.35785
0.3782
0.39835
0.41824
0.43787
0.45724
0.47632
0.49512
0.51361
0.53179
0.54965
0.56717
0.58436
0.60118
0.61764
0.63373
0.64943
0.66475
0.67967
0.69417
0.70825
0.7219
0.73511
0.74788
0.7602
0.77206
0.78345
0.79438
0.80483
0.8148
0.82427
0.83324
0.8417
0.84966
0.8571
0.86401
0.87041
0.87628
0.88162
0.88643
0.8907
0.89443
0.89762
0.90027
0.90237
0.90393
0.90494
0.90541
0.90532
0.90469
0.90351
0.90178
0.89951
0.8967
0.89335
0.88947
0.88504
0.88007
0.87458
0.86855
0.862
0.85492
0.84733
0.83922
0.83061
0.8215
0.81188
0.80178
0.79119
0.78012
0.76859
0.75658
0.74412
0.7312
0.71784
0.70405
0.68984
0.67521
0.66017
0.64474
-0.089588
-0.08869
-0.087886
-0.087158
-0.86825
-0.84168
-0.81493
-0.7877
-0.75514
-0.72835
-0.70086
-0.87096
-0.83351
-0.80116
-0.76903
-0.55903
-0.14473
-0.1384
-0.13066
-0.12373
0.18072
0.19738
0.20795
0.1995
0.5019
0.48278
0.38026
0.39468
0.63281
0.67635
0.67895
0.70909
0.49493
0.44974
0.41517
0.36708
0.18568
0.14386
0.098194
-0.099708
-0.35507
-0.35766
-0.28868
-0.29549
-0.59553
-0.60077
-0.58473
-0.50388
-0.53337
-0.5004
-0.46933
-0.42369
-0.44235
-0.47948
-0.44695
-0.44978
-0.26133
-0.2204
-0.22516
-0.14568
0.038926
0.037274
0.030258
0.11003
0.26862
0.28592
0.27841
0.21674
0.37543
0.37989
0.36087
0.27798
0.2128
0.18564
0.14853
0.093663
0.0029465
0.010885
-0.012138
-0.049396
-0.18573
-0.20489
-0.20334
-0.23704
-0.3873
-0.38755
-0.37144
-0.36506
-0.43232
-0.44695
-0.44946
-0.36754
-0.38372
-0.38644
-0.35911
-0.30084
-0.20575
-0.16442
-0.11718
-0.053224
0.058627
0.057171
0.056637
0.067389
0.16527
0.18165
0.1728
0.15446
0.23358
0.23257
0.21359
0.16461
0.15551
0.15506
0.13998
0.068094
0.028411
0.027864
0.014565
-0.016002
-0.10351
-0.13409
-0.1617
-0.19
-0.27391
-0.26692
-0.24421
-0.22705
-0.26406
-0.26881
-0.24754
-0.19208
-0.20188
-0.19317
-0.17295
-0.12211
-0.071751
-0.052187
-0.029442
0.023581
0.077372
0.079237
0.083256
0.095411
0.15422
0.17549
0.17964
0.18022
0.22927
0.22878
0.2082
0.17699
0.17165
0.16761
0.14874
0.095615
0.075347
0.069628
0.059576
0.027911
-0.018632
-0.036613
-0.045993
-0.070198
-0.10947
-0.1048
-0.092001
-0.07952
-0.099256
-0.10273
-0.08906
-0.063002
-0.074686
-0.069836
-0.04961
-0.011831
0.018569
0.033406
0.049479
0.091411
0.12184
0.12825
0.13245
0.14724
0.17962
0.19188
0.19148
0.19434
0.21806
0.21328
0.19602
0.17102
0.16589
0.16091
0.14564
0.11442
0.107
0.10288
0.091789
0.065587
0.036314
0.023806
0.017579
-0.0040924
-0.027392
-0.027302
-0.023637
-0.015804
-0.0056803
-0.0019393
0.008341
0.020109
0.026293
0.032855
0.041174
0.048573
0.05567
0.06076
0.075194
0.094646
0.10778
0.11769
0.12293
0.12741
0.13362
0.1339
0.13227
0.14137
0.1573
0.17073
0.18051
0.18765
0.19366
0.19907
0.20379
0.20583
0.21275
0.22252
0.22901
0.23452
0.2384
0.24064
0.24278
0.24123
0.24196
0.24986
0.25643
0.26156
0.26478
0.26559
0.26671
0.26561
0.26182
0.26163
0.26387
0.26632
0.26795
0.26803
0.26758
0.26652
0.26454
0.2616
0.2583
0.25526
0.25143
0.24633
0.24064
0.23432
0.22786
0.22022
0.21236
0.2061
0.19905
0.19045
0.18054
0.16912
0.15785
0.14633
0.13313
0.1208
0.10971
0.098716
0.087472
0.075058
0.061983
0.04919
0.036113
0.022671
0.009047
-0.0045872
-0.018469
-0.033043
-0.047997
-0.063189
-0.078682
-0.094549
-0.11054
-0.12562
-0.1406
-0.15621
-0.17243
-0.18916
-0.20612
-0.22321
-0.24074
-0.25807
-0.27449
-0.29045
-0.30622
-0.32216
-0.33835
-0.35448
-0.37061
-0.38674
-0.40274
-0.41852
-0.43403
-0.44944
-0.4648
-0.47998
-0.49501
-0.50992
-0.52458
-0.53866
-0.55223
-0.5656
-0.57891
-0.59214
-0.60514
-0.61785
-0.63037
-0.64254
-0.65395
-0.6647
-0.67497
-0.68493
-0.69461
-0.70392
-0.71282
-0.72135
-0.72945
-0.73707
-0.7442
-0.75091
-0.75723
-0.76309
-0.76848
-0.77342
-0.77786
-0.78168
-0.78484
-0.78752
-0.78982
-0.79172
-0.79318
-0.79414
-0.79461
-0.79456
-0.79383
-0.79241
-0.79038
-0.78785
-0.78485
-0.78136
-0.77736
-0.77285
-0.76783
-0.76227
-0.75618
-0.74958
-0.7425
-0.73494
-0.72689
-0.71835
-0.70933
-0.69977
