0.8165
0.82543
0.83418
0.84274
0.85057
0.85769
0.86462
0.87132
0.87669
0.88188
0.88688
0.89101
0.89441
0.89764
0.90058
0.90217
0.90358
0.90482
0.90513
0.90486
0.90391
0.90275
0.90116
0.8985
0.89557
0.8924
0.88833
0.88361
0.8787
0.8733
0.86692
0.86026
0.85344
0.84561
0.83738
0.8286
0.81952
0.80989
0.79959
0.78892
0.77796
0.76625
0.7541
0.74167
0.72873
0.71526
0.70128
0.68699
0.67243
0.65723
0.64168
0.62588
0.60967
0.59293
0.57596
0.55872
0.54099
0.52293
0.5047
0.48608
0.46715
0.4479
0.42845
0.40876
0.38876
0.36852
0.34814
0.32749
0.3066
0.28559
0.26444
0.24304
0.22148
0.19981
0.17808
0.1562
0.13419
0.11216
0.090084
0.067877
0.045651
0.023448
0.0011939
-0.021097
-0.043318
-0.065514
-0.087702
-0.10985
-0.13191
-0.15387
-0.17575
-0.19755
-0.2192
-0.24072
-0.26212
-0.28334
-0.30438
-0.32525
-0.34595
-0.36643
-0.38667
-0.40667
-0.42645
-0.44595
-0.46518
-0.48413
-0.50281
-0.52116
-0.53919
-0.55692
-0.57431
-0.59132
-0.60801
-0.62432
-0.64026
-0.65579
-0.67094
-0.68569
-0.70002
-0.71391
-0.72739
-0.74043
-0.75301
-0.76514
-0.77682
-0.78802
-0.79875
-0.80898
-0.81874
-0.82797
-0.83671
-0.84494
-0.85266
-0.85985
-0.86652
-0.87267
-0.8783
-0.88339
-0.88797
-0.89203
-0.53896
-0.55014
-0.56226
-0.47247
-0.48607
-0.53074
-1.3068
-1.3018
-1.2866
-1.0836
-1.0671
-1.113
-1.1222
-1.1301
-1.1129
-1.0976
-1.0669
-1.0505
-1.0296
-1.0135
-0.99659
-0.97967
-1.1027
-1.1167
-1.0883
-1.0478
-1.0269
-0.98633
-0.65091
-0.57183
-0.55776
-0.51566
-0.35198
-0.35252
-0.4587
-0.53507
-0.52489
-0.50677
-0.49193
-0.49331
-0.30541
-0.15147
-0.1557
-0.19355
-0.32529
-0.26832
-0.2516
-0.21161
-0.20011
-0.21412
-0.24468
-0.39218
-0.39437
-0.3713
-0.36199
-0.36201
-0.31704
-0.1688
-0.10471
-0.090893
-0.064091
-0.038899
-0.051286
-0.2732
-0.30241
-0.27126
-0.26764
-0.3016
-0.2995
-0.21501
-0.13031
-0.080944
-0.055392
-0.01895
0.056211
-0.0079554
-0.01628
0.01869
0.0848
0.15379
0.10879
0.12099
0.12043
0.1312
0.16932
0.26417
0.46246
0.50197
0.51539
0.5618
0.60768
0.60417
0.54248
0.52792
0.53351
0.53765
0.53123
0.56875
0.71575
0.7502
0.7469
0.74649
0.77476
0.80745
0.77484
0.74103
0.72652
0.71883
0.67729
0.60967
0.64898
0.65411
0.63199
0.60529
0.61984
0.69118
0.71963
0.75462
0.78189
0.79265
0.7265
0.60687
0.60582
0.61997
0.61383
0.59927
0.61971
0.68153
0.71448
0.73509
0.75512
0.80275
0.8129
0.7495
0.75337
0.77722
0.79734
0.7793
0.75194
0.76817
0.78182
0.78529
0.79531
0.85841
0.92146
0.90614
0.91004
0.93223
0.94892
0.91599
0.85515
0.82131
0.78732
0.75615
0.72725
0.76505
0.82574
0.80985
0.78566
0.77274
0.77596
0.75468
0.70405
0.66926
0.64223
0.60471
0.53191
0.49544
0.50573
0.47884
0.4392
0.40969
0.42059
0.43394
0.42083
0.41024
0.40355
0.38453
0.31255
0.25317
0.2449
0.22336
0.18811
0.15811
0.16802
0.19253
0.1989
0.20182
0.2097
0.22192
0.18022
0.12822
0.12041
0.11732
0.099961
0.061106
0.039481
0.035642
0.022059
0.0042885
0.0035291
0.035246
0.032492
0.0010431
-0.0086027
-0.010339
-0.02664
-0.078231
-0.1287
-0.1633
-0.19942
-0.23993
-0.26769
-0.25101
-0.24914
-0.29043
-0.32206
-0.34525
-0.37429
-0.41568
-0.46465
-0.49195
-0.51297
-0.52361
-0.53627
-0.55182
-0.56226
-0.5675
-0.57183
-0.57646
-0.58638
-0.5979
-0.60607
-0.61994
-0.63524
-0.64345
-0.65193
-0.66211
-0.6701
-0.67499
-0.67762
-0.68097
-0.69011
-0.70363
-0.71467
-0.72587
-0.73881
-0.75523
-0.77174
-0.78352
-0.7935
-0.80392
-0.81216
-0.81409
-0.81553
-0.82093
-0.82546
-0.82829
-0.83079
-0.8364
-0.84414
-0.84588
-0.84432
-0.84291
-0.8408
-0.83757
-0.83317
-0.82906
-0.82622
-0.82317
-0.82028
-0.81809
-0.81578
-0.81339
-0.81076
-0.80621
-0.8001
-0.79406
-0.78756
-0.77976
-0.77086
-0.76119
-0.75167
-0.74257
-0.7329
-0.72337
-0.71455
-0.70484
-0.69375
-0.6823
-0.67036
-0.65745
-0.6436
-0.62915
-0.61509
-0.6015
-0.58755
-0.57327
-0.55887
-0.54448
-0.53
-0.51438
-0.4974
-0.47999
-0.46235
-0.44429
-0.42568
-0.40666
-0.38746
-0.36812
-0.34865
-0.32931
-0.31026
-0.29091
-0.27083
-0.25044
-0.2299
-0.2091
-0.18799
-0.16676
-0.14572
-0.12479
-0.10388
-0.083072
-0.062332
-0.041596
-0.020874
2.3473e-005
0.021301
0.042742
0.064182
0.085696
0.10735
0.12908
0.15075
0.17223
0.19358
0.21474
0.2356
0.25626
0.27696
0.29767
0.31828
0.33876
0.35912
0.37926
0.39904
0.41844
0.43754
0.45634
0.47479
0.49291
0.5107
0.52824
0.54563
0.56281
0.57967
0.5962
0.61241
0.62832
0.64384
0.65895
0.67363
0.68784
0.70153
0.71475
0.72761
0.7401
0.75217
0.76379
0.77498
0.78571
