-0.069081
-0.091275
-0.11337
-0.13537
-0.15732
-0.1792
-0.20097
-0.22262
-0.2441
-0.26546
-0.2867
-0.30771
-0.32851
-0.34918
-0.36969
-0.38979
-0.40975
-0.42956
-0.44895
-0.46811
-0.48699
-0.50558
-0.5239
-0.54185
-0.55952
-0.57689
-0.59384
-0.61042
-0.62671
-0.64262
-0.65802
-0.67309
-0.68786
-0.70203
-0.71586
-0.72923
-0.74222
-0.75475
-0.7668
-0.77837
-0.78954
-0.80017
-0.81032
-0.82002
-0.82919
-0.83782
-0.84596
-0.85358
-0.86073
-0.86734
-0.87343
-0.87899
-0.88406
-0.88854
-0.89251
-0.89595
-0.89882
-0.90114
-0.90296
-0.90419
-0.90488
-0.90502
-0.90463
-0.9037
-0.90222
-0.90018
-0.89761
-0.89449
-0.89083
-0.88663
-0.88191
-0.87661
-0.8708
-0.86445
-0.85761
-0.85023
-0.84235
-0.83396
-0.82507
-0.81567
-0.80578
-0.79541
-0.78456
-0.77321
-0.76142
-0.74916
-0.73644
-0.72327
-0.70968
-0.69565
-0.68121
-0.66635
-0.65109
-0.63543
-0.6194
-0.60298
-0.58621
-0.56906
-0.55158
-0.53375
-0.51562
-0.49717
-0.47842
-0.45938
-0.44007
-0.42049
-0.40065
-0.38057
-0.36027
-0.33974
-0.31901
-0.29808
-0.27697
-0.25569
-0.23426
-0.21269
-0.191
-0.16918
-0.14726
-0.12525
-0.10317
-0.081026
-0.058834
-0.0366
-0.014344
0.0079231
0.030181
0.052422
0.074628
0.09678
0.11887
0.1409
0.16283
0.18467
0.20638
0.22798
0.24944
0.27075
0.2919
0.31289
0.69027
0.70267
0.71332
0.82513
0.83276
0.8085
0.052086
0.075793
0.10895
0.32911
0.36182
0.3314
0.33674
0.34246
0.3725
0.39956
0.44119
0.46771
0.49771
0.52195
0.54614
0.56933
0.45171
0.44211
0.47399
0.51719
0.53968
0.58098
0.91615
0.99404
1.0059
1.0449
1.2046
1.199
1.0869
1.0037
1.006
1.0155
1.0207
1.0087
1.1852
1.3268
1.3093
1.2573
1.1106
1.1516
1.1516
1.174
1.167
1.1338
1.0831
0.91475
0.89091
0.89154
0.87767
0.85369
0.87397
0.9968
1.0348
1.0218
1.0211
1.0181
0.97697
0.72566
0.66647
0.66702
0.6395
0.57383
0.5437
0.59544
0.6469
0.66256
0.65395
0.6558
0.69596
0.59641
0.55234
0.55121
0.58093
0.6132
0.53122
0.50618
0.46815
0.44122
0.44147
0.49827
0.65837
0.65959
0.63464
0.64261
0.64997
0.60791
0.50767
0.4546
0.42169
0.38742
0.34267
0.34198
0.45089
0.44742
0.4064
0.36849
0.35945
0.35508
0.2857
0.21543
0.16476
0.12124
0.044243
-0.058458
-0.053823
-0.082941
-0.13888
-0.1989
-0.2172
-0.17819
-0.18153
-0.17777
-0.18116
-0.2005
-0.29613
-0.44463
-0.47392
-0.48734
-0.5204
-0.56118
-0.56626
-0.52924
-0.52037
-0.52307
-0.52558
-0.4997
-0.51052
-0.59409
-0.60959
-0.60428
-0.60187
-0.63677
-0.68014
-0.67904
-0.67964
-0.68955
-0.692
-0.64044
-0.58803
-0.61307
-0.61799
-0.60369
-0.59396
-0.63292
-0.69885
-0.73685
-0.77405
-0.80748
-0.8377
-0.80027
-0.739
-0.75335
-0.77508
-0.78458
-0.77701
-0.793
-0.8374
-0.86503
-0.88398
-0.91249
-0.97537
-1.001
-0.97897
-0.99321
-1.0193
-1.0344
-1.0082
-0.97868
-0.9748
-0.96753
-0.95553
-0.95506
-1.0067
-1.045
-1.0314
-1.0302
-1.0421
-1.0479
-1.0131
-0.96299
-0.93032
-0.90041
-0.86489
-0.82437
-0.83715
-0.8596
-0.83728
-0.80965
-0.79574
-0.80277
-0.79205
-0.76305
-0.7433
-0.72729
-0.69382
-0.62746
-0.59517
-0.59119
-0.56506
-0.53068
-0.51055
-0.52541
-0.53888
-0.53624
-0.53489
-0.53772
-0.52764
-0.47295
-0.43296
-0.43602
-0.42933
-0.41412
-0.40469
-0.40758
-0.41806
-0.4069
-0.38951
-0.36182
-0.33627
-0.31373
-0.28623
-0.25372
-0.2205
-0.18781
-0.16059
-0.13524
-0.1068
-0.084367
-0.063681
-0.036258
-0.0094967
0.015167
0.04161
0.070731
0.10164
0.13135
0.15478
0.17334
0.19387
0.21369
0.2312
0.24465
0.2574
0.27425
0.29224
0.30914
0.32754
0.35155
0.37534
0.39445
0.4137
0.43392
0.4537
0.46961
0.48258
0.50076
0.52141
0.54108
0.56061
0.58042
0.60053
0.61949
0.6363
0.65244
0.66753
0.68104
0.69375
0.70564
0.71684
0.72904
0.74187
0.75368
0.76502
0.77673
0.78858
0.80027
0.81085
0.82009
0.82894
0.83672
0.84284
0.84892
0.85543
0.86136
0.86685
0.87238
0.87791
0.88313
0.88705
0.88959
0.89159
0.89304
0.89371
0.89351
0.89251
0.8918
0.8916
0.89099
0.88976
0.88816
0.88628
0.88403
0.88118
0.87771
0.87361
0.86864
0.86266
0.85628
0.84992
0.84321
0.83597
0.82836
0.82042
0.812
0.80279
0.79291
0.78245
0.77136
0.75967
0.7475
0.73482
0.72188
0.70886
0.69561
0.68194
0.66799
0.65381
0.6394
0.62461
0.60934
0.59367
0.57759
0.56097
0.54397
0.52683
0.50956
0.49204
0.4743
0.45636
0.43813
0.4195
0.4005
0.38119
0.36163
0.34178
0.32167
0.30134
0.28088
0.26042
0.23993
0.21932
0.19859
0.17778
0.15693
0.13598
0.11493
0.093768
0.072493
0.051075
0.029582
0.0081341
-0.013239
-0.034586
-0.055901
-0.077154
-0.098349
