-0.74742
-0.73416
-0.72081
-0.70737
-0.69325
-0.67849
-0.66365
-0.6487
-0.63259
-0.61641
-0.60018
-0.58331
-0.5659
-0.54846
-0.5309
-0.51238
-0.49383
-0.47526
-0.45618
-0.43675
-0.41693
-0.39717
-0.37727
-0.35665
-0.33605
-0.31552
-0.29449
-0.27318
-0.25199
-0.23068
-0.2089
-0.18717
-0.16558
-0.14357
-0.12153
-0.099362
-0.077293
-0.055148
-0.032795
-0.010547
0.011584
0.033915
0.056219
0.078343
0.10047
0.12256
0.14468
0.16659
0.18831
0.2101
0.23175
0.25312
0.27439
0.29561
0.31655
0.33723
0.35783
0.37821
0.39825
0.41811
0.43773
0.45712
0.47618
0.49493
0.51346
0.53166
0.54947
0.56699
0.58422
0.60104
0.61747
0.63357
0.64932
0.66464
0.67952
0.69403
0.70816
0.72179
0.73499
0.74779
0.76013
0.77196
0.78336
0.79431
0.80474
0.81467
0.82414
0.83312
0.84158
0.84952
0.85697
0.8639
0.87029
0.87615
0.88152
0.88632
0.89059
0.89431
0.89753
0.90019
0.90229
0.90384
0.90487
0.90534
0.90525
0.90462
0.90346
0.90173
0.89946
0.89666
0.89331
0.8894
0.88498
0.88001
0.87452
0.86848
0.86194
0.85486
0.84728
0.83917
0.83057
0.82145
0.81185
0.80174
0.79116
0.7801
0.76857
0.75656
0.74411
0.73119
0.71783
0.70404
0.68983
0.67518
0.66014
0.64469
0.62886
0.61264
0.59607
0.57914
-0.15131
-0.15253
-0.15106
-0.35265
-0.34669
-0.27776
-1
-0.9499
-0.92744
-0.71403
-0.71134
-0.75827
-0.76419
-0.76066
-0.73379
-0.7093
-0.67059
-0.62757
-0.60178
-0.58213
-0.56137
-0.53948
-0.2362
-0.19106
-0.1815
-0.19466
-0.16818
-0.18549
0.075984
0.11463
0.10354
0.12011
0.27487
0.28859
0.46093
0.55997
0.52424
0.50867
0.47645
0.46425
0.64668
0.73739
0.67203
0.59561
0.41129
0.24546
0.20373
0.20827
0.22342
0.20873
0.178
0.016131
-0.021583
-0.040888
-0.067595
-0.11296
-0.1502
-0.37667
-0.40473
-0.39493
-0.4193
-0.46184
-0.48304
-0.7048
-0.7338
-0.6987
-0.69533
-0.69797
-0.62898
-0.68851
-0.66187
-0.62723
-0.59267
-0.53205
-0.45313
-0.49793
-0.48531
-0.432
-0.34426
-0.19938
-0.030262
-0.0086918
-0.030005
-0.015325
0.013448
0.071057
0.22897
0.23188
0.21658
0.23268
0.23726
0.24957
0.35605
0.35104
0.3387
0.33782
0.32404
0.31581
0.40178
0.37576
0.32498
0.28068
0.20154
0.10367
0.10157
0.056718
0.016646
-0.027859
-0.098434
-0.17567
-0.14905
-0.1538
-0.18854
-0.23474
-0.32113
-0.41886
-0.40497
-0.37814
-0.37951
-0.37405
-0.40876
-0.48969
-0.45704
-0.42159
-0.40423
-0.35364
-0.32028
-0.34266
-0.30286
-0.26831
-0.23271
-0.17074
-0.13486
-0.16133
-0.11991
-0.065721
-0.0057682
0.090621
0.16864
0.17671
0.20443
0.23572
0.26164
0.31631
0.36026
0.32881
0.32111
0.33315
0.33339
0.36457
0.39592
0.36044
0.32934
0.31151
0.28029
0.29429
0.32425
0.28352
0.24279
0.20041
0.12863
0.089411
0.085774
0.051336
0.019477
-0.013642
-0.068384
-0.086295
-0.064702
-0.08291
-0.10891
-0.13518
-0.18703
-0.21088
-0.19157
-0.18694
-0.18478
-0.17558
-0.19654
-0.19848
-0.15324
-0.12509
-0.10122
-0.062316
-0.055022
-0.045933
-0.0025915
0.033648
0.067348
0.1085
0.10532
0.098683
0.13373
0.16947
0.21025
0.26728
0.28781
0.288
0.30556
0.31957
0.33369
0.36303
0.35611
0.3264
0.32027
0.31438
0.30626
0.31871
0.30818
0.27461
0.25187
0.22764
0.20254
0.20731
0.19288
0.17462
0.16494
0.16048
0.15809
0.15285
0.14377
0.17332
0.19742
0.20246
0.2115
0.22216
0.23019
0.23495
0.23683
0.23953
0.23888
0.23398
0.23428
0.25045
0.26733
0.26732
0.2673
0.2685
0.26634
0.25961
0.25202
0.25458
0.25795
0.25478
0.25533
0.26041
0.26531
0.27163
0.27625
0.27176
0.26556
0.26128
0.25646
0.25292
0.24655
0.23571
0.22618
0.21738
0.20868
0.20353
0.2006
0.19446
0.18684
0.18006
0.17194
0.1609
0.14847
0.13834
0.13113
0.12364
0.1156
0.10824
0.10181
0.096552
0.091284
0.082407
0.070827
0.059213
0.047159
0.033867
0.019401
0.004797
-0.010068
-0.02574
-0.041257
-0.054983
-0.066992
-0.080803
-0.096887
-0.11304
-0.12934
-0.1465
-0.16429
-0.18103
-0.19622
-0.2114
-0.22652
-0.24093
-0.25471
-0.26812
-0.28141
-0.29546
-0.31063
-0.32593
-0.34115
-0.35684
-0.37302
-0.38924
-0.40522
-0.42093
-0.43645
-0.45128
-0.46498
-0.47863
-0.4931
-0.50767
-0.52199
-0.53644
-0.55104
-0.5652
-0.57837
-0.59075
-0.60278
-0.61441
-0.62543
-0.63585
-0.64581
-0.65578
-0.66611
-0.67638
-0.68626
-0.69587
-0.70529
-0.7144
-0.72302
-0.73119
-0.73884
-0.74579
-0.75184
-0.75735
-0.76282
-0.76807
-0.77282
-0.77719
-0.78124
-0.78483
-0.78766
-0.7897
-0.79112
-0.79198
-0.79221
-0.79183
-0.79089
-0.78956
-0.78802
-0.78621
-0.78393
-0.78118
-0.77804
-0.77447
-0.77037
-0.76571
-0.76048
-0.75468
-0.74818
-0.74108
-0.7336
-0.7258
-0.71756
-0.70887
-0.69976
-0.6902
