-0.7475
-0.73465
-0.7214
-0.70767
-0.69309
-0.67877
-0.66387
-0.6483
-0.63267
-0.61682
-0.60005
-0.58319
-0.56627
-0.54856
-0.53057
-0.51254
-0.4941
-0.4751
-0.45607
-0.43678
-0.41735
-0.39721
-0.37709
-0.35701
-0.33626
-0.31538
-0.29461
-0.27349
-0.252
-0.23062
-0.20906
-0.18729
-0.16552
-0.14348
-0.12146
-0.09949
-0.07725
-0.054995
-0.032855
-0.010597
0.011749
0.033962
0.056121
0.078413
0.10057
0.12261
0.14456
0.16656
0.18844
0.21006
0.23166
0.25319
0.27444
0.29552
0.31655
0.33731
0.35782
0.37821
0.3983
0.4182
0.43784
0.45715
0.47623
0.49506
0.51352
0.53168
0.54958
0.5671
0.58425
0.6011
0.61759
0.63366
0.64934
0.66467
0.67962
0.6941
0.70817
0.72186
0.73508
0.74783
0.76017
0.77205
0.78343
0.79437
0.80481
0.81477
0.82425
0.8332
0.84166
0.84963
0.85707
0.86397
0.87038
0.87626
0.88159
0.8864
0.89069
0.89442
0.8976
0.90025
0.90237
0.90393
0.90494
0.90541
0.90534
0.9047
0.90353
0.90182
0.89955
0.89674
0.89339
0.8895
0.88508
0.88011
0.8746
0.86858
0.86203
0.85495
0.84737
0.83927
0.83065
0.82154
0.81193
0.80183
0.79124
0.78018
0.76865
0.75665
0.74418
0.73127
0.011054
0.014783
-0.75355
-0.72216
-0.67899
-0.34065
0.038303
0.35724
0.5765
0.57145
0.37079
0.22
-0.056078
-0.33247
-0.4103
-0.46562
-0.24406
0.014911
0.17862
0.34573
0.34422
0.24636
0.0076304
-0.13103
-0.21398
-0.25484
-0.25863
-0.14539
0.12257
0.242
0.19875
0.23522
0.16985
0.018835
-0.093641
-0.32004
-0.3245
-0.19709
-0.1507
0.0044851
0.13518
0.2508
0.2641
0.183
0.071461
-0.10772
-0.24936
-0.30748
-0.28346
-0.17335
-0.041612
0.083274
0.22103
0.23009
0.18385
0.054504
-0.053515
-0.1483
-0.21596
-0.24966
-0.1841
-0.052692
0.048727
0.12331
0.1386
0.12865
0.063842
-0.04807
-0.14579
-0.18202
-0.16777
-0.11846
-0.046548
0.0368
0.085148
0.10419
0.069419
0.012394
-0.067204
-0.136
-0.16216
-0.13976
-0.097432
-0.029338
0.036787
0.086108
0.10015
0.063841
-0.0055117
-0.065582
-0.11514
-0.14512
-0.14365
-0.10206
-0.029911
0.030267
0.068727
0.076776
0.059172
0.014683
-0.045998
-0.09893
-0.12568
-0.12135
-0.088999
-0.044982
0.0068925
0.045516
0.059432
0.048106
0.017795
-0.028313
-0.071288
-0.093901
-0.092447
-0.071138
-0.036704
0.00099933
0.033337
0.047373
0.035614
0.0064137
-0.025598
-0.053633
-0.071956
-0.073137
-0.055506
-0.022486
0.010258
0.032021
0.0399
0.031291
0.0092798
-0.019869
-0.046958
-0.060534
-0.057778
-0.041006
-0.014491
0.013582
0.033566
0.040751
0.034398
0.015929
-0.0092236
-0.032521
-0.045108
-0.043702
-0.030287
-0.0098669
0.012972
0.032289
0.040656
0.036004
0.020732
0.0016837
-0.015184
-0.026664
-0.028743
-0.019655
-0.002758
0.016005
0.030541
0.037225
0.034823
0.02458
0.0098183
-0.0044683
-0.013267
-0.013954
-0.0066076
0.0064198
0.020881
0.032112
0.037241
0.035269
0.026921
0.014795
0.0030337
-0.0038142
-0.0036316
0.0026434
0.013138
0.024899
0.034652
0.039188
0.036947
0.029175
0.019105
0.0098248
0.0037765
0.0029286
0.0077664
0.016739
0.026885
0.034977
0.038757
0.037439
0.031622
0.023238
0.015028
0.0095472
0.0083729
0.01185
0.018695
0.02668
0.033225
0.036468
0.035778
0.031406
0.024644
0.017768
0.013111
0.012033
0.014481
0.019475
0.02545
0.030611
0.033248
0.035497
0.040792
0.049803
0.058388
0.066689
0.074954
0.083156
0.091346
0.099608
0.10781
0.11559
0.12269
0.12902
0.13471
0.13992
0.14472
0.14915
0.1534
0.15784
0.16243
0.16682
0.17077
0.17612
0.18259
0.18841
0.19351
0.19851
0.20451
0.21009
0.21489
0.21896
0.22235
0.22518
0.22759
0.22978
0.23267
0.23552
0.23787
0.23942
0.24006
0.23969
0.2386
0.2378
0.23646
0.23473
0.23268
0.23025
0.22733
0.2244
0.22198
0.21896
0.21504
0.2105
0.20592
0.20102
0.19543
0.18921
0.18242
0.17516
0.16748
0.15939
0.15088
0.1419
0.13241
0.1224
0.11188
0.10089
0.089452
0.077595
0.065363
0.052826
0.040047
0.02702
0.013727
0.00030527
-0.0127
-0.025783
-0.039312
-0.053182
-0.06719
-0.08132
-0.095751
-0.11036
-0.1252
-0.14023
-0.15544
-0.17078
-0.18622
-0.20179
-0.21746
-0.23328
-0.24923
-0.26529
-0.28142
-0.29759
-0.31375
-0.32987
-0.34589
-0.36178
-0.37756
-0.39319
-0.40849
-0.42354
-0.43854
-0.45346
-0.46817
-0.48262
-0.49689
-0.51101
-0.52495
-0.53868
-0.55218
-0.56541
-0.57836
-0.59102
-0.60338
-0.61543
-0.62719
-0.63866
-0.64981
-0.66063
-0.67108
-0.68114
-0.69077
-0.69998
-0.70876
-0.7171
-0.72494
-0.73225
-0.73913
-0.74561
-0.75164
-0.75718
-0.76224
-0.76686
-0.77102
-0.77471
-0.77792
-0.78063
-0.78284
-0.78454
-0.78574
-0.78644
-0.78665
-0.78636
-0.78557
-0.78427
-0.78246
-0.78012
-0.77725
-0.77385
-0.76991
-0.76545
-0.76044
-0.75488
-0.74879
-0.74221
-0.73515
-0.72757
-0.71949
-0.71093
-0.7019
-0.6924
