0.81651
0.82582
0.83466
0.84297
0.85034
0.85787
0.86472
0.8708
0.87668
0.88222
0.88661
0.89078
0.89476
0.89764
0.90006
0.9023
0.90384
0.90448
0.90495
0.90478
0.90427
0.90273
0.90092
0.89888
0.89575
0.89219
0.88844
0.88394
0.87865
0.87318
0.86712
0.86036
0.85326
0.84548
0.83731
0.82876
0.81948
0.80974
0.79969
0.78902
0.77778
0.76624
0.75427
0.74162
0.72862
0.71527
0.70147
0.68711
0.67238
0.65739
0.6419
0.62592
0.60972
0.59316
0.57607
0.55874
0.54114
0.52305
0.50475
0.4861
0.46717
0.44802
0.42855
0.40878
0.38884
0.36865
0.34817
0.32753
0.30674
0.28568
0.26445
0.24311
0.22162
0.19996
0.17816
0.15631
0.13437
0.11228
0.090165
0.06803
0.045788
0.023526
0.0013016
-0.020978
-0.043228
-0.065453
-0.087643
-0.10975
-0.1318
-0.1538
-0.17568
-0.19745
-0.21913
-0.24066
-0.26203
-0.28326
-0.30433
-0.3252
-0.34586
-0.36633
-0.38659
-0.4066
-0.42635
-0.44587
-0.46512
-0.48406
-0.50273
-0.5211
-0.53914
-0.55686
-0.57425
-0.59129
-0.60798
-0.62429
-0.64021
-0.65577
-0.67092
-0.68566
-0.69999
-0.7139
-0.72737
-0.74041
-0.753
-0.76514
-0.7768
-0.788
-0.79873
-0.80898
-0.81872
-0.82796
-0.48328
-0.50028
-1.2889
-1.2769
-1.2701
-1.4155
-1.0342
-1.1936
-1.0004
-0.74529
-0.92169
-0.88447
-0.82239
-1.1615
-1.0601
-1.1675
-1.251
-1.0128
-1.0751
-0.96729
-0.80916
-0.90536
-0.78934
-0.63271
-0.75204
-0.70604
-0.7754
-0.7668
-0.50504
-0.52817
-0.63857
-0.61091
-0.66391
-0.61451
-0.66364
-0.87027
-0.82107
-0.74631
-0.72251
-0.57599
-0.61085
-0.58441
-0.52073
-0.58179
-0.60526
-0.62951
-0.73223
-0.67869
-0.66034
-0.64241
-0.52845
-0.48263
-0.39259
-0.30903
-0.33168
-0.33276
-0.30828
-0.38179
-0.38599
-0.4138
-0.40263
-0.29751
-0.25848
-0.25253
-0.20895
-0.18563
-0.14267
-0.11994
-0.17538
-0.17162
-0.15751
-0.14374
-0.098529
-0.072614
-0.060746
-0.012729
-0.0022499
0.010075
0.021286
0.012852
0.038629
0.076086
0.09763
0.14271
0.17887
0.21185
0.24689
0.24247
0.23744
0.24799
0.2419
0.24768
0.25942
0.28421
0.33885
0.37762
0.39699
0.4191
0.4317
0.44028
0.44194
0.42089
0.41725
0.42925
0.44969
0.4844
0.51622
0.54002
0.57247
0.59021
0.59864
0.60368
0.59713
0.60124
0.6135
0.62179
0.63952
0.66102
0.68083
0.7025
0.7103
0.71257
0.71881
0.71955
0.72001
0.72462
0.7321
0.74959
0.76528
0.7725
0.77912
0.78196
0.78268
0.78172
0.77515
0.77202
0.77564
0.78299
0.79482
0.80513
0.81122
0.81599
0.81602
0.81062
0.80219
0.79104
0.78392
0.78189
0.78133
0.78359
0.78778
0.79131
0.79261
0.78765
0.77753
0.76643
0.75389
0.74108
0.73044
0.72266
0.71883
0.71641
0.71156
0.70503
0.69645
0.68542
0.67239
0.65705
0.64142
0.62821
0.61725
0.60804
0.59902
0.58856
0.57705
0.56398
0.54844
0.53097
0.5126
0.49522
0.4798
0.46534
0.45162
0.43848
0.42507
0.41022
0.39282
0.37312
0.3526
0.33193
0.31167
0.29259
0.27515
0.25944
0.24438
0.22851
0.21127
0.19249
0.17223
0.15086
0.12876
0.10683
0.086197
0.067245
0.049669
0.032667
0.015314
-0.0026587
-0.021495
-0.041573
-0.062764
-0.084456
-0.10573
-0.1259
-0.14508
-0.16344
-0.18108
-0.19841
-0.21604
-0.23604
-0.2565
-0.27211
-0.28732
-0.30224
-0.31693
-0.33163
-0.34655
-0.36171
-0.37709
-0.39257
-0.40793
-0.42297
-0.43755
-0.45165
-0.46535
-0.47875
-0.49196
-0.50504
-0.51811
-0.53131
-0.54449
-0.55848
-0.57301
-0.58704
-0.60016
-0.61286
-0.62574
-0.63826
-0.65032
-0.66208
-0.6736
-0.68489
-0.69593
-0.70663
-0.71599
-0.72456
-0.73261
-0.74015
-0.74737
-0.75437
-0.76096
-0.76627
-0.77119
-0.77582
-0.78017
-0.78425
-0.78802
-0.79166
-0.79543
-0.79881
-0.80159
-0.8039
-0.806
-0.80773
-0.80887
-0.8095
-0.8096
-0.80921
-0.80828
-0.80697
-0.80521
-0.80299
-0.80028
-0.79703
-0.79314
-0.78866
-0.78364
-0.77809
-0.77208
-0.76561
-0.75876
-0.75147
-0.74377
-0.73564
-0.72718
-0.71822
-0.70866
-0.69864
-0.68824
-0.67753
-0.66634
-0.65457
-0.6423
-0.62962
-0.61653
-0.60304
-0.58919
-0.57493
-0.56029
-0.54524
-0.52979
-0.51393
-0.49771
-0.48112
-0.4642
-0.44695
-0.42943
-0.41162
-0.39351
-0.37515
-0.35662
-0.3379
-0.3189
-0.29962
-0.28011
-0.26041
-0.24049
-0.22036
-0.20002
-0.1795
-0.15884
-0.13803
-0.11711
-0.096055
-0.074882
-0.053589
-0.032207
-0.010747
0.010768
0.032312
0.05387
0.075442
0.096996
0.1185
0.13996
0.16134
0.18262
0.20377
0.22482
0.2458
0.26664
0.28734
0.30788
0.32827
0.3485
0.36855
0.38839
0.40802
0.42742
0.44658
0.46548
0.48413
0.50249
0.52058
0.53837
0.55585
0.57299
0.5898
0.60625
0.62233
0.63803
0.65333
0.66823
0.6827
0.69675
0.7104
0.72361
0.73638
0.74869
0.76055
0.77195
0.78288
