-0.069016
-0.091169
-0.11326
-0.13529
-0.15725
-0.1791
-0.20085
-0.22249
-0.24401
-0.26539
-0.28656
-0.30759
-0.32849
-0.34908
-0.36949
-0.38975
-0.40974
-0.42939
-0.44888
-0.46801
-0.48692
-0.50552
-0.52383
-0.54186
-0.5595
-0.57681
-0.59383
-0.61045
-0.62665
-0.64255
-0.65805
-0.67308
-0.68774
-0.70201
-0.71585
-0.72927
-0.74223
-0.75475
-0.76683
-0.77842
-0.78953
-0.8002
-0.81039
-0.82003
-0.8292
-0.83788
-0.84602
-0.85368
-0.86082
-0.86746
-0.87355
-0.87911
-0.88416
-0.88868
-0.89262
-0.89605
-0.89896
-0.90127
-0.90305
-0.9043
-0.90501
-0.90517
-0.90478
-0.90384
-0.90236
-0.90033
-0.89775
-0.89463
-0.89098
-0.88678
-0.88203
-0.87677
-0.87096
-0.86462
-0.85778
-0.85041
-0.84253
-0.83414
-0.82524
-0.81586
-0.80596
-0.79558
-0.78473
-0.77339
-0.76158
-0.74932
-0.73661
-0.72345
-0.70985
-0.69583
-0.68138
-0.66652
-0.65126
-0.6356
-0.61956
-0.60315
-0.58636
-0.56922
-0.55174
-0.53392
-0.51578
-0.49733
-0.47858
-0.45954
-0.44022
-0.42064
-0.4008
-0.38072
-0.36041
-0.33988
-0.31914
-0.29821
-0.2771
-0.25582
-0.23439
-0.21282
-0.19111
-0.1693
-0.14738
-0.12536
-0.10328
-0.081132
-0.058932
-0.036696
-0.01444
0.0078283
0.030088
0.052331
0.074539
0.096695
0.47222
0.4855
-0.27343
-0.23241
-0.19714
-0.31474
0.09368
-0.039282
0.17967
0.45979
0.30763
0.36837
0.45318
0.1361
0.25869
0.17175
0.10786
0.36479
0.32048
0.44544
0.61987
0.53906
0.66966
0.83991
0.73332
0.79109
0.73261
0.75121
1.0221
1.0071
0.90397
0.93797
0.89037
0.94423
0.89855
0.69446
0.74523
0.82059
0.84405
0.98932
0.95232
0.97564
1.0353
0.96916
0.93972
0.90863
0.79812
0.84298
0.85171
0.85908
0.96153
0.9949
1.0716
1.141
1.1033
1.0862
1.094
1.0029
0.98022
0.93316
0.92425
1.0084
1.0258
1.0092
1.0296
1.0289
1.0472
1.0445
0.9629
0.93986
0.92647
0.91214
0.9286
0.92515
0.90703
0.92449
0.90379
0.88438
0.86333
0.82214
0.81469
0.81845
0.80584
0.81636
0.81755
0.81517
0.81449
0.77397
0.73255
0.70638
0.66328
0.63182
0.60607
0.5932
0.60997
0.61071
0.59191
0.57576
0.55002
0.52015
0.48333
0.4238
0.38166
0.35512
0.33708
0.33338
0.32693
0.31255
0.30695
0.28679
0.25752
0.22505
0.18123
0.1483
0.12381
0.095637
0.077195
0.062886
0.047245
0.033865
0.0070181
-0.024952
-0.052496
-0.085067
-0.11743
-0.14514
-0.16942
-0.18313
-0.19808
-0.22094
-0.2438
-0.26981
-0.2973
-0.32581
-0.35926
-0.38861
-0.41049
-0.42793
-0.44015
-0.45314
-0.46958
-0.48656
-0.5075
-0.53307
-0.56085
-0.59052
-0.61533
-0.63421
-0.65076
-0.66362
-0.67367
-0.68351
-0.69466
-0.71115
-0.7319
-0.75272
-0.77406
-0.79475
-0.81234
-0.82614
-0.83504
-0.84161
-0.84967
-0.85845
-0.86836
-0.87976
-0.8922
-0.90601
-0.91916
-0.92896
-0.93556
-0.93948
-0.94226
-0.94556
-0.94898
-0.95304
-0.95866
-0.96529
-0.97191
-0.97664
-0.97852
-0.97855
-0.97697
-0.97396
-0.97036
-0.96736
-0.96608
-0.96628
-0.96649
-0.96605
-0.96442
-0.96084
-0.95485
-0.94641
-0.93658
-0.92684
-0.91779
-0.90959
-0.9022
-0.89527
-0.88845
-0.88083
-0.87134
-0.85958
-0.84588
-0.83107
-0.81608
-0.80121
-0.78672
-0.77302
-0.75999
-0.74703
-0.73327
-0.71802
-0.70142
-0.68367
-0.66488
-0.64551
-0.62615
-0.60892
-0.59193
-0.56986
-0.54723
-0.52414
-0.5007
-0.47714
-0.45373
-0.43049
-0.40741
-0.38444
-0.36133
-0.33794
-0.31414
-0.28994
-0.26542
-0.2407
-0.21594
-0.19121
-0.16667
-0.14246
-0.11848
-0.09556
-0.073452
-0.051155
-0.028278
-0.0053101
0.01709
0.039486
0.061924
0.084238
0.10635
0.12821
0.14983
0.17129
0.19354
0.21606
0.23852
0.26089
0.28299
0.30468
0.32614
0.34825
0.37007
0.3915
0.41248
0.43302
0.45316
0.47265
0.49125
0.50947
0.52748
0.54517
0.56225
0.5789
0.59527
0.61132
0.62703
0.6424
0.65737
0.6719
0.68596
0.69956
0.71276
0.72559
0.73812
0.75032
0.76214
0.77355
0.7845
0.79495
0.80487
0.81424
0.82311
0.83146
0.83917
0.84645
0.85333
0.85979
0.86565
0.87091
0.87569
0.88015
0.88415
0.88766
0.89066
0.89314
0.8951
0.89653
0.89748
0.89794
0.89794
0.89747
0.89652
0.89509
0.89318
0.89075
0.88781
0.88436
0.88041
0.87595
0.87089
0.86527
0.85921
0.85272
0.84576
0.83832
0.83042
0.8221
0.81335
0.80416
0.79454
0.78447
0.77398
0.76305
0.75173
0.74003
0.72794
0.71547
0.70261
0.68936
0.67573
0.66174
0.64738
0.63264
0.61753
0.60206
0.58622
0.56999
0.55346
0.53664
0.51953
0.5021
0.4844
0.46644
0.44823
0.42977
0.41109
0.39216
0.37303
0.35368
0.33413
0.31439
0.29449
0.27443
0.25422
0.23387
0.21339
0.19278
0.17205
0.15122
0.13029
0.10927
0.088173
0.066995
0.045775
0.024537
0.0032879
-0.017975
-0.039233
-0.060472
-0.081673
-0.10283
