-0.0690795939219181
-0.0912317968092280
-0.165308833191399
-0.171361636710266
-0.177444033439051
-0.183551904338139
-0.189682732913843
-0.195831626812150
-0.201993545588558
-0.208163588485877
-0.214336714479952
-0.220507944395276
-0.226672289666162
-0.351458003043854
-0.372444058356628
-0.392448768448313
-0.412223127189806
-0.431752747716253
-0.451026115501743
-0.470026713545911
-0.488744270997437
-0.507177625572592
-0.525308133141692
-0.543124856637895
-0.560618673054018
-0.579134081032443
-0.596263678397460
-0.612828593921209
-0.629016716646146
-0.644823875613397
-0.660237508124674
-0.675269869927612
-0.686790886043715
-0.691935166112397
-0.698173046700266
-0.704247007952445
-0.710154354215168
-0.716178370958467
-0.731801554375477
-0.780806275491352
-0.796545357916189
-0.807134932264056
-0.817099698462933
-0.826579012627252
-0.835553989159733
-0.843995693845725
-0.851920234858610
-0.859330312831974
-0.866239043287678
-0.872638086272652
-0.878613429379649
-0.884630020740077
-0.889890237917112
-0.894421246083831
-0.898294981185531
-0.901603332193246
-0.904368085800204
-0.906538393912608
-0.907130816683641
-0.904449508946150
-0.901167086195507
-0.897675695848835
-0.893887797140466
-0.890069981782180
-0.889728272491038
-0.900771812118346
-0.906610849270675
-0.903744447256001
-0.899845286674575
-0.895387881504952
-0.890392711464550
-0.884840209699589
-0.878746985341589
-0.872122995257628
-0.864987984700940
-0.857349977026693
-0.849264689665245
-0.840921687290504
-0.832144343017071
-0.822700708412847
-0.812684853781960
-0.802128538724765
-0.791085933492915
-0.779531268880309
-0.767135477736973
-0.753221378017564
-0.738372243503944
-0.723293568641007
-0.707967933190383
-0.692553304746347
-0.678327109761685
-0.668075650834725
-0.658152776147887
-0.643635860847715
-0.627364256600485
-0.610657548671267
-0.593586342263428
-0.576151564847295
-0.558364943799160
-0.540245042846582
-0.521811521062667
-0.503081886999948
-0.484093199434028
-0.464933256825469
-0.445588400695548
-0.425915183797094
-0.405924386223457
-0.385650153722559
-0.365133766358249
-0.344381494574866
-0.323285074125751
-0.301589495179513
-0.279377070919498
-0.257034087319234
-0.234671576062888
-0.212365725252725
-0.190598973910503
-0.170404889384825
-0.151104062742613
-0.130274418236224
-0.108130161130872
-0.0857245546804554
-0.0632664575687853
-0.0407725603972268
-0.0182550316376670
0.00426866246794510
0.0267788348653115
0.0492573832219051
0.0716754529776390
0.0939860358609697
0.116177979207580
0.138303790181935
0.160382632388519
0.182390256665998
0.204298001272517
0.226088816794391
0.247792370486856
0.269500653132281
0.291220166897936
0.312790661769330
0.334102815455297
0.355094542851694
0.375589009000230
0.395157568864770
0.413903124234032
0.432753517100625
0.452060123144086
0.471351929879102
0.490381214588497
0.509109793711133
0.527527728600573
0.545621765553695
0.563378153559095
0.580782426434183
0.597818951545579
0.614455074647389
0.630683318883594
0.646520641817691
0.661983202352438
0.677062255001026
0.691740517479425
0.706004458158616
0.719859296289625
0.733337708357792
0.746454073376945
0.759151046402289
0.771358761082426
0.783039199882065
0.794115081349340
0.804428734043475
0.813949465096823
0.823015930110792
0.831913431895856
0.840520464190542
0.848662697215576
0.856291724976033
0.863399460265889
0.869981992673433
0.876032781220425
0.881547101998963
0.886517510588886
0.890933864369684
0.894788472769591
0.898092196561026
0.900857234034684
0.903088130626751
0.904779024283971
0.905926525943137
0.906532541923021
0.906613545329988
0.906181820626119
0.905224642208981
0.903710176273840
0.901619157492468
0.898922119941591
0.895563351110531
0.891515433209411
0.886898735565538
0.881874271251286
0.876450775968915
0.870544934200275
0.864118666104961
0.857167263350991
0.849696096691263
0.841707320731823
0.833206266190683
0.824194795727157
0.814676628027832
0.804653036232266
0.794135922452309
0.783138353164028
0.771673542672934
0.759746181737107
0.747362800093735
0.734522828081882
0.721249849889005
0.707561456549208
0.693459054311605
0.678935479776323
0.663988028121827
0.648610574052641
0.632790613452392
0.616519112220947
0.599845027238507
0.582851672857632
0.565583113089476
0.548015944275035
0.530120176250317
0.511908421949791
0.493365495776157
0.474534565705309
0.455414521795647
0.436012693200457
0.416354547429378
0.396425272032260
0.376260943736293
0.355861317743699
0.335250384023769
0.314443168240806
0.293453688337331
0.272283553049934
0.250932830232197
0.229464183446864
0.207843194143146
0.186120923498565
0.164272941752959
0.142302049178047
0.120236745466769
0.0980632932912633
0.0758019692701646
0.0535135041914099
0.0312285429435939
0.00895877355748893
-0.0133156768526215
-0.0355804640299818
-0.0578307772865134
-0.0800266683125181
-0.102176507956637
-0.124256951835428
-0.146273802919843
-0.168200197443903
-0.190028241168269
-0.211740008082045
-0.233325231689415
-0.254765005406418
-0.276044446166760
-0.297159353781295
-0.318095402970807
-0.338836087357548
-0.359355190546077
-0.379640869192015
-0.399698017286327
-0.419523403311647
-0.439104663287280
-0.458430882416168
-0.477495527631502
-0.496266789251359
-0.514722194687850
-0.532847014451037
-0.550644226900432
-0.568107504784000
-0.585227267905234
-0.601990458914683
-0.618376921611559
-0.634389369770442
-0.650019285211065
-0.665257017905493
-0.680094701536392
-0.694520374543409
-0.708526037897188
-0.722101743368629
-0.735237460904639
-0.747928044338844
-0.760167206286862
-0.771945308422629
-0.783249996262417
-0.794073254535104
-0.804414028011399
-0.814272599748611
-0.823644233587576
-0.832522589070828
-0.840904887496689
-0.848778931836638
-0.856133418829093
-0.862960613732354
-0.869261378166299
-0.875035423723191
-0.880280705397387
-0.884992724255824
-0.889165319650861
-0.892798347779018
-0.895892683974765
-0.898446045607206
-0.900457840205820
-0.901925306074995
-0.902848057038820
-0.903224239440570
-0.903053737826637
-0.902336322772170
-0.901074453271442
-0.899267229499523
-0.896914701777451
-0.894016042887986
-0.890575855157132
-0.886598448636264
-0.882088702868930
-0.877048179121373
-0.871481483171718
-0.865388982339356
-0.858771803945106
-0.851630893199770
-0.843972856256251
-0.835803484961182
-0.827129785638076
-0.817955653693963
-0.808286484469853
-0.798127203880258
-0.787486677824784
-0.776370583487224
-0.764786895374610
-0.752741218020112
-0.740241696085502
-0.727294494830537
-0.713908291840214
-0.700090057469193
-0.685849816354917
-0.671194916571302
-0.656134580740869
-0.640676005949424
-0.624830182601686
-0.608606989755779
-0.592018405535404
-0.575073468265372
-0.557783568625182
-0.540157459749366
-0.522205258981246
-0.503935503610459
-0.485360442859145
-0.466491291448388
-0.447341197279709
-0.427920748304470
-0.408242245217096
-0.388316427823223
-0.368156943826892
-0.347775417457981
-0.327185174490960
-0.306397659075693
-0.285426163182260
-0.264282333502101
-0.242979660610289
-0.221530138813416
-0.199947730424120
-0.178244729092794
-0.156434726337203
-0.134529770793318
-0.112543895494696
-0.0904902784059437
-0.0683835203897792
-0.0462365207837225
-0.0240632720915080
-0.00187634386777729
0.0203109574113831
0.0424864668744186
0.0646363868213089
0.0867474217627513
0.108805316480055
0.130797070708697
0.152709129181001
0.174528765983501
0.196242243278266
0.217836517661505
0.239298167728130
0.260614523688217
0.281772550443833
0.302759767621466
0.323563391823379
0.344171046054897
0.364570101821154
0.384748282457163
0.404693431821096
0.424393711629186
0.443837246456665
0.463012038623174
0.481906255175705
0.500508239840376
0.518806867221279
0.536791037687070
0.554450340972927
0.571774257333008
0.588752699615510
0.605375015731385
0.621631233363750
0.637511106797008
0.653005427243037
0.668104525288989
0.682799637603897
0.697081330130269
0.710941374215603
0.724370913629482
0.737362393036743
0.749907475374733
0.761999198433144
0.773629691638237
0.784792539796760
0.795480330742679
0.805687308947636
0.815406692044807
0.824633367319369
0.833360942912162
0.841584772799162
0.849299001102121
0.856499766016569
0.863181930551928
0.869342435576626
0.874976855657456
0.880082790824256
0.884656215015987
0.888695200993169
0.892196285320970
0.895158325964713
0.897578576839561
0.899456580683899
0.900790132005381
0.901579426899836
0.901822933925005
0.901521597201484
0.900674549900085
0.899283430438149
0.897347994804498
0.894870537323514
0.891851419769582
0.888293618189310
0.884198168675480
0.879568734585455
0.874406928691916
0.868716987676959
0.862501115884631
0.855764245059947
0.848509275362591
0.840741846940853
0.832465535657329
0.823686616427771
0.814409195524972
0.804640051687168
0.794383839586479
0.783647962074855
0.772437710965387
0.760761079118304
0.748623900403373
0.736034698273560
0.722999876256444
0.709528523288027
0.695627606570793
0.681306736095546
0.666573400780196
0.651437688730316
0.635907581412147
0.619993629842760
0.603704318375825
0.587050650679172
0.570041561868124
0.552688430169875
0.535000611077012
0.516989881019034
0.498666053727039
0.480041300105290
0.461125864393460
0.441932256755990
0.422471069479428
0.402755060719177
0.382795138650182
0.362604333259444
0.342193899570932
0.321577116823774
0.300765527171722
0.279772599821137
0.258610145134816
0.237291816719607
0.215829676646228
0.194237522460938
0.172527625489928
0.150713882505249
0.128808737533612
0.106826154934852
0.0847787334790054
0.0626804813639715
0.0405441128552728
0.0183836231751893
-0.00378819938203949
-0.0259573889793117
-0.0481110842662816
-0.0702353647073550