0.816369131595935
0.825690877013960
0.313622883732537
0.317691255602983
0.321615763615356
0.325393163361533
0.329008378137249
0.332458314468616
0.335740542077519
0.338852797336310
0.341792853717316
0.344558616709649
0.347148091408232
0.947550790049397
0.943679550522109
0.945227167809495
0.946229499088236
0.946691976822016
0.946616898596538
0.945995821368800
0.944835808824944
0.943142382932612
0.940908537858357
0.938137004584653
0.934832957650515
0.937810487162931
0.931927852888362
0.926840593048904
0.921364084949979
0.915354831885829
0.908811740702411
0.901776002972858
0.773319126644442
0.625455364298858
0.621953696119090
0.618266826236506
0.614334217343753
0.611593934983210
0.661587368741370
0.879496001888630
0.890479629515783
0.876332238481127
0.862405570443759
0.848036475329440
0.832916107055922
0.816506001429370
0.800592109764970
0.784199775428501
0.767880586666766
0.751198266361548
0.734633080660789
0.720506875737836
0.703826862812065
0.685654978110803
0.667138267134212
0.648152166585102
0.628776643607017
0.607793213838359
0.552222551216879
0.448082249534637
0.421194127900931
0.406352939765762
0.391508341803783
0.377942151087644
0.384387438882914
0.449500390662578
0.476237753414847
0.453942459996013
0.429797456774999
0.405519570340415
0.380892052097612
0.355476477720039
0.330388902002948
0.305416679430253
0.280732577473701
0.256152645474326
0.231826451765176
0.208671823738624
0.185429541629458
0.160979888306840
0.136319116483601
0.111461144581105
0.0865333839955963
0.0604867914734026
0.0230983324473398
-0.0354599266711149
-0.0756090465984611
-0.0965148929817263
-0.116177941858967
-0.134822569607094
-0.145774134282258
-0.135406434243264
-0.126415514153880
-0.143986590574605
-0.169032484757308
-0.193976606279356
-0.218792494084218
-0.243706014688506
-0.268317517745151
-0.292354320083999
-0.315878606693494
-0.338890762314899
-0.361400110810230
-0.383041149533530
-0.404065535475515
-0.425299623707167
-0.446524117785417
-0.467551305461624
-0.488317965937688
-0.509315372217701
-0.534001747024077
-0.566753676361073
-0.596730549720931
-0.615443918263106
-0.630522491255563
-0.644646433832762
-0.655463889064242
-0.657956988661089
-0.657004191547017
-0.665753217741139
-0.681448093920329
-0.697643478123821
-0.713366602108277
-0.728712554810974
-0.743570564131116
-0.757698354121981
-0.771094169908499
-0.783769246421744
-0.795736670923555
-0.806871002247426
-0.817213258092146
-0.827148671641363
-0.836774710871402
-0.845958638486812
-0.854653804130088
-0.863054168044456
-0.872390149639883
-0.884476366390530
-0.896549167185847
-0.903604316662665
-0.907079192073058
-0.909328571391538
-0.909950474352393
-0.906823987703237
-0.901039027616829
-0.897846313912055
-0.898603454432929
-0.900239787683747
-0.901393816441194
-0.901992800707141
-0.902018385167071
-0.901346140162128
-0.899931882914313
-0.897796641819543
-0.894967667482571
-0.891376389049943
-0.887053296365594
-0.882173031689344
-0.876855805546351
-0.871070584945373
-0.864780552658400
-0.858062772285260
-0.851370089534728
-0.845441765390293
-0.839657739084688
-0.831831657731028
-0.821601746579707
-0.810177466959101
-0.797775736101743
-0.783689958037009
-0.767968618580570
-0.752599362407111
-0.738972738390696
-0.726146487026516
-0.713092829440893
-0.699601002735013
-0.685665619062868
-0.671242710656317
-0.656294890833887
-0.640838066091834
-0.624893370409847
-0.608461129358054
-0.591543417228554
-0.574230558550876
-0.556610458914288
-0.538704815374021
-0.520499682678611
-0.502028030633194
-0.483463571142021
-0.465115681554167
-0.446887899248978
-0.427940348081419
-0.407781104311740
-0.386823074706854
-0.365365684192244
-0.343227055617040
-0.320334801804181
-0.297394314694368
-0.275226920048548
-0.253719565383921
-0.232326101109040
-0.210816889831766
-0.189170329482252
-0.167378365735043
-0.145424239891777
-0.123317890371749
-0.101079080278302
-0.0787237853030210
-0.0562617508567304
-0.0337375646498689
-0.0112097467238506
0.0112881689126479
0.0337518217671105
0.0561635283368674
0.0784452892874167
0.100471856027350
0.122233913127710
0.144022132445060
0.166140267261328
0.188507118083867
0.210929042226798
0.233405661398144
0.255976384235677
0.278399167151755
0.300268063644029
0.321493080864316
0.342285924800209
0.362812853155255
0.383120055893405
0.403214243034246
0.423093035056669
0.442754229301608
0.462171453062137
0.481340099894981
0.500248896281598
0.518865272642753
0.537156030969599
0.555104410718585
0.572697314063752
0.589917718097843
0.606740522418628
0.623084954074909
0.638970843830067
0.654471471166391
0.669739216439836
0.684803145414323
0.699555956890564
0.713961609142376
0.728042277033901
0.741710722518841
0.754774385197872
0.767129995959853
0.778859564349132
0.790058432551328
0.800778822522306
0.811008620493835
0.820771831445596
0.830034303022327
0.838812764115678
0.847088995524594
0.854864863550141
0.862128975648008
0.868871316454867
0.875078605604710
0.880743413752488
0.885861386731539
0.890415123172134
0.894393679668272
0.897780973389075
0.900611346831432
0.902956003415892
0.904854788804372
0.906270153277768
0.907174650052491
0.907569265418454
0.907439891919632
0.906705709426791
0.905306240584379
0.903259241702126
0.900620182068675
0.897428702035084
0.893699374340791
0.889424258259450
0.884611296689139
0.879272562401651
0.873410202186066
0.867025521577472
0.860120803161074
0.852698077750010
0.844757603102018
0.836299990851106
0.827331154973893
0.817850666586643
0.807859646285993
0.797360107838401
0.786369838325469
0.774923521338239
0.763058601760965
0.750770999130644
0.738053750560899
0.724908598160161
0.711338664407238
0.697321929859499
0.682833233706479
0.667878317846425
0.652490278749502
0.636700574629652
0.620529751745232
0.603985470084779
0.587079098779672
0.569823475252694
0.552231544750521
0.534311403662022
0.516073911255420
0.497527792698629
0.478683081973410
0.459547987399942
0.440134490173871
0.420451863868723
0.400510440338906
0.380319905761070
0.359896815226461
0.339264535321863
0.318450896100106
0.297468502367372
0.276322954002576
0.255021413658751
0.233574278392649
0.211982610285826
0.190243698705048
0.168364125883574
0.146366474796082
0.124275565746470
0.102112700116783
0.0798918504249833
0.0576269162556431
0.0353320557490462
0.0130224061904025
-0.00928963923488286
-0.0315907842698643
-0.0538688855535815
-0.0761110956566517
-0.0983057205904557
-0.120439515193233
-0.142500068794460
-0.164474688668590
-0.186351209517071
-0.208114938473159
-0.229748288706673
-0.251231203910373
-0.272548444478945
-0.293690021599295
-0.314646628924274
-0.335407643787406
-0.355965142918831
-0.376314048455666
-0.396446655515869
-0.416348285843861
-0.436001011919891
-0.455388408833198
-0.474497148177447
-0.493315693015918
-0.511832182394901
-0.530035051045346
-0.547913245089128
-0.565456638010913
-0.582654919119236
-0.599498587422079
-0.615977905407012
-0.632083713829401
-0.647806236087433
-0.663136761998171
-0.678066016156201
-0.692585063861415
-0.706682837013220
-0.720348305520612
-0.733570871482517
-0.746343974810031
-0.758661192685991
-0.770517129181396
-0.781906009342941
-0.792824889545208
-0.803269214405036
-0.813233068702761
-0.822707120655693
-0.831683788809177
-0.840155629294422
-0.848118080387931
-0.855565426531605
-0.862493807329548
-0.868898203540530
-0.874775886000891
-0.880122740605265
-0.884936824824180
-0.889214712825829
-0.892955101406808
-0.896154960592306
-0.898813533018802
-0.900928397483448
-0.902499217566895
-0.903523307794194
-0.903999805180142
-0.903926303621276
-0.903304043057457
-0.902133208166706
-0.900416510698577
-0.898154854267080
-0.895352208399205
-0.892010570539114
-0.888133371261552
-0.883720769111598
-0.878775234452750
-0.873297726480619
-0.867292478688274
-0.860761885605133
-0.853711033586944
-0.846142989033781
-0.838063665206352
-0.829476932231622
-0.820389407524663
-0.810805603512531
-0.800732727730210
-0.790175783205751
-0.779142456623522
-0.767638287629761
-0.755671428118702
-0.743247634798679
-0.730375068339940
-0.717059756550485
-0.703310856464578
-0.689135863818102
-0.674545032715018
-0.659546510785229
-0.644151205737116
-0.628367976871117
-0.612207801391630
-0.595678940081628
-0.578791843374951
-0.561555062658661
-0.543979903312015
-0.526075833439075
-0.507854743236413
-0.489326570102537
-0.470503632968931
-0.451396362978884
-0.432017456247427
-0.412377732944156
-0.392490171309905
-0.372365884623170
-0.352018041624118
-0.331458026736390
-0.310699185392673
-0.289753050157096
-0.268632925031259
-0.247350432538110
-0.225919171868375
-0.204351405925095
-0.182661219728850
-0.160861208831573
-0.138965612456918
-0.116987275980057
-0.0949403766431451
-0.0728374485354603
-0.0506921871612909
-0.0285170359311181
-0.00632583215912052
0.0158686505937918
0.0380524618447708
0.0602127263135489
0.0823355298643927
0.104407929660524
0.126416083551909
0.148347048018357
0.170187125158593
0.191923439158919
0.213542503817350
0.235031550638506
0.256377327626081
0.277567229663447
0.298588343882658
0.319428291751411
0.340074402343950
0.360514294254627
0.380735404851006
0.400725449797437
0.420472165103881
0.439963467049879
0.459187493219861
0.478132599930362
0.496787565309676
0.515141176477025
0.533182598683061
0.550900811724227
0.568285325823160
0.585325414284518
0.602011032843566
0.618331794265202
0.634278126117983
0.649840020432408
0.665008421043046
0.679773743960584
0.694127490050068
0.708060531272196
0.721564942646121
0.734632078821775
0.747254634124688
0.759424486259262
0.771134924275007
0.782378257623700
0.793148290299511
0.803437784314098
0.813241146242130