-0.747289537673983
-0.734459080204720
-0.148314050541823
-0.146329618893455
-0.144171730177051
-0.141841259024125
-0.139325645224122
-0.136626687657168
-0.133746996489647
-0.130689208851106
-0.127456139238022
-0.124050672315018
-0.120475801742701
-0.596092787006032
-0.571235492165960
-0.552778399361652
-0.534006371898890
-0.514939229106214
-0.495590783095236
-0.475969107823032
-0.456091537827672
-0.435964757360649
-0.415600404717299
-0.395012147947394
-0.374214284597133
-0.358676406131124
-0.335664174491536
-0.314011999128328
-0.292347368304467
-0.270530956273065
-0.248574232578370
-0.226506133045634
-0.0865282406011082
0.0664798018130496
0.0762193505806057
0.0859801817153503
0.0958201368708213
0.104584435974660
0.0702141856335226
-0.0986897263980126
-0.0939342716002719
-0.0691973062178085
-0.0453058719816418
-0.0214574627029623
0.00263788210314857
0.0274896924157292
0.0513281250929490
0.0751305374028479
0.0983584566203281
0.121439819910523
0.143980348718290
0.164123145001668
0.186063375104472
0.208766267972467
0.231156714050766
0.253451165607585
0.275591442192627
0.298745180073683
0.354908265466182
0.456367259410993
0.479972958294043
0.491322756082466
0.502379455336066
0.512127830693874
0.505340833607409
0.451271421455033
0.430373095855116
0.449801987259309
0.470047829898902
0.489868311163895
0.509500659366358
0.529363731979022
0.548358083338155
0.566706315826889
0.584255407226757
0.601197331551880
0.617438237899573
0.632249863551381
0.646714801387110
0.661720820105482
0.676365737297832
0.690667394143134
0.704552549496783
0.719044477406374
0.744037145289116
0.788681304688172
0.813981290101898
0.819808461622232
0.824145875048860
0.827375874352943
0.824101244043424
0.803482085077463
0.784568290301237
0.787622451421798
0.796396741357283
0.804634154950131
0.812378836347187
0.819857579535371
0.826682461543899
0.832599362930192
0.837690127755781
0.841972649314463
0.845493310243875
0.847974406358617
0.849653936170682
0.851214807503884
0.852448504008510
0.853201459183836
0.853451732295604
0.853696866792250
0.857286821149527
0.868343171540306
0.876107620640164
0.872478005582087
0.865194067318209
0.857012159085251
0.846062862974507
0.828361878045679
0.808108254289403
0.796027635977145
0.789578255050999
0.783368032804094
0.776633059676906
0.769485115208071
0.761825595768678
0.753429691653954
0.744315335043120
0.734511863199787
0.724061217945879
0.712884966386432
0.701035278884553
0.688844881459429
0.676392078482898
0.663568381820847
0.650355802857620
0.636965351250133
0.624597779153116
0.614975713258359
0.605329000288037
0.590813654893480
0.572976376617922
0.554234028540019
0.534361465352349
0.511666418838664
0.487135903383008
0.465092796811657
0.446543331289091
0.428887857804913
0.411012601852989
0.392883006996324
0.374490656566838
0.355724374608793
0.336553729355596
0.317014215385755
0.297148715937402
0.276921314402979
0.256369977482439
0.235652389872104
0.214872603194379
0.194008329944828
0.173040035179470
0.152058314127157
0.131510793245633
0.112104057033045
0.0932036657083033
0.0726806113293151
0.0502429854978715
0.0271382670776387
0.00366065475301671
-0.0207387760058416
-0.0459808465156189
-0.0704165677030362
-0.0929406935045017
-0.114373977163355
-0.135569867773998
-0.156690722240320
-0.177733841202307
-0.198739282016390
-0.219737890385802
-0.240709035906384
-0.261624140178285
-0.282472735010869
-0.303245055540271
-0.323861638009377
-0.344246775119616
-0.364383315251943
-0.384279341604567
-0.403898495309145
-0.423068970780196
-0.441497863775011
-0.459293921376326
-0.477284294126743
-0.495929071961278
-0.514796082784790
-0.533556435748522
-0.552336295492666
-0.571180631404406
-0.589504420870346
-0.606647351201913
-0.622731210584170
-0.638218833090410
-0.653301776272371
-0.667996933867913
-0.682317730955396
-0.696283080839225
-0.709888375818116
-0.723115715448042
-0.735952842724003
-0.748391285374733
-0.760398357801643
-0.771928606439387
-0.782961711584800
-0.793498003503443
-0.803526328429834
-0.812968117368539
-0.821721705915603
-0.829795369676176
-0.837481186755934
-0.845075747036928
-0.852495146204983
-0.859539616278738
-0.866196274849847
-0.872495496455949
-0.878244194389599
-0.883119736501012
-0.887076193953155
-0.890301869074620
-0.892933029404961
-0.895028477842599
-0.896579738809820
-0.897627600761410
-0.898168751096703
-0.898184146262058
-0.897694647323839
-0.896674168313356
-0.895126216378561
-0.893017348712832
-0.890354794741904
-0.887140482304127
-0.883371406434761
-0.879024075468167
-0.874017784306730
-0.868435027276575
-0.862314665309199
-0.855860139938084
-0.849076087166984
-0.841858006068333
-0.834198354608887
-0.826105570324927
-0.817512691788789
-0.808287889389086
-0.798358538903272
-0.787818337906467
-0.776742755698573
-0.765198358492211
-0.753177843207230
-0.740745163133007
-0.727857795065635
-0.714555812280209
-0.700815192604721
-0.686664666106221
-0.672100734479734
-0.657131308372827
-0.641753373915308
-0.625978408346090
-0.609816940564806
-0.593255769390871
-0.576298276697500
-0.558944886031567
-0.541256156285397
-0.523315134223920
-0.505156771518088
-0.486746749966165
-0.468069986765253
-0.449138383002327
-0.429944364288167
-0.410438920175465
-0.390584045896550
-0.370412227251099
-0.349975955168239
-0.329321197251068
-0.308472106435524
-0.287433799344720
-0.266234375077513
-0.244883192631126
-0.223390916974898
-0.201768503671857
-0.180026101624538
-0.158177703206437
-0.136231565204643
-0.114198247482270
-0.0920936940690208
-0.0699226222475431
-0.0476924399988477
-0.0254147994154654
-0.00311984206271683
0.0191497331972251
0.0413554262508246
0.0635016006183857
0.0855904830271287
0.107613990911148
0.129566223089967
0.151457001977686
0.173300185123195
0.195082295886542
0.216771099417446
0.238334849094221
0.259750953652873
0.281007254171794
0.302086220871976
0.322974872527144
0.343661139225101
0.364134641946074
0.384383928951326
0.404397513377325
0.424164975066407
0.443676252041657
0.462919247653833
0.481884458904546
0.500564012933673
0.518947323739621
0.537017886552195
0.554751507567359
0.572124959058297
0.589129946270193
0.605765748867690
0.622026765463985
0.637907204780466
0.653406372054956
0.668528105241514
0.683266767317678
0.697606381461681
0.711527919216248
0.725017085522858
0.738063803270566
0.750659568215825
0.762795148132847
0.774464271636041
0.785660222723786
0.796377679646176
0.806610103575413
0.816352791743892
0.825600215422747
0.834347807035219
0.842590126265438
0.850324505025310
0.857546126090185
0.864249519215855
0.870424294657930
0.876061386513904
0.881155434236576
0.885708427136558
0.889720097191510
0.893191212414456
0.896122602670066
0.898519307438783
0.900382159128198
0.901708728704877
0.902492303370146
0.902729606114773
0.902417896483776
0.901557938234868
0.900148610219968
0.898191994874076
0.895688662548935
0.892641812503689
0.889052578196731
0.884924750606128
0.880260238910871
0.875063374441416
0.869336374902544
0.863084492423956
0.856310745250631
0.849019790200222
0.841212607808113
0.832892201016854
0.824061149889977
0.814727495201302
0.804897713471176
0.794580401274341
0.783782353212127
0.772513932135205
0.760782747531968
0.748596681882769
0.735959698894229
0.722878472330376
0.709358558586943
0.695408951208112
0.681036660549249
0.666251564052388
0.651061685880092
0.635477718273788
0.619508216918036
0.603164274381295
0.586454945205272
0.569391709584297
0.551983914538237
0.534243431198432
0.516180115027029
0.497805785746497
0.479129596165662
0.460162558724085
0.440914264998665
0.421397787882267
0.401624968326800
0.381609643477717
0.361363816580383
0.340901867426600
0.320236313206376
0.299380671646257
0.278345753380377
0.257144001089109
0.235786619683671
0.214287051445243
0.192657360316101
0.170911395982953
0.149061658903370
0.127122290990555
0.105106018601901
0.0830270144876306
0.0608981281374631
0.0387335292966801
0.0165460915670832
-0.00565008317371891
-0.0278420431134440
-0.0500158808295098
-0.0721590572467502
-0.0942582989801000
-0.116301186362393
-0.138273916335348
-0.160163137284827
-0.181954733302407
-0.203635419767598
-0.225191229840456
-0.246608878787326
-0.267874989433658
-0.288977274935433
-0.309903357619334
-0.330641222663465
-0.351178422653897
-0.371502743401723
-0.391601837448764
-0.411463561904158
-0.431075793932261
-0.450426570947511
-0.469504140955487
-0.488296816957392
-0.506793259129745
-0.524982110182860
-0.542852495700965
-0.560393393034790
-0.577594432798270
-0.594445118520044
-0.610935809555889
-0.627056496155524
-0.642797815810332
-0.658149709961307
-0.673103025332894
-0.687648066532837
-0.701776234485779
-0.715478259679135
-0.728746239786510
-0.741571746991413
-0.753947864527799
-0.765866803657297
-0.777322129917690
-0.788306361561145
-0.798813540965058
-0.808836626718915
-0.818370228139959
-0.827407805918980
-0.835944606841960
-0.843974654591177
-0.851493861256176
-0.858496839941156
-0.864980192549711
-0.870939132052698
-0.876370957470889
-0.881271548041318
-0.885638994563875
-0.889469853621577
-0.892762832515864
-0.895514905333671
-0.897725285872069
-0.899391503526495
-0.900513465211183
-0.901089331445340
-0.901119749977840
-0.900603669411766
-0.899542626030817
-0.897936315129156
-0.895786931944438
-0.893094711297074
-0.889862442648833
-0.886090941458118
-0.881783632666543
-0.876941939401819
-0.871569942839357
-0.865669697080366
-0.859245943505677
-0.852301369452169
-0.844841372556939
-0.836869268807396
-0.828391097582527
-0.819410812302300
-0.809935115490151
-0.799968599115991
-0.789518547451622
-0.778590058243055
-0.767190901321560
-0.755326700049145
-0.743005781536066