-0.76735
-0.7545
-0.74123
-0.72787
-0.71443
-0.70032
-0.68531
-0.67018
-0.65498
-0.63947
-0.62277
-0.60602
-0.58921
-0.57236
-0.55421
-0.53601
-0.51777
-0.49951
-0.48029
-0.46082
-0.44134
-0.42185
-0.4018
-0.38113
-0.36054
-0.34004
-0.31926
-0.29783
-0.27639
-0.25507
-0.23372
-0.21164
-0.18957
-0.16765
-0.14588
-0.12363
-0.10123
-0.078726
-0.056348
-0.034094
-0.011616
0.01103
0.033498
0.055795
0.07811
0.10068
0.12301
0.14513
0.16714
0.18935
0.21138
0.23311
0.25457
0.27618
0.29764
0.31877
0.33957
0.36035
0.38102
0.40134
0.42127
0.44104
0.46055
0.47992
0.49892
0.51754
0.5358
0.55396
0.57171
0.58902
0.60593
0.62264
0.63896
0.6548
0.6702
0.6853
0.70004
0.71428
0.72801
0.74133
0.75434
0.76682
0.77875
0.79022
0.80133
0.81193
0.82196
0.83147
0.84054
0.84912
0.85721
0.86472
0.87168
0.87817
0.88417
0.88958
0.89442
0.89875
0.90259
0.90584
0.9085
0.91063
0.91227
0.91334
0.91381
0.91372
0.91313
0.912
0.91027
0.90797
0.90516
0.90183
0.89792
0.89344
0.88843
0.88291
0.87687
0.87028
0.86314
0.85549
0.84735
0.83869
0.8295
0.8198
0.80965
0.799
0.78784
0.77619
0.7641
0.75156
0.73855
0.72507
0.71117
0.69687
0.68212
0.66694
0.65137
0.63543
0.61909
0.60236
0.58527
0.56785
0.55006
0.53196
0.51352
0.49476
0.47573
0.45641
0.4368
0.41692
0.39679
0.37644
0.35585
0.33503
0.31402
0.29282
0.27145
0.2499
0.2282
0.20638
0.18443
0.16236
0.14019
0.11794
0.095627
0.073244
0.050813
0.028357
0.0058936
-0.016583
-0.039047
-0.061494
-0.083901
-0.10625
-0.12854
-0.15075
-0.17288
-0.19489
-0.21678
-0.23855
-0.26018
-0.28165
-0.30294
-0.32405
-0.34498
-0.36568
-0.38617
-0.40642
-0.42643
-0.44618
-0.46566
-0.48486
-0.50377
-0.52237
-0.54065
-0.55861
-0.57623
-0.5935
-0.61042
-0.62696
-0.64312
-0.6589
-0.67428
-0.68925
-0.7038
-0.71792
-0.73162
-0.74487
-0.75767
-0.77001
-0.78189
-0.79329
-0.80422
-0.81464
-0.82458
-0.83401
-0.84295
-0.85138
-0.8593
-0.8667
-0.87361
-0.87991
-0.88573
-0.89099
-0.89575
-0.89994
-0.90359
-0.90671
-0.90925
-0.91128
-0.9127
-0.91362
-0.91398
-0.91376
-0.91303
-0.91172
-0.90985
-0.90744
-0.90449
-0.90099
-0.89693
-0.89232
-0.88718
-0.88155
-0.87534
-0.86859
-0.86138
-0.85356
-0.84528
-0.83647
-0.82716
-0.81736
-0.80705
-0.79627
-0.78501
-0.77326
-0.76105
-0.74831
-0.7352
-0.72158
-0.70757
-0.69315
-0.67829
-0.66302
-0.64736
-0.63129
-0.61486
-0.59802
-0.58088
-0.56332
-0.54549
-0.52728
-0.50879
-0.49003
-0.47085
-0.45143
-0.43176
-0.41182
-0.39164
-0.37122
-0.35057
-0.32971
-0.30865
-0.28739
-0.26595
-0.24435
-0.2226
-0.20074
-0.17876
-0.15666
-0.13448
-0.11222
-0.089873
-0.067475
-0.045048
-0.022589
-0.00011006
0.022349
0.044802
0.067216
0.089626
0.11198
0.13425
0.15644
0.17853
0.20052
0.22239
0.24411
0.2657
0.28713
0.30839
0.32946
0.35034
0.37099
0.39142
0.41161
0.43155
0.45122
0.47063
0.48977
0.50859
0.5271
0.54531
0.56318
0.5807
0.59788
0.61469
0.63116
0.64722
0.6629
0.67817
0.69303
0.70747
0.72149
0.73507
0.74821
0.76089
0.77313
0.78488
0.79617
0.80696
0.81728
0.82709
0.83641
0.84521
0.85352
0.8613
0.86856
0.8753
0.88151
0.88718
0.89232
0.89691
0.90098
0.90449
0.90746
0.90987
0.91174
0.91305
0.91382
0.91402
0.91368
0.91279
0.91135
0.90935
0.9068
0.9037
0.90006
0.89587
0.89115
0.88587
0.88007
0.87373
0.86687
0.85948
0.85157
0.84315
0.83421
0.82477
0.81484
0.80441
0.7935
0.7821
0.77023
0.75789
0.7451
0.73186
0.71817
0.70405
0.68951
0.67455
0.65918
0.64341
0.62725
0.61071
0.5938
0.57653
0.55892
0.54097
0.52269
0.50409
0.48519
0.46599
0.44652
0.42677
0.40676
0.38651
0.36603
0.34533
0.32441
0.3033
0.28201
0.26054
0.23892
0.21715
0.19525
0.17324
0.15112
0.12891
0.10662
0.084261
0.061854
0.039412
0.016942
-0.0055329
-0.028009
-0.050464
-0.072893
-0.095273
-0.1176
-0.13985
-0.16202
-0.18409
-0.20605
-0.22789
-0.24959
-0.27113
-0.29252
-0.31372
-0.33474
-0.35555
-0.37615
-0.39652
-0.41665
-0.43653
-0.45615
-0.47548
-0.49454
-0.51329
-0.53173
-0.54985
-0.56764
-0.58508
-0.60218
-0.6189
-0.63526
-0.65122
-0.6668
-0.68197
-0.69674
-0.71107
-0.72498
-0.73845
-0.75147
-0.76404
-0.77615
-0.78778
-0.79895
-0.80962
-0.81981
-0.8295
-0.83869
-0.84737
-0.85555
-0.8632
-0.87033
-0.87693
-0.88301
-0.88855
-0.89356
-0.89801
-0.90194
-0.90531
-0.90814
-0.91041
-0.91215
-0.91332
-0.91394
-0.91401
-0.91353
-0.91249
-0.91091
-0.90877
-0.90609
-0.90285
-0.89907
-0.89474
-0.88988
-0.88447
-0.87854
-0.87207
-0.86507
-0.85755
-0.84951
-0.84096
-0.8319
-0.82233
-0.81227
-0.80172
-0.79068
-0.77916
-0.76718
