-0.046485
-0.068929
-0.091354
-0.11368
-0.13591
-0.15807
-0.18015
-0.20213
-0.22398
-0.2457
-0.26722
-0.28861
-0.30987
-0.331
-0.35173
-0.37231
-0.39275
-0.41305
-0.43285
-0.45242
-0.47183
-0.49108
-0.50988
-0.52831
-0.54647
-0.56437
-0.58187
-0.59895
-0.61571
-0.63217
-0.64829
-0.66381
-0.67899
-0.69387
-0.70845
-0.72243
-0.73594
-0.74901
-0.76166
-0.7739
-0.78561
-0.79681
-0.80757
-0.81789
-0.82769
-0.83688
-0.84564
-0.85395
-0.86175
-0.86893
-0.87561
-0.8818
-0.88748
-0.89252
-0.89705
-0.90108
-0.90459
-0.9075
-0.90982
-0.91165
-0.91299
-0.91376
-0.91392
-0.91352
-0.91258
-0.9111
-0.90909
-0.90647
-0.90332
-0.89966
-0.89546
-0.89066
-0.88532
-0.8795
-0.87316
-0.86625
-0.85881
-0.85086
-0.84243
-0.83345
-0.82395
-0.81398
-0.80353
-0.79259
-0.78113
-0.76922
-0.75688
-0.74409
-0.73082
-0.71709
-0.70293
-0.68836
-0.67338
-0.65798
-0.64217
-0.62599
-0.60943
-0.5925
-0.57519
-0.55755
-0.53959
-0.5213
-0.50267
-0.48374
-0.46454
-0.44505
-0.42527
-0.40524
-0.38498
-0.36449
-0.34376
-0.32282
-0.3017
-0.28042
-0.25895
-0.23731
-0.21553
-0.19363
-0.17161
-0.14948
-0.12726
-0.10496
-0.082609
-0.060206
-0.037754
-0.01528
0.007191
0.029656
0.05211
0.074533
0.096908
0.11922
0.14147
0.16364
0.1857
0.20765
0.22947
0.25117
0.2727
0.29406
0.31525
0.33625
0.35704
0.37762
0.39797
0.41809
0.43795
0.45754
0.47686
0.49589
0.51462
0.53304
0.55114
0.5689
0.58632
0.60338
0.62008
0.6364
0.65234
0.66789
0.68303
0.69776
0.71206
0.72594
0.73938
0.75237
0.7649
0.77697
0.78857
0.79969
0.81034
0.82049
0.83014
0.8393
0.84795
0.85608
0.86369
0.87079
0.87736
0.88339
0.88889
0.89385
0.89828
0.90215
0.90549
0.90828
0.91052
0.9122
0.91334
0.91392
0.91395
0.91343
0.91235
0.91072
0.90855
0.90582
0.90255
0.89872
0.89436
0.88945
0.88401
0.87804
0.87153
0.86449
0.85694
0.84886
0.84027
0.83117
0.82157
0.81147
0.80088
0.78981
0.77826
0.76623
0.75374
0.74079
0.7274
0.71357
0.69931
0.68463
0.66956
0.65402
0.63813
0.62184
0.60519
0.58816
0.57078
0.55307
0.535
0.51664
0.49792
0.47893
0.45964
0.44007
0.42025
0.40016
0.37982
0.35927
0.33849
0.31751
0.29633
0.27497
0.25345
0.2318
0.20999
0.18804
0.16601
0.14384
0.12159
0.099282
0.076907
0.054495
0.032036
0.0095742
-0.012897
-0.035363
-0.057794
-0.080217
-0.10256
-0.12485
-0.14707
-0.16921
-0.19124
-0.21317
-0.23496
-0.25661
-0.2781
-0.29943
-0.32059
-0.34153
-0.36224
-0.38276
-0.40302
-0.42304
-0.44286
-0.46239
-0.48164
-0.50059
-0.51925
-0.53759
-0.55559
-0.57327
-0.59059
-0.60757
-0.62415
-0.64036
-0.6562
-0.67164
-0.68668
-0.7013
-0.71551
-0.72928
-0.74261
-0.75548
-0.76791
-0.77987
-0.79134
-0.80235
-0.81285
-0.82286
-0.83238
-0.84142
-0.84993
-0.85794
-0.86542
-0.87239
-0.87882
-0.88472
-0.89008
-0.89492
-0.89919
-0.90293
-0.90612
-0.90877
-0.91087
-0.91242
-0.91342
-0.91387
-0.91376
-0.91311
-0.91189
-0.91014
-0.90781
-0.90495
-0.90154
-0.89757
-0.89306
-0.88803
-0.88245
-0.87635
-0.8697
-0.86254
-0.85485
-0.84665
-0.83792
-0.82871
-0.81897
-0.80875
-0.79804
-0.78685
-0.77517
-0.76304
-0.75044
-0.7374
-0.7239
-0.70996
-0.6956
-0.68082
-0.66561
-0.65001
-0.63402
-0.61764
-0.60088
-0.58377
-0.5663
-0.54849
-0.53035
-0.51189
-0.49311
-0.47404
-0.45468
-0.43505
-0.41516
-0.39501
-0.37462
-0.35401
-0.33318
-0.31215
-0.29094
-0.26954
-0.24799
-0.22628
-0.20444
-0.18248
-0.1604
-0.13822
-0.11597
-0.093637
-0.071251
-0.048821
-0.026367
-0.0038924
0.018581
0.041048
0.063485
0.085889
0.10824
0.13052
0.15273
0.17484
0.19685
0.21874
0.24049
0.26211
0.28355
0.30484
0.32593
0.34683
0.36752
0.38799
0.40822
0.42821
0.44793
0.46739
0.48656
0.50545
0.52401
0.54227
0.5602
0.57779
0.59503
0.61191
0.62842
0.64456
0.66029
0.67564
0.69057
0.70509
0.71917
0.73283
0.74604
0.7588
0.7711
0.78294
0.79429
0.80518
0.81557
0.82547
0.83487
0.84377
0.85215
0.86003
0.86738
0.87421
0.8805
0.88627
0.89149
0.89619
0.90033
0.90394
0.90699
0.9095
0.91146
0.91287
0.91372
0.91403
0.91377
0.91297
0.91161
0.90971
0.90725
0.90425
0.90069
0.8966
0.89196
0.88678
0.88106
0.87482
0.86804
0.86074
0.85292
0.84458
0.83573
0.82638
0.81652
0.80618
0.79534
0.78402
0.77223
0.75998
0.74726
0.73409
0.72048
0.70643
0.69195
0.67706
0.66175
0.64605
0.62995
0.61348
0.59663
0.57942
0.56186
0.54397
0.52574
0.5072
0.48834
0.4692
0.44977
0.43006
0.4101
0.38989
0.36944
0.34877
0.32789
0.30681
0.28555
0.26411
0.24251
0.22077
0.19889
0.17689
0.15479
0.13259
0.11031
0.087967
0.06557
0.043131
0.020668
-0.0018103
-0.024284
-0.046747
