0.81383
0.82343
0.83258
0.84156
0.85034
0.85839
0.86546
0.8723
0.87896
0.88517
0.88999
0.89463
0.89909
0.90336
0.90594
0.90832
0.91052
0.91255
0.91314
0.91324
0.91317
0.91293
0.91168
0.90944
0.90702
0.9044
0.90113
0.89677
0.8921
0.88725
0.88201
0.87545
0.86856
0.86152
0.85433
0.84605
0.83717
0.82774
0.81801
0.80799
0.79722
0.78578
0.77407
0.7621
0.74958
0.7362
0.72263
0.70883
0.69461
0.67958
0.66423
0.64868
0.63291
0.61634
0.59941
0.58231
0.56502
0.54716
0.52879
0.51032
0.49172
0.47273
0.45337
0.4336
0.41366
0.39357
0.37328
0.35251
0.33162
0.31063
0.28953
0.26802
0.24637
0.22469
0.20295
0.18096
0.15876
0.13658
0.11442
0.092122
0.069614
0.047161
0.024778
0.0023704
-0.0202
-0.04271
-0.065084
-0.087382
-0.10972
-0.13203
-0.15427
-0.17636
-0.1983
-0.2202
-0.24201
-0.2636
-0.28498
-0.30625
-0.3274
-0.34829
-0.36891
-0.38934
-0.4096
-0.4296
-0.44928
-0.46867
-0.48786
-0.50676
-0.52529
-0.54348
-0.5614
-0.57901
-0.59622
-0.61302
-0.62948
-0.64559
-0.66133
-0.67665
-0.69153
-0.706
-0.7201
-0.73373
-0.74689
-0.7596
-0.77189
-0.78372
-0.79503
-0.80585
-0.81621
-0.82609
-0.83546
-0.8443
-0.85264
-0.86051
-0.86783
-0.87459
-0.88084
-0.88659
-0.8918
-0.89643
-0.90051
-0.9041
-0.9071
-0.90958
-0.9115
-0.91285
-0.91368
-0.91395
-0.91366
-0.9128
-0.91142
-0.90948
-0.90699
-0.90393
-0.90034
-0.8962
-0.89153
-0.8863
-0.88054
-0.87427
-0.86747
-0.86012
-0.85225
-0.84388
-0.83501
-0.82561
-0.81571
-0.80533
-0.79447
-0.78311
-0.77129
-0.75899
-0.74624
-0.73305
-0.71941
-0.70532
-0.69082
-0.6759
-0.66057
-0.64483
-0.62871
-0.6122
-0.59533
-0.5781
-0.56051
-0.54259
-0.52435
-0.50578
-0.48691
-0.46774
-0.44829
-0.42857
-0.40859
-0.38835
-0.3679
-0.34721
-0.32632
-0.30522
-0.28394
-0.2625
-0.24089
-0.21914
-0.19725
-0.17525
-0.15314
-0.13093
-0.10865
-0.086296
-0.063895
-0.041457
-0.018989
0.0034879
0.02596
0.048417
0.070841
0.093223
0.11555
0.13781
0.15999
0.18207
0.20404
0.22589
0.2476
0.26916
0.29056
0.31178
0.33281
0.35364
0.37424
0.39464
0.41479
0.43469
0.45433
0.47369
0.49278
0.51156
0.53003
0.54818
0.566
0.58348
0.6006
0.61735
0.63373
0.64975
0.66536
0.68056
0.69537
0.70973
0.72368
0.73719
0.75026
0.76287
0.77502
0.7867
0.79791
0.80863
0.81884
0.82853
0.83776
0.84643
0.85464
0.86235
0.86954
0.87618
0.88232
0.8879
0.89296
0.89745
0.90147
0.90485
0.90774
0.91004
0.91181
0.91308
0.91371
0.91383
0.9134
0.91241
0.91089
0.9088
0.90617
0.90298
0.89925
0.89496
0.8901
0.88472
0.8788
0.87238
0.86544
0.85797
0.85
0.8415
0.83248
0.82296
0.81296
0.80246
0.79145
0.78
0.76805
0.75564
0.74276
0.72944
0.71568
0.7015
0.68688
0.67187
0.65643
0.64061
0.62438
0.60779
0.5908
0.57347
0.55578
0.53778
0.51945
0.50081
0.48187
0.46265
0.44313
0.42334
0.4033
0.38304
0.3625
0.34176
0.32083
0.29969
0.27837
0.25687
0.23523
0.21345
0.19154
0.16951
0.14738
0.12515
0.10286
0.080498
0.05808
0.035626
0.013155
-0.0093244
-0.031789
-0.054236
-0.076648
-0.099012
-0.12132
-0.14356
-0.1657
-0.18775
-0.20968
-0.2315
-0.25316
-0.27468
-0.29603
-0.31721
-0.33819
-0.35897
-0.37952
-0.39985
-0.41994
-0.43977
-0.45934
-0.47863
-0.49763
-0.51634
-0.53473
-0.5528
-0.57052
-0.58791
-0.60493
-0.6216
-0.63788
-0.65379
-0.66929
-0.68439
-0.69908
-0.71335
-0.72718
-0.74058
-0.75352
-0.76602
-0.77804
-0.7896
-0.80068
-0.81128
-0.82138
-0.83099
-0.84009
-0.8487
-0.85678
-0.86435
-0.87139
-0.87792
-0.8839
-0.88936
-0.89426
-0.89864
-0.90246
-0.90575
-0.90848
-0.91068
-0.91231
-0.9134
-0.91392
-0.91391
-0.91333
-0.91221
-0.91053
-0.90831
-0.90552
-0.9022
-0.89833
-0.89392
-0.88896
-0.88347
-0.87744
-0.87089
-0.86381
-0.85621
-0.84808
-0.83945
-0.8303
-0.82066
-0.81051
-0.79988
-0.78876
-0.77717
-0.7651
-0.75258
-0.7396
-0.72617
-0.7123
-0.698
-0.68328
-0.66815
-0.65261
-0.63668
-0.62036
-0.60367
-0.58661
-0.5692
-0.55144
-0.53335
-0.51494
-0.49622
-0.47719
-0.45788
-0.43829
-0.41844
-0.39833
-0.37798
-0.3574
-0.33661
-0.31561
-0.29442
-0.27305
-0.25152
-0.22984
-0.20802
-0.18607
-0.16401
-0.14185
-0.1196
-0.097284
-0.074905
-0.052485
-0.030029
-0.0075581
0.014921
0.037386
0.059834
0.08224
0.1046
0.1269
0.14912
0.17125
0.19327
0.21518
0.23696
0.25859
0.28008
0.30138
0.32251
0.34344
0.36417
0.38467
0.40495
0.42497
0.44475
0.46424
0.48347
0.50239
0.52102
0.53933
0.55731
0.57496
0.59226
0.60919
0.62577
0.64196
0.65777
0.67317
0.68818
0.70276
0.71692
0.73064
0.74393
0.75676
0.76914
0.78105
0.79249
0.80345
0.81392
