-0.06905
-0.091204
-0.1133
-0.13533
-0.15728
-0.17912
-0.20086
-0.22248
-0.24398
-0.26536
-0.28655
-0.30757
-0.32846
-0.34908
-0.36949
-0.38976
-0.40969
-0.42939
-0.44894
-0.46794
-0.48683
-0.50544
-0.52376
-0.54174
-0.55942
-0.57679
-0.59372
-0.61035
-0.62661
-0.64246
-0.65792
-0.67297
-0.68763
-0.70188
-0.71572
-0.72913
-0.7421
-0.75459
-0.7667
-0.77831
-0.78942
-0.80008
-0.81026
-0.81991
-0.82912
-0.83773
-0.84588
-0.85354
-0.86069
-0.86731
-0.87341
-0.87899
-0.88404
-0.88854
-0.89252
-0.89593
-0.89881
-0.90114
-0.90292
-0.90417
-0.90487
-0.90504
-0.90465
-0.90371
-0.90224
-0.90022
-0.89764
-0.89453
-0.89088
-0.88667
-0.88194
-0.87666
-0.87085
-0.86451
-0.85768
-0.85031
-0.84243
-0.83404
-0.82516
-0.81576
-0.80588
-0.7955
-0.78464
-0.77331
-0.7615
-0.74924
-0.73652
-0.72337
-0.70978
-0.69575
-0.68131
-0.66646
-0.6512
-0.63554
-0.6195
-0.60309
-0.58631
-0.56917
-0.55168
-0.53386
-0.51573
-0.49728
-0.47854
-0.4595
-0.44018
-0.4206
-0.40077
-0.38068
-0.36037
-0.33984
-0.3191
-0.29817
-0.27706
-0.25579
-0.23436
-0.21279
-0.19108
-0.16927
-0.14735
-0.12534
-0.10326
-0.08111
-0.058912
-0.036679
-0.014418
0.0078504
0.03011
0.05235
0.07456
0.096714
0.11881
0.14084
0.51265
0.52563
-0.23495
-0.19426
-0.1543
-0.11636
-0.11187
-0.20217
0.0064765
0.24214
0.22086
0.12154
0.34419
0.57531
0.6376
0.57341
0.47247
0.57301
0.67516
0.51613
0.44817
0.68004
0.75448
0.65729
0.60174
0.57647
0.78887
0.92622
1.0005
0.97822
1.1637
1.112
0.94746
0.8407
0.86127
0.92059
0.9574
0.812
0.74404
0.73464
0.72569
0.65022
0.69254
0.79472
0.9199
0.98433
0.98997
0.99316
1.0899
1.1155
1.0954
1.1029
1.1127
1.0773
1.037
0.96001
0.92518
0.95519
0.9937
0.96163
0.97322
0.97522
0.97342
0.99967
1.0187
1.0322
1.0751
1.0752
1.0095
0.95172
0.91138
0.87147
0.87074
0.84582
0.80907
0.81375
0.80672
0.77876
0.77741
0.79913
0.829
0.86735
0.86123
0.83378
0.83191
0.81446
0.76418
0.73052
0.70058
0.67035
0.63427
0.57267
0.52109
0.5193
0.51571
0.49991
0.49026
0.48801
0.48037
0.46633
0.43417
0.41621
0.41756
0.40124
0.35368
0.30881
0.27041
0.23783
0.20075
0.16488
0.14617
0.14768
0.13148
0.1014
0.081848
0.076893
0.069351
0.053961
0.028426
0.0087785
-0.011136
-0.0513
-0.1035
-0.14102
-0.16658
-0.19447
-0.23056
-0.26452
-0.28746
-0.30193
-0.32267
-0.34263
-0.34907
-0.35133
-0.36548
-0.39079
-0.41646
-0.43672
-0.45676
-0.48456
-0.51607
-0.53986
-0.56243
-0.59174
-0.62115
-0.64157
-0.65283
-0.66089
-0.67276
-0.68655
-0.69519
-0.70453
-0.72053
-0.73774
-0.75145
-0.76501
-0.78173
-0.80449
-0.82853
-0.84655
-0.86136
-0.87697
-0.889
-0.89632
-0.9013
-0.90614
-0.91212
-0.91683
-0.91661
-0.91653
-0.92066
-0.92685
-0.93369
-0.94168
-0.95027
-0.96007
-0.96823
-0.97226
-0.9751
-0.97915
-0.98161
-0.98107
-0.97741
-0.9718
-0.96614
-0.96015
-0.9527
-0.94679
-0.94373
-0.9415
-0.93824
-0.93395
-0.92978
-0.9269
-0.92349
-0.91757
-0.91016
-0.90211
-0.89197
-0.87893
-0.86396
-0.84917
-0.83561
-0.82184
-0.80669
-0.79178
-0.77838
-0.76565
-0.75248
-0.73928
-0.72694
-0.71498
-0.70136
-0.68504
-0.6675
-0.64991
-0.63146
-0.61123
-0.59063
-0.57059
-0.54952
-0.52783
-0.50585
-0.48355
-0.4607
-0.43711
-0.4128
-0.38818
-0.36351
-0.33866
-0.31373
-0.28904
-0.2647
-0.24058
-0.21658
-0.19269
-0.16907
-0.14586
-0.12272
-0.09947
-0.076369
-0.053657
-0.031072
-0.0083205
0.014428
0.036893
0.05916
0.081312
0.10325
0.12498
0.14663
0.16832
0.19033
0.21276
0.23532
0.25787
0.2804
0.30284
0.32504
0.34689
0.36845
0.38974
0.41066
0.43107
0.45097
0.47048
0.48953
0.508
0.52594
0.54348
0.56065
0.57735
0.59359
0.60946
0.62493
0.63999
0.65468
0.66905
0.68318
0.69706
0.7106
0.72376
0.73655
0.74895
0.76089
0.77237
0.78335
0.79385
0.80383
0.81326
0.8221
0.83041
0.83823
0.84555
0.85234
0.85864
0.8645
0.86987
0.87475
0.87914
0.88305
0.88648
0.88941
0.89189
0.89392
0.89551
0.89664
0.89727
0.89742
0.89707
0.8962
0.89482
0.89292
0.89051
0.88759
0.88414
0.88014
0.87562
0.87061
0.8651
0.85907
0.85256
0.8456
0.83818
0.83031
0.822
0.81324
0.80405
0.79442
0.78437
0.77392
0.76308
0.75185
0.74022
0.72819
0.71578
0.70296
0.68975
0.67616
0.66218
0.64782
0.63308
0.61797
0.60249
0.58666
0.57049
0.55398
0.53715
0.52002
0.50261
0.48492
0.46696
0.44874
0.43028
0.41159
0.39266
0.37354
0.35421
0.3347
0.31501
0.29514
0.27511
0.25492
0.23458
0.2141
0.19349
0.17277
0.15193
0.131
0.10997
0.088863
0.067699
0.046482
0.02523
0.0039606
-0.017311
-0.038575
-0.05982
-0.081031
-0.1022
