-0.74751
-0.73466
-0.72138
-0.70767
-0.69353
-0.67898
-0.66384
-0.6485
-0.63263
-0.61668
-0.60016
-0.58321
-0.5662
-0.54857
-0.53061
-0.5126
-0.49399
-0.47512
-0.45622
-0.43698
-0.41716
-0.39728
-0.3773
-0.35681
-0.33625
-0.3157
-0.29451
-0.2734
-0.25221
-0.23074
-0.20913
-0.18735
-0.16542
-0.1435
-0.12139
-0.099344
-0.077219
-0.054946
-0.032759
-0.010541
0.011812
0.034015
0.056225
0.078503
0.1006
0.12262
0.14468
0.16665
0.18841
0.21016
0.23179
0.25316
0.27451
0.29567
0.31656
0.33731
0.35789
0.37825
0.39841
0.41829
0.43794
0.45729
0.47634
0.49516
0.51364
0.53179
0.54968
0.5672
0.58436
0.60123
0.61768
0.63373
0.64944
0.66479
0.67969
0.69419
0.7083
0.72193
0.73515
0.74796
0.76026
0.77211
0.78351
0.79445
0.80491
0.81488
0.82435
0.83332
0.84177
0.84973
0.85717
0.86407
0.87048
0.87636
0.88169
0.88651
0.89078
0.8945
0.89768
0.90035
0.90245
0.904
0.90503
0.90549
0.9054
0.90479
0.90361
0.90187
0.89961
0.8968
0.89346
0.88957
0.88514
0.88018
0.87467
0.86864
0.86209
0.85501
0.84742
0.83932
0.8307
0.82159
0.81198
0.80187
0.79128
0.78021
0.76868
0.75667
0.74422
0.73129
0.71793
0.70415
-0.0097705
-0.0066803
-0.77705
-0.74701
-0.71658
-0.68107
-0.58133
-0.30688
-0.12775
0.076693
0.16833
0.42077
0.57552
0.70262
0.54244
0.43728
0.29024
0.097025
-0.086643
-0.4652
-0.56134
-0.43484
-0.43193
-0.50279
-0.36172
-0.20091
-0.043745
0.093321
0.3947
0.4981
0.66544
0.47276
0.27143
0.20711
0.15964
-0.034571
-0.21164
-0.43033
-0.43945
-0.50662
-0.48008
-0.46625
-0.25679
-0.057605
0.083414
0.15633
0.28019
0.31997
0.38854
0.27848
0.20587
0.14779
0.0538
-0.13004
-0.24904
-0.34785
-0.37127
-0.37625
-0.32037
-0.23885
-0.08811
-0.012618
0.044779
0.11572
0.21887
0.27228
0.25325
0.17527
0.085129
-0.0045078
-0.092357
-0.2041
-0.25479
-0.27908
-0.28914
-0.2743
-0.23743
-0.16152
-0.073602
0.0077726
0.08695
0.15106
0.18562
0.17538
0.13299
0.08664
0.017102
-0.044328
-0.10719
-0.16521
-0.20675
-0.22779
-0.23938
-0.20923
-0.15319
-0.084798
-0.019078
0.041445
0.074105
0.10105
0.10758
0.10036
0.078457
0.039536
-0.020248
-0.07443
-0.12263
-0.15724
-0.17996
-0.17578
-0.15685
-0.11696
-0.076049
-0.036065
0.0081873
0.052043
0.075918
0.092171
0.091477
0.076084
0.045399
0.0024755
-0.046141
-0.078969
-0.10366
-0.12051
-0.12643
-0.11654
-0.098154
-0.070789
-0.040111
-0.0024151
0.037295
0.065511
0.074885
0.074014
0.066011
0.048734
0.022777
-0.0071028
-0.034338
-0.053669
-0.071122
-0.08372
-0.082151
-0.06781
-0.045702
-0.020266
0.0064419
0.033347
0.055459
0.066624
0.06861
0.065877
0.058675
0.042371
0.019923
-0.0031097
-0.022454
-0.0374
-0.046827
-0.048094
-0.038213
-0.022268
-0.004977
0.012442
0.031864
0.050351
0.064314
0.070539
0.070565
0.065233
0.054461
0.037815
0.020154
0.0051685
-0.0057751
-0.013291
-0.016001
-0.013465
-0.0048901
0.007059
0.020521
0.035323
0.050554
0.062197
0.068672
0.069328
0.065544
0.058215
0.048079
0.03593
0.0244
0.014744
0.0073384
0.0028429
0.0027378
0.0071462
0.015797
0.02661
0.037714
0.048159
0.056887
0.062397
0.064558
0.063243
0.058798
0.05189
0.043088
0.033262
0.024199
0.017103
0.012771
0.011794
0.013997
0.018818
0.025659
0.033354
0.041953
0.050427
0.059578
0.06878
0.078249
0.087952
0.097521
0.10656
0.11466
0.12195
0.12876
0.13498
0.14061
0.14577
0.15036
0.15449
0.15829
0.16187
0.16549
0.16982
0.17487
0.18018
0.18596
0.19239
0.19917
0.20573
0.21199
0.21805
0.22357
0.22845
0.23278
0.23667
0.24
0.2426
0.24453
0.24605
0.24722
0.24792
0.24811
0.24795
0.24738
0.24625
0.24468
0.24269
0.24038
0.23797
0.23551
0.23276
0.22973
0.22659
0.22321
0.21933
0.21483
0.20988
0.20437
0.19823
0.19153
0.18434
0.17663
0.16832
0.15939
0.14987
0.13985
0.12939
0.11847
0.10717
0.095527
0.083522
0.071166
0.05848
0.045519
0.032403
0.019214
0.0058637
-0.0076337
-0.021161
-0.034739
-0.048501
-0.062535
-0.07676
-0.091188
-0.10587
-0.12079
-0.13588
-0.15116
-0.16663
-0.18234
-0.19826
-0.21433
-0.23051
-0.24678
-0.2631
-0.27944
-0.29577
-0.31208
-0.32835
-0.34454
-0.3606
-0.37646
-0.39214
-0.40766
-0.42296
-0.43804
-0.45292
-0.46765
-0.48221
-0.49657
-0.51075
-0.52474
-0.53851
-0.55205
-0.56536
-0.57844
-0.5913
-0.60388
-0.61617
-0.62813
-0.63976
-0.65103
-0.66192
-0.67244
-0.68256
-0.69227
-0.70156
-0.71037
-0.71871
-0.7266
-0.73403
-0.74096
-0.74742
-0.75343
-0.759
-0.76409
-0.76872
-0.77288
-0.77657
-0.77978
-0.78251
-0.78475
-0.78653
-0.78781
-0.7886
-0.78887
-0.78863
-0.78787
-0.78657
-0.78476
-0.78241
-0.77953
-0.77612
-0.77217
-0.76767
-0.76264
-0.75708
-0.75099
-0.74438
-0.73726
-0.72965
-0.72155
-0.71296
-0.70389
-0.69435
