0.81656
0.82587
0.83468
0.843
0.85081
0.8581
0.8647
0.87098
0.87661
0.88204
0.88672
0.89078
0.89465
0.89765
0.9001
0.90236
0.90368
0.90451
0.90517
0.90492
0.90398
0.90272
0.90106
0.89855
0.89567
0.8925
0.88823
0.88375
0.87882
0.8732
0.86705
0.86032
0.85305
0.84538
0.83711
0.82848
0.81932
0.80954
0.79946
0.78885
0.77761
0.76606
0.75403
0.74141
0.72852
0.71511
0.70121
0.68688
0.67228
0.65715
0.64162
0.62583
0.60953
0.59287
0.57596
0.55862
0.54092
0.5229
0.50452
0.48588
0.46693
0.44775
0.42832
0.40855
0.3886
0.36843
0.34796
0.32732
0.30651
0.28545
0.26426
0.24293
0.2214
0.19972
0.17799
0.15612
0.13413
0.11211
0.090003
0.067806
0.045623
0.023391
0.0011273
-0.021139
-0.04341
-0.065639
-0.087829
-0.10995
-0.13199
-0.15398
-0.17586
-0.19761
-0.21929
-0.24082
-0.26218
-0.28342
-0.30447
-0.32532
-0.346
-0.36648
-0.38672
-0.40672
-0.42649
-0.44599
-0.46522
-0.48418
-0.50284
-0.52119
-0.53924
-0.55696
-0.57435
-0.5914
-0.60808
-0.62439
-0.64031
-0.65586
-0.67101
-0.68574
-0.70007
-0.71398
-0.72744
-0.74048
-0.75307
-0.76519
-0.77686
-0.78806
-0.79879
-0.80902
-0.81878
-0.82801
-0.83674
-0.84499
-0.50288
-0.51895
-1.308
-1.295
-1.2822
-1.2706
-1.2919
-1.4072
-1.2229
-1.0108
-1.0548
-1.1761
-0.97471
-0.76403
-0.72137
-0.80432
-0.92318
-0.83972
-0.75386
-0.92831
-1.0108
-0.79265
-0.73098
-0.84002
-0.90648
-0.94182
-0.73854
-0.6094
-0.54241
-0.57097
-0.39075
-0.44687
-0.61493
-0.72427
-0.70529
-0.64667
-0.60955
-0.75364
-0.81942
-0.82578
-0.83067
-0.90112
-0.85284
-0.74374
-0.61082
-0.53765
-0.52241
-0.50866
-0.40047
-0.36253
-0.36938
-0.34773
-0.32295
-0.34245
-0.36598
-0.42538
-0.44168
-0.39233
-0.33377
-0.34498
-0.31168
-0.2872
-0.26578
-0.21554
-0.17174
-0.13291
-0.063881
-0.036962
-0.075166
-0.10482
-0.11638
-0.12692
-0.097657
-0.092006
-0.097609
-0.06125
-0.036039
-0.031268
0.00061456
0.056037
0.12005
0.19298
0.22188
0.22985
0.26372
0.28235
0.26849
0.27156
0.2786
0.28563
0.28704
0.26313
0.24941
0.28563
0.32024
0.34272
0.37145
0.40763
0.4385
0.46299
0.46938
0.48992
0.52975
0.55184
0.5426
0.53595
0.5356
0.54093
0.5416
0.54328
0.56185
0.60041
0.62097
0.62738
0.64399
0.67486
0.70277
0.72245
0.73159
0.74618
0.76006
0.75323
0.73388
0.72868
0.7349
0.73824
0.7328
0.72894
0.73547
0.74986
0.75735
0.76496
0.78542
0.80939
0.82074
0.82024
0.81865
0.8217
0.82419
0.81815
0.80762
0.80399
0.80079
0.79001
0.77829
0.77473
0.77947
0.78653
0.78892
0.78849
0.79232
0.79452
0.78915
0.78167
0.77676
0.77108
0.76132
0.74457
0.72562
0.71175
0.70015
0.6868
0.67609
0.66915
0.66358
0.65721
0.64876
0.64063
0.63649
0.63127
0.62092
0.60756
0.59264
0.57563
0.55711
0.53648
0.51656
0.49988
0.48349
0.46502
0.44726
0.43164
0.41829
0.40604
0.39301
0.3795
0.36664
0.35144
0.33261
0.31217
0.29201
0.27212
0.2514
0.22867
0.20578
0.18471
0.16447
0.14421
0.12543
0.10892
0.093754
0.07782
0.060114
0.042059
0.024859
0.0069198
-0.013006
-0.034068
-0.055126
-0.076578
-0.099284
-0.12275
-0.14491
-0.16471
-0.18359
-0.20273
-0.22127
-0.2383
-0.25517
-0.2728
-0.28958
-0.30592
-0.32208
-0.33803
-0.35352
-0.36834
-0.38248
-0.39633
-0.41012
-0.42373
-0.43721
-0.45087
-0.46477
-0.47878
-0.49276
-0.50667
-0.52067
-0.53487
-0.5489
-0.56256
-0.5761
-0.58973
-0.60314
-0.61606
-0.62862
-0.64107
-0.6533
-0.66523
-0.67692
-0.68834
-0.69936
-0.70982
-0.71943
-0.72807
-0.73602
-0.7434
-0.75021
-0.75648
-0.76235
-0.76791
-0.77308
-0.77784
-0.78227
-0.78648
-0.79046
-0.79409
-0.79741
-0.80053
-0.80339
-0.80586
-0.80788
-0.80954
-0.81082
-0.81163
-0.81197
-0.81186
-0.81124
-0.81005
-0.80822
-0.80573
-0.80267
-0.79908
-0.79494
-0.79028
-0.78513
-0.77952
-0.77346
-0.76695
-0.76001
-0.75268
-0.74499
-0.73687
-0.7283
-0.7193
-0.70986
-0.69997
-0.68959
-0.67876
-0.66748
-0.65575
-0.64358
-0.63097
-0.61793
-0.60444
-0.59049
-0.57608
-0.56125
-0.54603
-0.53043
-0.51446
-0.49815
-0.48151
-0.46456
-0.4473
-0.42974
-0.41191
-0.39385
-0.37553
-0.35695
-0.33814
-0.31911
-0.29984
-0.28033
-0.2606
-0.24065
-0.22051
-0.20017
-0.17965
-0.15898
-0.13815
-0.11716
-0.096023
-0.07476
-0.053393
-0.03194
-0.010421
0.011139
0.032725
0.054321
0.07591
0.097477
0.119
0.14046
0.16183
0.18313
0.20433
0.22541
0.24637
0.26721
0.28792
0.30848
0.32887
0.3491
0.36915
0.38899
0.40862
0.42804
0.44723
0.46617
0.48486
0.50327
0.52138
0.53919
0.55668
0.57384
0.59065
0.6071
0.62318
0.63888
0.65417
0.66907
0.68355
0.6976
0.71123
0.72443
0.73719
0.7495
0.76135
0.77275
0.78367
