0.81647
0.82579
0.83462
0.84242
0.85036
0.85779
0.86439
0.87057
0.87657
0.88171
0.88621
0.89045
0.89437
0.8973
0.8997
0.90192
0.90347
0.90419
0.90455
0.90468
0.90374
0.90233
0.90032
0.89803
0.89532
0.89171
0.88764
0.8833
0.87828
0.87254
0.86647
0.85981
0.85255
0.84481
0.83662
0.82791
0.81866
0.80898
0.79887
0.78822
0.77706
0.76548
0.75346
0.74093
0.72795
0.71457
0.70069
0.68633
0.67156
0.65646
0.64101
0.62514
0.60887
0.59228
0.57533
0.55799
0.54031
0.52232
0.50398
0.48534
0.46642
0.44723
0.42776
0.40804
0.3881
0.36791
0.3475
0.32688
0.30606
0.28506
0.26387
0.24252
0.22102
0.19936
0.17758
0.15571
0.13376
0.11173
0.089634
0.067487
0.045302
0.023081
0.00083834
-0.021406
-0.043641
-0.065853
-0.088023
-0.11014
-0.13218
-0.15414
-0.17601
-0.19776
-0.2194
-0.24091
-0.26227
-0.28347
-0.30451
-0.32536
-0.34603
-0.36649
-0.38673
-0.40673
-0.42648
-0.44597
-0.46519
-0.48413
-0.50277
-0.52112
-0.53915
-0.55686
-0.57423
-0.59125
-0.60792
-0.62422
-0.64015
-0.65568
-0.67082
-0.68554
-0.69986
-0.71375
-0.72721
-0.74023
-0.75281
-0.76493
-0.7766
-0.78779
-0.79851
-0.80875
-0.8185
-0.82776
-1.2824
-1.2713
-1.358
-1.1684
-0.81375
-0.8083
-0.88355
-1.1088
-1.2664
-1.2137
-1.0666
-0.90032
-0.86133
-0.95808
-1.0774
-1.1384
-1.0958
-0.98568
-0.92103
-0.911
-0.96313
-1.0321
-1.0481
-0.90682
-0.64779
-0.61484
-0.57228
-0.49937
-0.72041
-0.76843
-0.75627
-0.72407
-0.57241
-0.54988
-0.55632
-0.60329
-0.76907
-0.76045
-0.7111
-0.6568
-0.58673
-0.58606
-0.60289
-0.64144
-0.64737
-0.60933
-0.55645
-0.52613
-0.53593
-0.54624
-0.56617
-0.54415
-0.4674
-0.38414
-0.30375
-0.32589
-0.39021
-0.41402
-0.42694
-0.36517
-0.27786
-0.2313
-0.20995
-0.2406
-0.2899
-0.28365
-0.24194
-0.17412
-0.11511
-0.096797
-0.10533
-0.11782
-0.1056
-0.075277
-0.03159
0.00047028
0.011291
0.0053712
-0.0040763
0.022714
0.06672
0.1136
0.15367
0.15958
0.15734
0.15191
0.1609
0.2067
0.25007
0.28739
0.313
0.30267
0.29385
0.30159
0.31892
0.35636
0.39201
0.41584
0.42358
0.41811
0.42025
0.43562
0.46174
0.48668
0.50441
0.51233
0.51356
0.52082
0.53757
0.56413
0.59047
0.60327
0.60787
0.60587
0.60929
0.62998
0.65527
0.68029
0.69479
0.69227
0.68815
0.68662
0.69485
0.71675
0.73709
0.74951
0.75245
0.74822
0.74657
0.75202
0.76341
0.77666
0.78547
0.7859
0.78244
0.78141
0.78479
0.7928
0.80029
0.80253
0.79976
0.79351
0.79013
0.79232
0.79707
0.80283
0.80355
0.79723
0.78835
0.7795
0.77555
0.77636
0.77742
0.77662
0.77043
0.75937
0.74817
0.73951
0.73442
0.73136
0.72649
0.71758
0.70557
0.69268
0.68155
0.67319
0.66558
0.65653
0.64459
0.6298
0.61509
0.60246
0.59221
0.58297
0.57145
0.55673
0.53957
0.5217
0.50625
0.49338
0.48143
0.46842
0.45217
0.43334
0.41408
0.39601
0.38022
0.36566
0.35028
0.33297
0.31373
0.2937
0.27452
0.25686
0.23998
0.22267
0.20388
0.18369
0.16338
0.14382
0.12548
0.10786
0.08964
0.070162
0.049451
0.028442
0.0084483
-0.010341
-0.028286
-0.046362
-0.065649
-0.086034
-0.10682
-0.12706
-0.14601
-0.16395
-0.18172
-0.20011
-0.2206
-0.23874
-0.25414
-0.26922
-0.28439
-0.29979
-0.31541
-0.33102
-0.34631
-0.36116
-0.37572
-0.39034
-0.40516
-0.42014
-0.435
-0.44946
-0.46347
-0.47714
-0.49067
-0.50411
-0.51746
-0.53072
-0.54371
-0.55616
-0.56906
-0.58212
-0.59506
-0.60879
-0.62218
-0.63507
-0.64751
-0.65958
-0.67133
-0.68274
-0.69373
-0.70422
-0.7142
-0.72311
-0.73113
-0.73898
-0.74668
-0.75345
-0.75921
-0.76455
-0.76954
-0.77426
-0.77869
-0.78282
-0.78654
-0.78983
-0.79296
-0.796
-0.79874
-0.80138
-0.80376
-0.80556
-0.80683
-0.8076
-0.80792
-0.80772
-0.80697
-0.80567
-0.80384
-0.80147
-0.79857
-0.79522
-0.79142
-0.7871
-0.78226
-0.77688
-0.77099
-0.76463
-0.75781
-0.75055
-0.74281
-0.73459
-0.72596
-0.71693
-0.7074
-0.69754
-0.68738
-0.67669
-0.66541
-0.65367
-0.64152
-0.62895
-0.61594
-0.6025
-0.58862
-0.57433
-0.55966
-0.54463
-0.52923
-0.51347
-0.49734
-0.48083
-0.46397
-0.44678
-0.42929
-0.41151
-0.39342
-0.37505
-0.35643
-0.3376
-0.31856
-0.29933
-0.27992
-0.2603
-0.24045
-0.22038
-0.20011
-0.17967
-0.15906
-0.13828
-0.11735
-0.096295
-0.075129
-0.053865
-0.032512
-0.011096
0.010368
0.03188
0.053434
0.074991
0.096523
0.11802
0.13947
0.16086
0.18217
0.20337
0.22445
0.24539
0.26619
0.28684
0.30736
0.32772
0.34792
0.36794
0.38776
0.40737
0.42678
0.44594
0.46486
0.48351
0.50188
0.51995
0.53773
0.55519
0.57233
0.58913
0.60557
0.62165
0.63735
0.65267
0.66759
0.68209
0.69617
0.70981
0.72301
0.73576
0.74807
0.75993
0.77133
0.78226
