-0.74749
-0.73465
-0.72139
-0.70713
-0.69313
-0.67874
-0.66361
-0.64819
-0.63269
-0.61653
-0.59987
-0.58307
-0.56611
-0.54843
-0.53043
-0.51239
-0.49396
-0.47501
-0.45591
-0.43678
-0.41719
-0.39727
-0.37703
-0.35678
-0.33639
-0.31548
-0.29444
-0.27344
-0.25217
-0.23059
-0.20902
-0.1873
-0.16543
-0.14349
-0.12152
-0.099463
-0.077286
-0.055086
-0.032901
-0.01065
0.011641
0.033879
0.056084
0.078295
0.10045
0.1225
0.14447
0.16641
0.18826
0.20996
0.23151
0.25296
0.27428
0.2954
0.31633
0.33711
0.35768
0.37803
0.39814
0.41802
0.43762
0.45696
0.47604
0.49482
0.5133
0.53148
0.54934
0.56686
0.58404
0.60087
0.61733
0.63342
0.64911
0.66442
0.67934
0.69385
0.70792
0.72158
0.73481
0.74758
0.75991
0.77178
0.78318
0.79411
0.80456
0.81452
0.82398
0.83294
0.84141
0.84936
0.8568
0.86372
0.87012
0.876
0.88134
0.88615
0.89043
0.89416
0.89735
0.9
0.90212
0.90368
0.9047
0.90517
0.90509
0.90447
0.9033
0.90158
0.89932
0.89652
0.89318
0.88929
0.88486
0.8799
0.8744
0.86838
0.86183
0.85476
0.84718
0.83908
0.83047
0.82137
0.81176
0.80166
0.79108
0.78002
0.76849
0.7565
0.74404
0.73117
-0.7596
-0.72754
-0.50382
0.24561
0.73241
0.5039
0.029349
-0.44575
-0.53304
-0.16787
0.24704
0.4386
0.27849
-0.069855
-0.29853
-0.28366
-0.048877
0.20283
0.25565
0.11929
-0.10006
-0.21673
-0.14471
-0.16743
0.15136
0.14774
0.096446
0.052592
-0.13323
-0.061933
-0.10513
-0.051151
0.042461
0.067178
0.10237
0.053794
-0.075227
-0.13109
-0.15047
-0.049651
0.11105
0.15687
0.082984
-0.086782
-0.18571
-0.14614
0.0085945
0.1719
0.14263
0.010159
-0.16843
-0.20873
-0.08286
0.069067
0.18968
0.12924
-0.036923
-0.16773
-0.20762
-0.07282
0.090017
0.15382
0.09162
-0.051734
-0.15988
-0.13815
-0.046892
0.068777
0.10048
0.037552
-0.052095
-0.11569
-0.086983
-0.016393
0.049366
0.053668
-0.0011297
-0.053837
-0.085339
-0.058907
-0.012887
0.019654
0.032824
-0.001549
-0.032851
-0.053211
-0.05778
-0.030688
-0.006551
0.010646
0.01724
-0.0057294
-0.03326
-0.052299
-0.0553
-0.025695
0.005242
0.020739
0.010812
-0.023869
-0.051949
-0.057056
-0.028215
0.008222
0.024502
0.0080901
-0.031144
-0.055472
-0.050153
-0.016989
0.018894
0.024421
0.0018716
-0.034863
-0.056686
-0.04216
-0.0097065
0.021342
0.025978
-0.0012835
-0.032595
-0.04809
-0.036289
-0.0054862
0.016327
0.017488
-0.001863
-0.025749
-0.034235
-0.023435
-0.0031104
0.010284
0.0088675
-0.0044215
-0.017971
-0.021455
-0.014562
-0.0019174
0.006811
0.0059706
-0.0012871
-0.010808
-0.015214
-0.011218
-0.0031858
0.005739
0.0090359
0.0047237
-0.0026061
-0.010167
-0.011051
-0.0043748
0.0046883
0.011564
0.010548
0.0029985
-0.0051382
-0.0083185
-0.0034663
0.0060149
0.013345
0.013203
0.0061451
-0.0021671
-0.0049983
0.00035155
0.0095543
0.015648
0.014379
0.0067337
-0.00046634
-0.0015696
0.0042281
0.01309
0.017802
0.015441
0.008423
0.0019874
0.0016898
0.0072362
0.014351
0.018302
0.016191
0.010492
0.0057818
0.0053616
0.0095149
0.014835
0.017548
0.016191
0.0123
0.0090891
0.0088743
0.011602
0.015056
0.016941
0.016209
0.013579
0.011272
0.010805
0.012495
0.015229
0.016957
0.016797
0.014865
0.012467
0.011466
0.012394
0.014729
0.016895
0.017237
0.015658
0.013203
0.011581
0.012013
0.01404
0.016178
0.016868
0.017785
0.026098
0.036038
0.045471
0.0545
0.063502
0.072438
0.081017
0.089168
0.096706
0.10372
0.11053
0.11721
0.12378
0.13003
0.13574
0.14086
0.14545
0.14973
0.15411
0.1585
0.16264
0.1663
0.16961
0.17442
0.17963
0.18456
0.19109
0.19711
0.20239
0.20716
0.21156
0.21563
0.2192
0.2221
0.22424
0.22576
0.22744
0.22932
0.23068
0.23135
0.23181
0.23209
0.23164
0.23057
0.22904
0.2271
0.22468
0.22169
0.21813
0.21451
0.21096
0.20704
0.20321
0.19917
0.19443
0.18907
0.18316
0.17677
0.16989
0.16249
0.15446
0.14583
0.13674
0.12729
0.11747
0.10724
0.096539
0.085346
0.073684
0.06163
0.049269
0.036651
0.023764
0.010573
-0.0029288
-0.016558
-0.030072
-0.04357
-0.057119
-0.070735
-0.084579
-0.098636
-0.11296
-0.12751
-0.14227
-0.15724
-0.17245
-0.18786
-0.20343
-0.21911
-0.23484
-0.25063
-0.26649
-0.28242
-0.29841
-0.31441
-0.33039
-0.34629
-0.36209
-0.3778
-0.39342
-0.40889
-0.42411
-0.43908
-0.45381
-0.46828
-0.48256
-0.49672
-0.51071
-0.52451
-0.5381
-0.55146
-0.56461
-0.57752
-0.59019
-0.60256
-0.6146
-0.6263
-0.63767
-0.64872
-0.65944
-0.66979
-0.67977
-0.68935
-0.69853
-0.70729
-0.71563
-0.72353
-0.73095
-0.73788
-0.74431
-0.75025
-0.7557
-0.76072
-0.76529
-0.7694
-0.77304
-0.7762
-0.77889
-0.7811
-0.78283
-0.78406
-0.78478
-0.78499
-0.78468
-0.78387
-0.78255
-0.78073
-0.77839
-0.77553
-0.77214
-0.76823
-0.76379
-0.75884
-0.75336
-0.74734
-0.74078
-0.7337
-0.72611
-0.71803
-0.70948
-0.70045
-0.69095
