-0.068988
-0.091139
-0.11323
-0.13529
-0.15723
-0.17905
-0.20078
-0.22239
-0.24387
-0.26518
-0.28635
-0.30738
-0.32827
-0.34887
-0.36927
-0.38953
-0.40951
-0.42918
-0.44864
-0.4679
-0.48655
-0.50507
-0.52328
-0.54125
-0.55893
-0.57623
-0.5932
-0.60986
-0.62612
-0.64195
-0.65745
-0.67251
-0.68712
-0.70132
-0.7151
-0.72845
-0.74138
-0.75389
-0.76597
-0.77757
-0.7887
-0.79936
-0.80955
-0.81923
-0.8284
-0.83707
-0.84517
-0.85274
-0.85982
-0.86642
-0.87252
-0.8781
-0.88315
-0.88768
-0.89166
-0.8951
-0.89799
-0.90034
-0.90213
-0.90336
-0.90405
-0.90419
-0.90379
-0.90287
-0.9014
-0.89939
-0.89684
-0.89374
-0.8901
-0.88592
-0.8812
-0.87594
-0.87013
-0.86379
-0.85692
-0.84955
-0.84168
-0.83331
-0.82444
-0.81507
-0.80521
-0.79486
-0.78402
-0.77271
-0.76092
-0.74867
-0.73596
-0.72281
-0.70922
-0.69522
-0.68079
-0.66596
-0.65072
-0.63509
-0.61907
-0.60268
-0.58592
-0.5688
-0.55133
-0.53352
-0.51539
-0.49695
-0.47821
-0.4592
-0.4399
-0.42034
-0.40053
-0.38047
-0.36018
-0.33967
-0.31895
-0.29803
-0.27694
-0.25567
-0.23426
-0.2127
-0.19102
-0.16922
-0.14732
-0.12533
-0.10326
-0.081132
-0.058951
-0.036731
-0.014487
0.007769
0.030021
0.052254
0.074452
0.096588
-0.32721
-0.28589
-0.34306
-0.12435
0.2587
0.29193
0.2438
0.04501
-0.086889
-0.0090979
0.16222
0.35213
0.41384
0.33914
0.24106
0.20047
0.26264
0.39159
0.47421
0.50139
0.46555
0.41202
0.41059
0.56554
0.83734
0.88218
0.93567
1.0186
0.80664
0.76684
0.78629
0.82486
0.98194
1.009
1.0061
0.96169
0.79753
0.80688
0.85598
0.9091
0.97701
0.97458
0.95371
0.9102
0.89835
0.92956
0.97466
0.99628
0.97685
0.95601
0.92463
0.93432
0.99781
1.0669
1.1323
1.0943
1.0132
0.97182
0.94047
0.98301
1.0503
1.076
1.0756
1.0226
0.95006
0.93237
0.94938
0.99179
1.0247
1.0162
0.98019
0.93958
0.92302
0.92395
0.93763
0.93912
0.91878
0.88117
0.83948
0.83352
0.84428
0.85745
0.86336
0.8347
0.79747
0.75667
0.72991
0.73963
0.74658
0.74719
0.73582
0.68824
0.64196
0.61202
0.59148
0.59087
0.58833
0.57388
0.54323
0.49929
0.4629
0.43975
0.42734
0.41378
0.39308
0.36259
0.32551
0.29458
0.27325
0.26189
0.25048
0.22575
0.19304
0.15398
0.12062
0.10482
0.093945
0.083148
0.062185
0.024586
-0.014212
-0.049993
-0.075582
-0.087031
-0.099545
-0.11948
-0.14834
-0.18381
-0.21613
-0.24076
-0.25884
-0.27447
-0.29388
-0.32104
-0.35141
-0.37868
-0.40083
-0.41764
-0.43423
-0.45532
-0.48064
-0.50867
-0.53303
-0.55102
-0.56564
-0.57843
-0.59542
-0.61861
-0.6435
-0.6675
-0.68573
-0.6983
-0.70973
-0.72208
-0.73892
-0.75971
-0.77973
-0.79628
-0.80833
-0.81742
-0.8274
-0.84046
-0.8557
-0.87087
-0.88333
-0.89208
-0.89912
-0.90664
-0.91613
-0.92751
-0.93787
-0.94521
-0.94925
-0.95134
-0.95479
-0.96051
-0.96776
-0.97479
-0.97852
-0.97874
-0.97716
-0.97574
-0.97671
-0.97938
-0.98164
-0.98186
-0.97898
-0.97404
-0.96912
-0.96533
-0.96269
-0.96006
-0.95583
-0.94932
-0.94132
-0.93303
-0.92552
-0.91873
-0.9114
-0.90266
-0.89209
-0.88016
-0.86826
-0.85702
-0.84646
-0.83565
-0.82331
-0.80925
-0.79388
-0.77816
-0.76323
-0.74896
-0.73471
-0.71953
-0.7027
-0.68453
-0.66587
-0.64755
-0.63105
-0.61196
-0.58989
-0.56731
-0.54463
-0.52201
-0.49948
-0.47683
-0.45379
-0.43023
-0.40635
-0.38251
-0.35886
-0.3354
-0.31186
-0.28801
-0.26377
-0.23931
-0.21487
-0.1905
-0.16623
-0.14208
-0.11789
-0.093436
-0.069705
-0.046434
-0.023364
-0.0014251
0.02048
0.042508
0.064579
0.086592
0.10847
0.13022
0.1519
0.17356
0.19521
0.21737
0.23987
0.26194
0.28357
0.30549
0.3278
0.34989
0.37163
0.39297
0.41388
0.43439
0.45455
0.4744
0.49364
0.5122
0.53027
0.54763
0.56445
0.58101
0.59727
0.61318
0.62868
0.64383
0.65867
0.67315
0.68728
0.70105
0.71444
0.72736
0.73982
0.75186
0.76351
0.77476
0.78558
0.79594
0.8058
0.81517
0.82406
0.83249
0.84037
0.84772
0.85461
0.86089
0.86654
0.87177
0.87665
0.88106
0.88496
0.88836
0.89127
0.89371
0.89567
0.89715
0.89812
0.89857
0.89851
0.89796
0.89693
0.89542
0.89344
0.89096
0.88798
0.88449
0.88053
0.87607
0.87111
0.86561
0.85959
0.85306
0.846
0.83848
0.83052
0.82214
0.81331
0.80405
0.79437
0.78427
0.77377
0.76286
0.75153
0.7398
0.72769
0.71517
0.70226
0.68899
0.67535
0.66135
0.64696
0.6322
0.61709
0.60163
0.58582
0.56965
0.55315
0.5363
0.51914
0.50167
0.48394
0.46595
0.44771
0.42923
0.41052
0.39158
0.37244
0.3531
0.33357
0.31384
0.29394
0.27386
0.25364
0.23328
0.21278
0.19217
0.17144
0.1506
0.12967
0.10867
0.087592
0.066452
0.045256
0.024018
0.0027561
-0.018518
-0.039783
-0.061023
-0.082224
-0.10338
