-0.046595
-0.069066
-0.091441
-0.11371
-0.1359
-0.15808
-0.18015
-0.20211
-0.22396
-0.24565
-0.26721
-0.28864
-0.30989
-0.33086
-0.3517
-0.37239
-0.39281
-0.41288
-0.43279
-0.45255
-0.47181
-0.49088
-0.50967
-0.52811
-0.54623
-0.56406
-0.5816
-0.59866
-0.61537
-0.63179
-0.64787
-0.66341
-0.67856
-0.69341
-0.70782
-0.7217
-0.7352
-0.74827
-0.76089
-0.77302
-0.78468
-0.79591
-0.80666
-0.81686
-0.82658
-0.83585
-0.84458
-0.85276
-0.86045
-0.86762
-0.87425
-0.88036
-0.88596
-0.89101
-0.89549
-0.89945
-0.9029
-0.90578
-0.90807
-0.90985
-0.91111
-0.91177
-0.91188
-0.91145
-0.91048
-0.90895
-0.90687
-0.90424
-0.90108
-0.89737
-0.89309
-0.8883
-0.88297
-0.87708
-0.87067
-0.86374
-0.85628
-0.8483
-0.83982
-0.83083
-0.82133
-0.81133
-0.80086
-0.7899
-0.77845
-0.76653
-0.75416
-0.74134
-0.72805
-0.71433
-0.70018
-0.68561
-0.67062
-0.65523
-0.63945
-0.62328
-0.60673
-0.58981
-0.57255
-0.55493
-0.53697
-0.51869
-0.5001
-0.4812
-0.46202
-0.44256
-0.42283
-0.40285
-0.38262
-0.36217
-0.34149
-0.32061
-0.29954
-0.27829
-0.25686
-0.23528
-0.21357
-0.19172
-0.16976
-0.1477
-0.12555
-0.10332
-0.081032
-0.058693
-0.036323
-0.013931
0.008473
0.030871
0.053247
0.075602
0.097915
0.12017
0.14235
0.16444
0.18644
0.20832
0.23007
0.25169
0.27316
0.29445
0.31557
0.3365
0.35724
0.37777
0.39807
0.41813
0.43793
0.45747
0.47674
0.49571
0.51439
0.53275
0.5508
0.56851
0.58587
0.60289
0.61955
0.63584
0.65174
0.66725
0.68236
0.69705
0.71132
0.72516
0.73857
0.75153
0.76403
0.77607
0.78764
0.79875
0.80937
0.8195
0.82914
0.83827
0.8469
0.85502
0.86261
0.86969
0.87624
0.88226
0.88775
0.8927
0.89712
0.90099
0.90433
0.90711
0.90934
0.91103
0.91216
0.91274
0.91278
0.91225
0.91118
0.90955
0.90738
0.90466
0.90139
0.89758
0.89322
0.88832
0.88289
0.87692
0.87042
0.8634
0.85585
0.84778
0.8392
0.83012
0.82053
0.81045
0.79988
0.78882
0.77728
0.76528
0.7528
0.73987
0.7265
0.71269
0.69845
0.68378
0.6687
0.65322
0.63734
0.62108
0.60444
0.58744
0.57008
0.55238
0.53434
0.51597
0.49729
0.47831
0.45904
0.4395
0.41969
0.39961
0.3793
0.35876
0.33802
0.31705
0.2959
0.27456
0.25305
0.2314
0.2096
0.1877
0.16566
0.14352
0.12131
0.099007
0.076655
0.054255
0.031823
0.009371
-0.013088
-0.035546
-0.057977
-0.080355
-0.10269
-0.12497
-0.14717
-0.1693
-0.19131
-0.21322
-0.235
-0.25664
-0.27812
-0.29944
-0.32058
-0.34151
-0.36222
-0.38272
-0.40298
-0.42301
-0.44279
-0.46231
-0.48154
-0.50049
-0.51914
-0.53746
-0.55546
-0.57313
-0.59047
-0.60741
-0.624
-0.6402
-0.65603
-0.67148
-0.6865
-0.70112
-0.71531
-0.72908
-0.74241
-0.75527
-0.76769
-0.77965
-0.79112
-0.80211
-0.81262
-0.82264
-0.83217
-0.84119
-0.84971
-0.8577
-0.86518
-0.87214
-0.87857
-0.88447
-0.88984
-0.89467
-0.89895
-0.90268
-0.90588
-0.90853
-0.91063
-0.91218
-0.91318
-0.91362
-0.91352
-0.91286
-0.91165
-0.90989
-0.90758
-0.90471
-0.9013
-0.89734
-0.89284
-0.88781
-0.88223
-0.87612
-0.86949
-0.86232
-0.85463
-0.84643
-0.83772
-0.8285
-0.81877
-0.80855
-0.79784
-0.78666
-0.77499
-0.76286
-0.75027
-0.73722
-0.72372
-0.70979
-0.69543
-0.68065
-0.66546
-0.64986
-0.63387
-0.61749
-0.60074
-0.58363
-0.56617
-0.54836
-0.53023
-0.51177
-0.493
-0.47393
-0.45458
-0.43495
-0.41506
-0.39491
-0.37453
-0.35392
-0.3331
-0.31208
-0.29087
-0.26948
-0.24793
-0.22623
-0.20439
-0.18243
-0.16035
-0.13818
-0.11593
-0.093604
-0.071223
-0.048799
-0.026346
-0.0038765
0.018595
0.041056
0.063492
0.08589
0.10823
0.13052
0.15272
0.17483
0.19683
0.21872
0.24047
0.26207
0.28352
0.3048
0.32589
0.34679
0.36747
0.38794
0.40817
0.42815
0.44787
0.46733
0.4865
0.50537
0.52394
0.5422
0.56012
0.57771
0.59495
0.61183
0.62833
0.64446
0.6602
0.67554
0.69047
0.70498
0.71907
0.73272
0.74593
0.75869
0.77099
0.78282
0.79418
0.80506
0.81545
0.82535
0.83475
0.84364
0.85202
0.85989
0.86724
0.87407
0.88036
0.88613
0.89135
0.89604
0.90019
0.90379
0.90685
0.90935
0.91131
0.91272
0.91357
0.91387
0.91362
0.91282
0.91146
0.90955
0.9071
0.90409
0.90054
0.89644
0.8918
0.88662
0.8809
0.87466
0.86788
0.86058
0.85275
0.84442
0.83557
0.82621
0.81636
0.80601
0.79518
0.78386
0.77207
0.75981
0.74709
0.73393
0.72031
0.70626
0.69179
0.67689
0.66159
0.64589
0.62979
0.61332
0.59647
0.57926
0.56171
0.54381
0.52558
0.50704
0.48819
0.46904
0.44961
0.42991
0.40995
0.38974
0.3693
0.34863
0.32775
0.30667
0.28541
0.26397
0.24237
0.22063
0.19876
0.17676
0.15466
0.13246
0.11018
0.087839
0.065442
0.043006
0.020543
-0.0019315
-0.024405
-0.046864
