0.81386
0.82333
0.83262
0.84171
0.85051
0.85799
0.86529
0.87241
0.87909
0.88451
0.88975
0.8948
0.89925
0.90253
0.90563
0.90855
0.91071
0.91181
0.91275
0.91351
0.91298
0.91229
0.91138
0.90938
0.90673
0.90388
0.90081
0.89653
0.89172
0.88674
0.88143
0.87502
0.8681
0.86103
0.85352
0.84506
0.83618
0.82697
0.81737
0.80698
0.79612
0.78496
0.77341
0.76109
0.74837
0.73538
0.72184
0.70777
0.69346
0.6787
0.66331
0.64762
0.63171
0.61536
0.59841
0.58124
0.56387
0.54606
0.52775
0.50926
0.49059
0.47149
0.45204
0.4324
0.41256
0.39243
0.37197
0.35137
0.33061
0.3096
0.28832
0.26695
0.24545
0.22372
0.20191
0.18001
0.15792
0.13572
0.11352
0.091274
0.068885
0.046446
0.024059
0.0016709
-0.020799
-0.043254
-0.065608
-0.087927
-0.11025
-0.1325
-0.15462
-0.17665
-0.19861
-0.22045
-0.24211
-0.26363
-0.28503
-0.30625
-0.32725
-0.34807
-0.36869
-0.38906
-0.4092
-0.42913
-0.44877
-0.46812
-0.4872
-0.50601
-0.52449
-0.54263
-0.56047
-0.57798
-0.59512
-0.61189
-0.6283
-0.64435
-0.65998
-0.67521
-0.69004
-0.70446
-0.71845
-0.73199
-0.74509
-0.75776
-0.76996
-0.78168
-0.79295
-0.80372
-0.814
-0.82383
-0.83317
-0.84198
-0.85029
-0.8581
-0.86539
-0.87214
-0.87836
-0.88406
-0.88923
-0.89385
-0.89793
-0.90148
-0.90447
-0.90692
-0.90882
-0.91017
-0.91098
-0.91123
-0.91092
-0.91007
-0.90867
-0.90672
-0.90422
-0.90117
-0.89757
-0.89344
-0.88879
-0.8836
-0.87787
-0.87161
-0.86483
-0.85752
-0.84969
-0.84135
-0.8325
-0.82314
-0.81328
-0.80293
-0.79209
-0.78078
-0.76899
-0.75673
-0.74402
-0.73086
-0.71725
-0.70321
-0.68874
-0.67386
-0.65856
-0.64287
-0.62679
-0.61032
-0.5935
-0.57632
-0.55879
-0.54092
-0.52273
-0.50421
-0.48539
-0.46627
-0.44687
-0.4272
-0.40727
-0.38709
-0.36668
-0.34604
-0.32519
-0.30415
-0.28292
-0.26152
-0.23995
-0.21824
-0.1964
-0.17444
-0.15237
-0.13021
-0.10797
-0.085662
-0.063305
-0.040911
-0.018493
0.0039388
0.026369
0.048784
0.071165
0.093505
0.1158
0.13802
0.16016
0.1822
0.20414
0.22595
0.24763
0.26915
0.29052
0.31171
0.33272
0.35351
0.37409
0.39446
0.41458
0.43446
0.45408
0.47342
0.49248
0.51124
0.52968
0.54781
0.56561
0.58306
0.60017
0.61689
0.63326
0.64925
0.66485
0.68005
0.69483
0.7092
0.72314
0.73663
0.74969
0.76229
0.77443
0.7861
0.7973
0.808
0.81821
0.82792
0.83711
0.84581
0.85401
0.86172
0.8689
0.87556
0.88168
0.88728
0.89232
0.89682
0.9008
0.90422
0.90708
0.90941
0.91118
0.91241
0.9131
0.91323
0.91279
0.91181
0.9103
0.90822
0.90557
0.90239
0.89869
0.89437
0.88953
0.88415
0.87826
0.87187
0.86493
0.85747
0.84948
0.84099
0.832
0.82248
0.81248
0.80198
0.791
0.77953
0.7676
0.75522
0.74237
0.72907
0.71532
0.70114
0.68654
0.67151
0.65609
0.64027
0.62406
0.60747
0.5905
0.57317
0.55551
0.53752
0.51921
0.50059
0.48165
0.46242
0.44292
0.42315
0.40311
0.38284
0.36234
0.34161
0.32067
0.29955
0.27825
0.25677
0.23514
0.21336
0.19146
0.16943
0.14731
0.12509
0.10281
0.080454
0.058047
0.035605
0.013142
-0.0093224
-0.031778
-0.054216
-0.076622
-0.098985
-0.12129
-0.14351
-0.16566
-0.1877
-0.20963
-0.23143
-0.25309
-0.2746
-0.29594
-0.31711
-0.33808
-0.35885
-0.37941
-0.39973
-0.41981
-0.43964
-0.45921
-0.47849
-0.49749
-0.51619
-0.53458
-0.55264
-0.57036
-0.58774
-0.60476
-0.62142
-0.63771
-0.65361
-0.66911
-0.68421
-0.69889
-0.71316
-0.72699
-0.74038
-0.75333
-0.76581
-0.77784
-0.7894
-0.80047
-0.81107
-0.82117
-0.83078
-0.83989
-0.84848
-0.85657
-0.86414
-0.87118
-0.8777
-0.88368
-0.88913
-0.89405
-0.89842
-0.90225
-0.90553
-0.90827
-0.91046
-0.91209
-0.91318
-0.91371
-0.91369
-0.91312
-0.91199
-0.91031
-0.90809
-0.90531
-0.90199
-0.89812
-0.89371
-0.88875
-0.88326
-0.87724
-0.87068
-0.8636
-0.856
-0.84788
-0.83924
-0.8301
-0.82046
-0.81031
-0.79968
-0.78857
-0.77698
-0.76492
-0.75239
-0.73941
-0.72599
-0.71212
-0.69782
-0.6831
-0.66797
-0.65244
-0.63651
-0.62019
-0.6035
-0.58645
-0.56904
-0.55128
-0.53319
-0.51478
-0.49606
-0.47704
-0.45773
-0.43814
-0.41829
-0.39818
-0.37784
-0.35726
-0.33647
-0.31547
-0.29429
-0.27292
-0.2514
-0.22971
-0.20789
-0.18595
-0.16389
-0.14173
-0.11949
-0.097173
-0.074798
-0.052379
-0.029927
-0.0074571
0.015017
0.037482
0.059925
0.082332
0.10469
0.12698
0.1492
0.17133
0.19335
0.21526
0.23703
0.25867
0.28014
0.30145
0.32258
0.34351
0.36423
0.38473
0.405
0.42502
0.44479
0.46429
0.48351
0.50243
0.52106
0.53936
0.55734
0.57499
0.59228
0.60922
0.62579
0.64198
0.65779
0.67319
0.68819
0.70277
0.71693
0.73065
0.74393
0.75676
0.76914
0.78105
0.79248
0.80344
0.81391
