-0.76727
-0.75427
-0.74118
-0.728
-0.71461
-0.69991
-0.68513
-0.67029
-0.65513
-0.63886
-0.62254
-0.60616
-0.58936
-0.57166
-0.55393
-0.53615
-0.5179
-0.49894
-0.47996
-0.46096
-0.44117
-0.42141
-0.4017
-0.38127
-0.3605
-0.33981
-0.31922
-0.29787
-0.27635
-0.25495
-0.23356
-0.21161
-0.18954
-0.16763
-0.1457
-0.12337
-0.10098
-0.0787
-0.056476
-0.033958
-0.011432
0.010942
0.033251
0.055766
0.078214
0.10048
0.12274
0.14499
0.167
0.18892
0.21094
0.23274
0.25425
0.27566
0.29708
0.31821
0.33903
0.35972
0.38032
0.40059
0.42052
0.44027
0.45984
0.47906
0.49792
0.51653
0.53489
0.55288
0.57047
0.58777
0.60477
0.62134
0.63752
0.65336
0.66876
0.68373
0.69835
0.71257
0.7263
0.73956
0.75244
0.76488
0.7768
0.78823
0.79925
0.80978
0.81977
0.82926
0.8383
0.84683
0.85481
0.86226
0.86923
0.87568
0.88156
0.88691
0.89176
0.89606
0.8998
0.903
0.90566
0.90775
0.9093
0.91033
0.91079
0.91068
0.91003
0.90886
0.90711
0.9048
0.90196
0.89859
0.89466
0.89017
0.88516
0.87963
0.87355
0.86693
0.8598
0.85216
0.84399
0.83531
0.82613
0.81645
0.80628
0.79561
0.78447
0.77285
0.76076
0.74823
0.73525
0.72182
0.70795
0.69366
0.67895
0.66382
0.64829
0.63237
0.61607
0.59939
0.58235
0.56497
0.54723
0.52915
0.51075
0.49205
0.47305
0.45375
0.43419
0.41436
0.39428
0.37396
0.35342
0.33266
0.3117
0.29055
0.26924
0.24776
0.22613
0.20436
0.18248
0.16047
0.13837
0.11618
0.093928
0.071611
0.049249
0.026859
0.0044509
-0.017968
-0.040381
-0.062767
-0.085114
-0.10741
-0.12965
-0.15181
-0.17387
-0.19583
-0.21768
-0.23939
-0.26097
-0.28238
-0.30362
-0.32467
-0.34553
-0.36619
-0.38662
-0.40682
-0.42677
-0.44647
-0.4659
-0.48505
-0.50391
-0.52246
-0.5407
-0.55862
-0.5762
-0.59343
-0.6103
-0.62681
-0.64294
-0.65868
-0.67402
-0.68896
-0.70348
-0.71757
-0.73123
-0.74446
-0.75723
-0.76954
-0.78138
-0.79276
-0.80365
-0.81406
-0.82397
-0.83338
-0.8423
-0.85071
-0.8586
-0.86598
-0.87284
-0.87917
-0.88497
-0.89023
-0.89496
-0.89915
-0.90279
-0.90589
-0.90844
-0.91043
-0.91187
-0.91278
-0.91312
-0.91291
-0.91217
-0.91085
-0.90898
-0.90657
-0.90363
-0.90012
-0.89607
-0.89145
-0.88631
-0.88066
-0.87445
-0.86775
-0.86049
-0.85272
-0.84445
-0.83564
-0.82634
-0.81655
-0.80626
-0.79548
-0.78421
-0.77245
-0.76023
-0.74757
-0.73442
-0.72084
-0.70684
-0.69242
-0.67759
-0.66234
-0.64668
-0.63064
-0.61421
-0.59739
-0.58022
-0.56271
-0.54486
-0.52669
-0.5082
-0.4894
-0.47032
-0.45092
-0.43125
-0.41133
-0.39116
-0.37075
-0.35011
-0.32925
-0.30822
-0.28696
-0.26554
-0.24394
-0.22223
-0.20039
-0.17843
-0.15635
-0.13417
-0.11191
-0.089597
-0.067205
-0.044785
-0.022338
0.0001189
0.022581
0.045018
0.067426
0.089795
0.11212
0.13439
0.15657
0.17865
0.20063
0.22248
0.2442
0.26578
0.2872
0.30844
0.32951
0.35036
0.371
0.39142
0.41159
0.43153
0.4512
0.4706
0.48971
0.50854
0.52705
0.54524
0.5631
0.58062
0.59779
0.6146
0.63103
0.64709
0.66276
0.67803
0.69289
0.70733
0.72134
0.73491
0.74804
0.76073
0.77295
0.7847
0.79598
0.80677
0.81708
0.82689
0.8362
0.84501
0.8533
0.86109
0.86835
0.87508
0.88129
0.88696
0.89209
0.89669
0.90074
0.90425
0.90722
0.90963
0.9115
0.91281
0.91357
0.91378
0.91344
0.91255
0.9111
0.90911
0.90656
0.90346
0.89982
0.89563
0.8909
0.88564
0.87983
0.8735
0.86664
0.85925
0.85134
0.84292
0.83399
0.82455
0.81461
0.80418
0.79327
0.78188
0.77001
0.75768
0.74489
0.73165
0.71797
0.70385
0.68931
0.67435
0.65898
0.64322
0.62706
0.61052
0.59362
0.57636
0.55874
0.54079
0.52252
0.50393
0.48503
0.46584
0.44636
0.42662
0.40662
0.38637
0.36589
0.34519
0.32428
0.30317
0.28188
0.26042
0.2388
0.21704
0.19515
0.17313
0.15102
0.12881
0.10652
0.08417
0.061768
0.039328
0.016865
-0.0056085
-0.028079
-0.050532
-0.072955
-0.095333
-0.11765
-0.1399
-0.16207
-0.18414
-0.20609
-0.22793
-0.24962
-0.27116
-0.29254
-0.31374
-0.33476
-0.35557
-0.37616
-0.39653
-0.41666
-0.43653
-0.45614
-0.47548
-0.49453
-0.51328
-0.53172
-0.54984
-0.56762
-0.58506
-0.60215
-0.61887
-0.63522
-0.65119
-0.66676
-0.68193
-0.69669
-0.71102
-0.72493
-0.73839
-0.75141
-0.76398
-0.77608
-0.78772
-0.79888
-0.80955
-0.81974
-0.82943
-0.83861
-0.8473
-0.85546
-0.86312
-0.87024
-0.87685
-0.88292
-0.88846
-0.89346
-0.89792
-0.90184
-0.90521
-0.90804
-0.91031
-0.91204
-0.91321
-0.91384
-0.9139
-0.91342
-0.91239
-0.9108
-0.90866
-0.90597
-0.90273
-0.89895
-0.89463
-0.88976
-0.88436
-0.87842
-0.87195
-0.86495
-0.85743
-0.84939
-0.84083
-0.83177
-0.82221
-0.81214
-0.80159
-0.79055
-0.77904
-0.76705
