-0.74751
-0.73464
-0.72135
-0.70764
-0.69352
-0.67899
-0.66406
-0.6486
-0.63264
-0.6166
-0.60016
-0.58317
-0.5661
-0.54853
-0.53057
-0.51254
-0.49391
-0.47507
-0.45621
-0.43678
-0.41707
-0.39729
-0.37719
-0.35679
-0.33636
-0.31553
-0.29452
-0.27356
-0.2523
-0.23078
-0.20918
-0.18746
-0.16555
-0.1436
-0.12151
-0.099398
-0.077248
-0.055008
-0.032788
-0.010537
0.011745
0.033972
0.056229
0.078451
0.10055
0.12263
0.14468
0.16659
0.1884
0.21012
0.23168
0.25313
0.27445
0.29553
0.31645
0.33722
0.35779
0.37814
0.39828
0.41817
0.43781
0.45718
0.47626
0.49506
0.51355
0.53173
0.54959
0.56711
0.5843
0.60113
0.61759
0.63367
0.64938
0.6647
0.67961
0.69411
0.70819
0.72184
0.73506
0.74783
0.76014
0.772
0.7834
0.79433
0.80479
0.81476
0.82423
0.83321
0.84167
0.84963
0.85707
0.86399
0.87039
0.87626
0.8816
0.88641
0.89068
0.89441
0.8976
0.90025
0.90236
0.90392
0.90493
0.90539
0.90531
0.90468
0.9035
0.90178
0.89951
0.89671
0.89336
0.88947
0.88505
0.88008
0.87459
0.86856
0.86201
0.85494
0.84735
0.83924
0.83063
0.82152
0.81191
0.8018
0.79122
0.78015
0.76861
0.75661
0.74415
0.73123
0.71787
0.70409
-0.019413
-0.016478
-0.80419
-0.77412
-0.74467
-0.71468
-0.67897
-0.64957
-0.30141
-0.28752
0.079505
0.089604
0.42532
0.42469
0.7272
0.72872
0.53296
0.4847
0.23253
0.05724
-0.26195
-0.086665
-0.42278
-0.41725
-0.47366
-0.459
-0.4696
-0.47045
-0.077492
0.069593
0.24253
0.2496
0.41528
0.22199
0.40871
0.40362
0.22139
0.2111
0.054097
-0.048013
-0.2343
-0.30844
-0.49967
-0.44327
-0.42242
-0.28104
-0.26294
-0.23999
-0.072925
-0.020091
0.1318
0.20315
0.2787
0.26621
0.33464
0.25512
0.14141
0.019227
-0.052612
-0.040956
-0.1621
-0.21391
-0.30852
-0.31641
-0.30497
-0.23483
-0.22518
-0.16038
-0.047432
0.011326
0.083909
0.060354
0.1043
0.10937
0.14364
0.12624
0.081882
-0.0084
-0.063352
-0.083432
-0.166
-0.19271
-0.22005
-0.18035
-0.17466
-0.14941
-0.14245
-0.11258
-0.050859
0.016426
0.062317
0.04733
0.082087
0.076146
0.07011
0.034836
0.0011733
-0.042384
-0.058262
-0.071594
-0.12456
-0.15741
-0.17665
-0.14208
-0.13819
-0.11492
-0.092322
-0.063966
-0.026901
0.010376
0.024282
0.017564
0.050525
0.061993
0.063217
0.026615
0.00051321
-0.026741
-0.042734
-0.053666
-0.081675
-0.10179
-0.10487
-0.082548
-0.088469
-0.080513
-0.069618
-0.039308
-0.0071386
0.016693
0.024828
0.020666
0.034637
0.042511
0.041399
0.015448
0.0058795
-0.004972
-0.013578
-0.027782
-0.049067
-0.060266
-0.0566
-0.037675
-0.035803
-0.032628
-0.026703
-0.0032486
0.014264
0.025825
0.031777
0.034468
0.045624
0.050421
0.044636
0.023362
0.015552
0.011785
0.0085897
-0.0035963
-0.015829
-0.020562
-0.01857
-0.0088289
-0.0074918
-0.0048248
0.0036478
0.024403
0.035938
0.040114
0.041722
0.045774
0.05366
0.056127
0.051824
0.03872
0.033815
0.031926
0.027928
0.016121
0.0089323
0.0093475
0.013117
0.018135
0.017303
0.018221
0.02451
0.038655
0.045926
0.047447
0.048511
0.053628
0.058276
0.056957
0.051847
0.043837
0.042205
0.042154
0.038719
0.029113
0.023932
0.025226
0.028507
0.03025
0.029316
0.03139
0.036833
0.045553
0.048574
0.047649
0.047932
0.052591
0.055605
0.052949
0.04765
0.042399
0.041329
0.047076
0.052302
0.052815
0.05952
0.067587
0.077188
0.086508
0.093441
0.098849
0.10577
0.11555
0.12436
0.1303
0.13541
0.14222
0.1499
0.15642
0.16087
0.16527
0.17447
0.18189
0.18577
0.18814
0.19284
0.1987
0.20276
0.2056
0.21084
0.21575
0.22024
0.22541
0.23113
0.23493
0.23747
0.24021
0.2433
0.246
0.24717
0.24675
0.24644
0.24688
0.24673
0.24535
0.24413
0.24235
0.24186
0.24095
0.23805
0.23395
0.23028
0.22696
0.2226
0.21709
0.21217
0.20724
0.20148
0.19505
0.18831
0.18117
0.17343
0.16491
0.1558
0.1465
0.13704
0.12695
0.11614
0.10492
0.093526
0.081873
0.069822
0.057407
0.045349
0.033088
0.019911
0.0061789
-0.007475
-0.021084
-0.035225
-0.049984
-0.06451
-0.078713
-0.093319
-0.10838
-0.12339
-0.13845
-0.15371
-0.16928
-0.18509
-0.20091
-0.21664
-0.23248
-0.24858
-0.26479
-0.28093
-0.29698
-0.31305
-0.32919
-0.34511
-0.36075
-0.37644
-0.39228
-0.408
-0.42342
-0.43866
-0.45386
-0.46884
-0.48343
-0.49783
-0.51211
-0.52613
-0.53986
-0.55332
-0.56663
-0.57976
-0.59255
-0.60492
-0.61698
-0.62885
-0.64044
-0.65164
-0.66239
-0.67278
-0.68286
-0.69248
-0.70157
-0.71026
-0.71865
-0.72665
-0.73414
-0.74114
-0.74772
-0.75386
-0.75945
-0.76454
-0.76918
-0.77335
-0.77702
-0.7802
-0.78291
-0.78516
-0.7869
-0.7881
-0.78877
-0.78896
-0.78867
-0.78786
-0.7865
-0.78462
-0.78224
-0.77932
-0.77583
-0.7718
-0.7673
-0.76233
-0.75682
-0.75076
-0.74419
-0.73715
-0.72957
-0.72148
-0.71289
-0.70383
-0.69429
