-0.06906
-0.091216
-0.11331
-0.13534
-0.15729
-0.17913
-0.20088
-0.22248
-0.24395
-0.26529
-0.28645
-0.30745
-0.32832
-0.34896
-0.36937
-0.3896
-0.40948
-0.42916
-0.44869
-0.46763
-0.4865
-0.50509
-0.52337
-0.54132
-0.559
-0.57632
-0.59329
-0.60997
-0.6262
-0.64198
-0.6574
-0.67243
-0.68707
-0.7013
-0.71511
-0.72849
-0.74144
-0.75394
-0.76601
-0.77762
-0.78875
-0.7994
-0.80952
-0.81916
-0.82833
-0.83694
-0.84507
-0.85272
-0.85986
-0.86649
-0.8726
-0.87818
-0.88323
-0.88776
-0.89175
-0.89515
-0.89802
-0.90034
-0.90213
-0.90338
-0.90408
-0.90424
-0.90386
-0.90293
-0.90146
-0.89945
-0.89689
-0.89379
-0.89013
-0.88593
-0.8812
-0.87592
-0.87012
-0.8638
-0.85696
-0.84961
-0.84175
-0.83338
-0.82451
-0.81514
-0.80527
-0.79491
-0.78405
-0.77273
-0.76094
-0.74869
-0.73599
-0.72285
-0.70926
-0.69525
-0.68083
-0.66599
-0.65075
-0.63511
-0.61909
-0.60268
-0.58591
-0.56878
-0.55131
-0.53351
-0.51539
-0.49696
-0.47823
-0.45921
-0.43991
-0.42035
-0.40053
-0.38046
-0.36016
-0.33964
-0.31892
-0.298
-0.27691
-0.25565
-0.23423
-0.21267
-0.19098
-0.16918
-0.14728
-0.12528
-0.10321
-0.08107
-0.058882
-0.036657
-0.014409
0.0078465
0.030096
0.052326
0.074523
0.096665
0.11875
0.14077
0.51736
0.53041
-0.24728
-0.20732
-0.16699
-0.12739
-0.090039
-0.0511
-0.17934
-0.13339
0.26284
0.30186
0.15798
0.1817
0.53508
0.6172
0.68089
0.6777
0.5529
0.642
0.81059
1.0044
0.6723
0.65357
0.71893
0.76575
0.70558
0.67029
0.67105
0.81118
1.0039
1.0011
0.90901
0.72102
0.92727
0.981
0.99236
0.92645
0.88407
0.90354
0.93822
0.86136
0.69874
0.67574
0.73968
0.93066
0.86931
0.81633
0.84604
0.94876
1.0378
1.0757
1.0461
1.0461
1.1695
1.2422
1.1861
1.0609
1.069
1.1337
1.1029
1.0198
0.91035
0.84166
0.87629
0.93991
0.86872
0.81048
0.86307
0.94349
0.95063
0.89098
0.86772
0.87307
0.94893
1.003
0.942
0.84196
0.85743
0.891
0.83937
0.76601
0.71602
0.72078
0.74636
0.75844
0.6773
0.61091
0.64115
0.70023
0.68268
0.61896
0.59766
0.60194
0.62162
0.60442
0.53075
0.45893
0.47026
0.48378
0.42355
0.33626
0.28917
0.30053
0.30745
0.28998
0.23558
0.19729
0.21763
0.24644
0.21245
0.15263
0.14219
0.16063
0.16872
0.12412
0.06049
0.011817
0.0086348
0.0056629
-0.046431
-0.11883
-0.14925
-0.14054
-0.1572
-0.20115
-0.25342
-0.27274
-0.26194
-0.25475
-0.29084
-0.34237
-0.35482
-0.33952
-0.34672
-0.39401
-0.43553
-0.45694
-0.45816
-0.47251
-0.51815
-0.56989
-0.58369
-0.57166
-0.58569
-0.62754
-0.6626
-0.66643
-0.66083
-0.66628
-0.69676
-0.72875
-0.73126
-0.71929
-0.73376
-0.77655
-0.80498
-0.80912
-0.80649
-0.82218
-0.85471
-0.88355
-0.88574
-0.87545
-0.88732
-0.91709
-0.93189
-0.92023
-0.90988
-0.91643
-0.93635
-0.94778
-0.93831
-0.92423
-0.93178
-0.95639
-0.9662
-0.95633
-0.94875
-0.96023
-0.9778
-0.98414
-0.97283
-0.96001
-0.96511
-0.9795
-0.97831
-0.95757
-0.94203
-0.94294
-0.94865
-0.94149
-0.9223
-0.90638
-0.90604
-0.91246
-0.90447
-0.88272
-0.86749
-0.86875
-0.8705
-0.85877
-0.83668
-0.8194
-0.81433
-0.81112
-0.79483
-0.76708
-0.74701
-0.7402
-0.73252
-0.71135
-0.68422
-0.66463
-0.65583
-0.64726
-0.62702
-0.60299
-0.58745
-0.573
-0.55066
-0.528
-0.50533
-0.48286
-0.46013
-0.43656
-0.4125
-0.38907
-0.36589
-0.34212
-0.31769
-0.293
-0.26856
-0.24448
-0.22017
-0.19619
-0.17391
-0.15049
-0.12628
-0.10264
-0.080126
-0.05754
-0.033926
-0.010524
0.010938
0.032872
0.055916
0.079707
0.10353
0.1254
0.1472
0.17067
0.19465
0.21694
0.23753
0.25808
0.28
0.30249
0.32375
0.34405
0.36554
0.38688
0.40711
0.42695
0.447
0.46694
0.4862
0.50479
0.52323
0.54147
0.55878
0.57561
0.59236
0.60869
0.62447
0.63969
0.65466
0.6695
0.68393
0.6976
0.71066
0.72352
0.73623
0.74848
0.76008
0.77121
0.78215
0.79283
0.80286
0.81198
0.8208
0.82956
0.83787
0.84535
0.85216
0.85856
0.86449
0.86993
0.87488
0.87925
0.88327
0.88676
0.88978
0.89239
0.89453
0.89608
0.89705
0.89755
0.89765
0.89727
0.89632
0.89485
0.89294
0.89056
0.88759
0.88399
0.87998
0.87562
0.87078
0.86533
0.85936
0.853
0.84616
0.83877
0.8309
0.82262
0.81391
0.80476
0.79519
0.78518
0.77476
0.76392
0.75264
0.74093
0.72882
0.71633
0.70344
0.69018
0.67653
0.6625
0.64811
0.6333
0.61814
0.60271
0.58695
0.57081
0.55434
0.53757
0.52051
0.50311
0.48542
0.46747
0.44928
0.43082
0.41212
0.3932
0.37408
0.35474
0.33519
0.31544
0.29552
0.27546
0.25523
0.23485
0.21433
0.1937
0.17295
0.15208
0.13111
0.11008
0.089001
0.067856
0.046656
0.025427
0.0041797
-0.017091
-0.038368
-0.059617
-0.080829
-0.10201
