0.81657
0.82586
0.83467
0.84298
0.8508
0.85813
0.86493
0.87108
0.87659
0.88189
0.88662
0.89062
0.89442
0.89748
0.89995
0.90213
0.90339
0.90423
0.9049
0.90441
0.90357
0.90238
0.90056
0.89812
0.89536
0.89185
0.88782
0.88352
0.87851
0.87277
0.86657
0.85989
0.85262
0.8449
0.83662
0.82789
0.81868
0.80895
0.7988
0.78816
0.77701
0.76542
0.75329
0.74071
0.72779
0.71431
0.70039
0.68613
0.67147
0.65636
0.64092
0.62505
0.60879
0.59223
0.5753
0.55793
0.54022
0.5222
0.50386
0.48521
0.46627
0.44706
0.4276
0.40787
0.38791
0.36772
0.3473
0.32668
0.30583
0.28479
0.26361
0.24225
0.22073
0.1991
0.17736
0.1555
0.13356
0.11154
0.089443
0.067311
0.045137
0.022908
0.00065081
-0.021605
-0.04385
-0.066066
-0.088242
-0.11036
-0.13241
-0.15437
-0.17624
-0.198
-0.21964
-0.24115
-0.26252
-0.28373
-0.30477
-0.32563
-0.34629
-0.36674
-0.38697
-0.40696
-0.4267
-0.44619
-0.4654
-0.48433
-0.50297
-0.52131
-0.53935
-0.55706
-0.57444
-0.59147
-0.60814
-0.62444
-0.64036
-0.65589
-0.67103
-0.68576
-0.70007
-0.71396
-0.72742
-0.74045
-0.75302
-0.76515
-0.77681
-0.788
-0.79871
-0.80894
-0.81867
-0.8279
-0.83662
-0.84486
-0.49795
-0.51393
-1.32
-1.3079
-1.2946
-1.2813
-1.2697
-1.2557
-1.4082
-1.3859
-1.0124
-0.9954
-1.1605
-1.1572
-0.82339
-0.76003
-0.71427
-0.73453
-0.87557
-0.80179
-0.64768
-0.46747
-0.81236
-0.84289
-0.78844
-0.75163
-0.82087
-0.86431
-0.87076
-0.73694
-0.54957
-0.55671
-0.65222
-0.84273
-0.63806
-0.58504
-0.57342
-0.63812
-0.67838
-0.65577
-0.61703
-0.68887
-0.84553
-0.86161
-0.78982
-0.59005
-0.64172
-0.6841
-0.6429
-0.52779
-0.42545
-0.37338
-0.38793
-0.37208
-0.23191
-0.14154
-0.17916
-0.28501
-0.25683
-0.17122
-0.18028
-0.24097
-0.3273
-0.3721
-0.31279
-0.22377
-0.26888
-0.30034
-0.22026
-0.11166
-0.075737
-0.10599
-0.099254
-0.063283
0.043746
0.12952
0.10076
0.033451
0.082152
0.1494
0.1319
0.093077
0.078046
0.11818
0.17952
0.22764
0.18285
0.15311
0.22026
0.3165
0.33635
0.31026
0.32677
0.36903
0.42684
0.44792
0.41263
0.37924
0.42905
0.48105
0.45936
0.41057
0.40196
0.4517
0.49693
0.51764
0.50128
0.50087
0.55891
0.62521
0.62851
0.6057
0.63198
0.68685
0.73106
0.72222
0.69399
0.68035
0.7118
0.74304
0.72471
0.68562
0.68804
0.72907
0.74417
0.73142
0.70981
0.72055
0.76083
0.79686
0.78899
0.76502
0.77946
0.82096
0.83925
0.81676
0.79929
0.80118
0.82247
0.82985
0.80516
0.77357
0.7791
0.80964
0.81329
0.78828
0.76921
0.78051
0.80036
0.80829
0.79027
0.76981
0.77793
0.79962
0.79395
0.75905
0.73757
0.73945
0.74717
0.73563
0.7063
0.67972
0.67885
0.68952
0.67706
0.64576
0.62847
0.63672
0.6427
0.63085
0.6047
0.58611
0.58749
0.59257
0.5751
0.53966
0.51811
0.51534
0.50938
0.48347
0.45061
0.42812
0.42243
0.41741
0.39362
0.35973
0.34062
0.34026
0.33391
0.31035
0.28121
0.26421
0.25851
0.24883
0.22287
0.18947
0.16982
0.16327
0.14958
0.11878
0.086912
0.067933
0.058757
0.044225
0.01695
-0.012671
-0.0297
-0.035732
-0.049874
-0.077708
-0.10506
-0.11931
-0.12795
-0.14447
-0.1721
-0.20024
-0.21698
-0.23018
-0.25211
-0.27533
-0.29084
-0.30618
-0.32165
-0.33743
-0.35303
-0.36786
-0.38224
-0.39728
-0.41254
-0.42721
-0.44117
-0.4548
-0.46861
-0.48264
-0.49631
-0.51012
-0.52546
-0.53944
-0.5524
-0.56567
-0.57978
-0.59352
-0.60591
-0.61817
-0.63201
-0.64498
-0.65644
-0.66673
-0.67653
-0.6878
-0.69867
-0.70736
-0.715
-0.72377
-0.73369
-0.74305
-0.75046
-0.75667
-0.76347
-0.77058
-0.77583
-0.78054
-0.78565
-0.79043
-0.79427
-0.79747
-0.80058
-0.80358
-0.80595
-0.8077
-0.80958
-0.81111
-0.81189
-0.81223
-0.81227
-0.812
-0.81111
-0.80945
-0.80732
-0.80504
-0.80246
-0.79916
-0.79511
-0.79059
-0.78579
-0.78052
-0.77451
-0.76782
-0.76084
-0.75382
-0.74615
-0.73759
-0.72854
-0.71937
-0.70992
-0.69994
-0.68948
-0.67858
-0.66724
-0.65553
-0.64326
-0.63059
-0.61747
-0.60384
-0.58979
-0.57543
-0.56076
-0.54567
-0.53012
-0.51418
-0.49795
-0.48141
-0.46448
-0.44719
-0.42968
-0.412
-0.39396
-0.37549
-0.35675
-0.33787
-0.31878
-0.29937
-0.27974
-0.25999
-0.24004
-0.21987
-0.19948
-0.17893
-0.1582
-0.13733
-0.11632
-0.095185
-0.073969
-0.052684
-0.031317
-0.0098785
0.011609
0.033134
0.054677
0.076218
0.097745
0.11919
0.1406
0.16202
0.18338
0.20462
0.22573
0.24675
0.26765
0.28838
0.30893
0.32934
0.34958
0.36963
0.38947
0.4091
0.42852
0.4477
0.4666
0.48523
0.50358
0.52166
0.53944
0.55689
0.574
0.59078
0.60721
0.62325
0.63891
0.65421
0.66913
0.68363
0.6977
0.71135
0.72457
0.73733
0.74963
0.76148
0.77287
0.78377
