0.81645
0.82577
0.83412
0.8424
0.85049
0.85796
0.86446
0.87078
0.87691
0.88204
0.88651
0.89079
0.89483
0.89761
0.9
0.9022
0.90405
0.90452
0.90481
0.90492
0.9042
0.90305
0.90091
0.89856
0.89598
0.89245
0.88821
0.88378
0.87909
0.87323
0.86695
0.86049
0.85367
0.84565
0.8376
0.82896
0.81962
0.80993
0.79991
0.78923
0.77795
0.76639
0.75447
0.74184
0.72877
0.71544
0.7017
0.6874
0.6726
0.65746
0.64207
0.62624
0.60985
0.59322
0.57635
0.559
0.54121
0.52324
0.50505
0.48635
0.46744
0.44828
0.42876
0.40901
0.38908
0.36889
0.34839
0.32773
0.30694
0.28591
0.26465
0.24329
0.22184
0.20019
0.17839
0.15647
0.13453
0.11251
0.090353
0.068153
0.045977
0.023752
0.0014452
-0.020822
-0.043022
-0.065243
-0.087441
-0.10955
-0.13163
-0.15363
-0.17551
-0.19728
-0.21896
-0.24051
-0.26188
-0.2831
-0.30418
-0.32506
-0.34572
-0.36618
-0.38644
-0.40648
-0.42624
-0.44574
-0.46499
-0.48396
-0.50262
-0.52097
-0.53904
-0.55677
-0.57414
-0.59117
-0.60786
-0.62417
-0.64011
-0.65567
-0.67082
-0.68557
-0.6999
-0.71382
-0.7273
-0.74033
-0.75293
-0.76507
-0.77674
-0.78794
-0.79867
-0.80892
-0.81868
-0.47987
-1.2687
-1.2395
-0.90605
-0.87937
-1.089
-1.2425
-1.089
-0.91799
-0.97932
-1.1143
-1.11
-0.99918
-0.95573
-1.0247
-1.0692
-1.0269
-0.96813
-0.97277
-1.0326
-1.0215
-0.97887
-0.96228
-0.97175
-0.96198
-0.7063
-0.64565
-0.48348
-0.6992
-0.73496
-0.71092
-0.58993
-0.56864
-0.64231
-0.68553
-0.63712
-0.57506
-0.57863
-0.71357
-0.70763
-0.65448
-0.61721
-0.61883
-0.66026
-0.62428
-0.55962
-0.53487
-0.56318
-0.57262
-0.55491
-0.53575
-0.53525
-0.50836
-0.43561
-0.37167
-0.38897
-0.42057
-0.41942
-0.34883
-0.30331
-0.30789
-0.33734
-0.32388
-0.26518
-0.22403
-0.23661
-0.24323
-0.2163
-0.17191
-0.14213
-0.14909
-0.14046
-0.10859
-0.065157
-0.038071
-0.032322
-0.030446
-0.017749
0.0054852
0.033169
0.055777
0.08245
0.10254
0.11365
0.12028
0.14231
0.17624
0.20711
0.2153
0.22797
0.25349
0.2888
0.31018
0.31339
0.31813
0.34194
0.3711
0.38497
0.38838
0.39765
0.42482
0.44945
0.4606
0.46287
0.47063
0.48849
0.50987
0.52508
0.53805
0.55212
0.56563
0.57493
0.58533
0.59904
0.61451
0.62729
0.63616
0.64837
0.66425
0.67904
0.6869
0.69126
0.69848
0.71129
0.72252
0.72718
0.72961
0.73752
0.74956
0.75914
0.76193
0.7613
0.76515
0.77403
0.78147
0.78502
0.78626
0.78862
0.79273
0.79522
0.79502
0.79444
0.79543
0.79602
0.79576
0.79518
0.79521
0.79435
0.79101
0.78689
0.7843
0.78256
0.77875
0.77267
0.76664
0.76262
0.75953
0.7532
0.74394
0.73474
0.72776
0.72184
0.71398
0.70389
0.69355
0.68448
0.67524
0.66449
0.65239
0.64036
0.62891
0.61757
0.60554
0.59279
0.57964
0.56617
0.55227
0.53816
0.52397
0.50962
0.49441
0.47882
0.46338
0.44832
0.43275
0.416
0.39827
0.38087
0.36445
0.34779
0.33012
0.31169
0.29364
0.27606
0.25827
0.23946
0.2202
0.20125
0.18291
0.16447
0.14538
0.12591
0.1066
0.087459
0.068198
0.048747
0.029203
0.0096688
-0.0097926
-0.029199
-0.048429
-0.067576
-0.08693
-0.10654
-0.12604
-0.1452
-0.16406
-0.18297
-0.20204
-0.22188
-0.23731
-0.25276
-0.26831
-0.28388
-0.29933
-0.31456
-0.32973
-0.34495
-0.36014
-0.37517
-0.39001
-0.40477
-0.41947
-0.43406
-0.44846
-0.46267
-0.47669
-0.4905
-0.50403
-0.51724
-0.53028
-0.54297
-0.55529
-0.56754
-0.58044
-0.59367
-0.60725
-0.62056
-0.63353
-0.64617
-0.65841
-0.67019
-0.68152
-0.69246
-0.70302
-0.71314
-0.72275
-0.73141
-0.7393
-0.74666
-0.75307
-0.75888
-0.76432
-0.76939
-0.7741
-0.77848
-0.78251
-0.78617
-0.78942
-0.79235
-0.7952
-0.798
-0.80068
-0.80301
-0.80488
-0.80627
-0.80715
-0.80749
-0.80727
-0.8065
-0.80523
-0.80344
-0.8011
-0.79824
-0.79489
-0.79106
-0.78675
-0.78193
-0.7766
-0.77078
-0.76446
-0.75767
-0.75039
-0.74264
-0.73439
-0.7257
-0.71664
-0.70723
-0.69744
-0.68724
-0.67652
-0.66529
-0.65361
-0.64147
-0.62888
-0.61586
-0.60243
-0.5886
-0.57436
-0.55972
-0.5447
-0.5293
-0.51354
-0.49742
-0.48095
-0.46413
-0.44697
-0.42949
-0.41171
-0.39362
-0.37523
-0.35658
-0.3377
-0.31866
-0.29945
-0.28006
-0.26046
-0.24064
-0.2206
-0.20036
-0.17993
-0.15932
-0.13856
-0.11766
-0.096623
-0.075476
-0.054229
-0.032894
-0.011486
0.0099786
0.031489
0.053027
0.074571
0.096101
0.1176
0.13906
0.16045
0.18178
0.203
0.22408
0.24502
0.26581
0.28645
0.30695
0.3273
0.34749
0.3675
0.38733
0.40694
0.42634
0.4455
0.46441
0.48306
0.50143
0.51951
0.53729
0.55475
0.57188
0.58868
0.60512
0.62121
0.63692
0.65224
0.66717
0.68169
0.69578
0.70942
0.72262
0.73538
0.74769
0.75954
0.77095
0.78188
