-0.74748
-0.73465
-0.72087
-0.7071
-0.69325
-0.67885
-0.6636
-0.64827
-0.63287
-0.61666
-0.59995
-0.58319
-0.56634
-0.54854
-0.53053
-0.51248
-0.49427
-0.47514
-0.45599
-0.43682
-0.4172
-0.39744
-0.37702
-0.35667
-0.33638
-0.31556
-0.29438
-0.27331
-0.2523
-0.23064
-0.20892
-0.18732
-0.16571
-0.14352
-0.12161
-0.099577
-0.077282
-0.055077
-0.03297
-0.010704
0.011673
0.033896
0.056012
0.078281
0.10051
0.12254
0.14448
0.16641
0.18833
0.2101
0.2316
0.253
0.2744
0.29554
0.31639
0.33716
0.3578
0.37812
0.39815
0.41808
0.43769
0.457
0.47612
0.49494
0.51338
0.53154
0.54945
0.56698
0.58413
0.60096
0.61747
0.63355
0.64922
0.66453
0.67948
0.69402
0.70809
0.72171
0.73496
0.74776
0.76006
0.77191
0.78334
0.79427
0.80468
0.81465
0.82412
0.83307
0.84155
0.84952
0.85695
0.86386
0.87027
0.87616
0.88149
0.8863
0.89059
0.89433
0.89751
0.90015
0.90227
0.90386
0.90487
0.90533
0.90525
0.90464
0.90346
0.90173
0.89948
0.89668
0.89332
0.88942
0.885
0.88003
0.87454
0.86852
0.86197
0.8549
0.84731
0.83922
0.83061
0.82149
0.81189
0.8018
0.79121
0.78014
0.76861
0.75662
0.74417
0.035147
-0.73098
-0.15241
0.62339
0.34229
-0.34211
-0.3683
0.1618
0.3471
-0.010901
-0.25586
-0.07065
0.18397
0.11896
-0.10198
-0.12136
0.045466
0.11054
-0.0001377
-0.08493
-0.026235
0.049254
0.039898
-0.024916
-0.072743
-0.031503
0.048418
0.16986
-0.013424
-0.12501
-0.11434
0.072307
0.14436
-0.018844
-0.1427
-0.050377
0.094855
0.10854
-0.078644
-0.15483
0.0060176
0.13962
0.027164
-0.13771
-0.078107
0.089944
0.08745
-0.067084
-0.1119
0.024653
0.080921
-0.022681
-0.11213
-0.028715
0.08815
0.046875
-0.083084
-0.098955
0.029335
0.077816
-0.0093543
-0.085038
-0.043273
0.03116
0.025655
-0.023414
-0.046909
-0.022767
0.0096071
0.010926
-0.017356
-0.03538
-0.025312
0.0022477
0.0095377
-0.015322
-0.028112
-0.017516
-0.0058362
-0.0085936
-0.019327
-0.017146
-0.0050196
-0.0021757
-0.019485
-0.030149
-0.016203
0.0085414
0.00038823
-0.029906
-0.034165
-0.0027388
0.015354
-0.011735
-0.039268
-0.024299
0.0087128
0.0075092
-0.024923
-0.036455
-0.010752
0.0078872
-0.0039484
-0.02524
-0.022543
-0.0049485
-0.002642
-0.013435
-0.018097
-0.0093499
-0.0028776
-0.0093603
-0.017419
-0.013753
-0.0043146
-0.0045661
-0.012696
-0.015273
-0.0089774
-0.0019353
-0.00499
-0.012514
-0.013732
-0.0070659
-0.0015759
-0.0046839
-0.011672
-0.012409
-0.0055325
-5.8702e-005
-0.002981
-0.010282
-0.011349
-0.0042148
0.00059426
-0.0034563
-0.0086965
-0.0066492
-0.0011072
-0.00054659
-0.0047459
-0.006263
-0.0026264
0.00026282
-0.0020147
-0.0048754
-0.0025761
0.0013453
0.00080513
-0.0032343
-0.0037037
0.0010715
0.0034021
0.00020382
-0.0030578
-0.0010373
0.0038502
0.0044012
0.00056452
-0.0013547
0.0013207
0.0045999
0.004112
0.0020222
0.001432
0.0032472
0.0048696
0.0046701
0.003492
0.0034001
0.0045202
0.0054351
0.0053122
0.0049196
0.0052644
0.0060155
0.0061372
0.0057829
0.0059445
0.0067668
0.0072995
0.0067845
0.0062743
0.0069836
0.0082306
0.0084519
0.0073606
0.0066799
0.0077331
0.009168
0.0091184
0.007812
0.0075458
0.0087815
0.0098577
0.0092819
0.0082743
0.008388
0.009476
0.0099408
0.009379
0.0089287
0.0092797
0.0098245
0.0097872
0.0094491
0.0094679
0.0097857
0.0098432
0.009585
0.0095018
0.0097968
0.010061
0.0098116
0.0093866
0.0093932
0.0097883
0.0099254
0.0095801
0.012309
0.02239
0.032218
0.042025
0.051657
0.06074
0.069221
0.077347
0.085334
0.093134
0.10057
0.10754
0.11409
0.12037
0.1264
0.13213
0.13745
0.14231
0.14675
0.15101
0.15519
0.15906
0.16264
0.16591
0.16917
0.1739
0.17934
0.18563
0.19166
0.19729
0.20247
0.207
0.21086
0.21415
0.21698
0.21937
0.22124
0.22259
0.22389
0.22507
0.2259
0.22676
0.22724
0.22706
0.22626
0.22487
0.22294
0.22047
0.21742
0.21381
0.20978
0.2059
0.20218
0.19851
0.19452
0.18998
0.18489
0.17918
0.17285
0.16594
0.15855
0.15068
0.14234
0.1335
0.12418
0.1144
0.10419
0.093565
0.082521
0.071059
0.059196
0.04696
0.034394
0.021518
0.0083379
-0.0051401
-0.018843
-0.032549
-0.046085
-0.059504
-0.072979
-0.086621
-0.10048
-0.11463
-0.12906
-0.14375
-0.15867
-0.17378
-0.18904
-0.20447
-0.22003
-0.2357
-0.25144
-0.26723
-0.28307
-0.29894
-0.31483
-0.33071
-0.34654
-0.36231
-0.378
-0.39359
-0.40906
-0.42431
-0.43925
-0.4539
-0.4683
-0.48251
-0.49657
-0.51046
-0.52419
-0.53774
-0.55108
-0.56418
-0.57703
-0.58962
-0.60194
-0.61395
-0.62564
-0.63699
-0.648
-0.65866
-0.66895
-0.67888
-0.68844
-0.6976
-0.70635
-0.71469
-0.72261
-0.73006
-0.73699
-0.7434
-0.74931
-0.75474
-0.75973
-0.76426
-0.76835
-0.77198
-0.77515
-0.77783
-0.78003
-0.78174
-0.78295
-0.78367
-0.78388
-0.78358
-0.78277
-0.78145
-0.77962
-0.77727
-0.77442
-0.77104
-0.76715
-0.76274
-0.75781
-0.75236
-0.74637
-0.73982
-0.73275
-0.72516
-0.71709
-0.70854
-0.69951
-0.69003
