-0.068972
-0.091123
-0.11325
-0.1353
-0.15724
-0.1791
-0.20086
-0.22251
-0.24404
-0.26538
-0.28655
-0.3076
-0.3285
-0.34907
-0.36947
-0.38972
-0.40978
-0.42938
-0.44882
-0.4681
-0.487
-0.50561
-0.52389
-0.54189
-0.55959
-0.5769
-0.59383
-0.61047
-0.62679
-0.64259
-0.65803
-0.67316
-0.68796
-0.70213
-0.71598
-0.72939
-0.74234
-0.75486
-0.76694
-0.77853
-0.78962
-0.80028
-0.81048
-0.82012
-0.82927
-0.83798
-0.84617
-0.85381
-0.86094
-0.86756
-0.87367
-0.87924
-0.88425
-0.88875
-0.89274
-0.89616
-0.89901
-0.90136
-0.9032
-0.90443
-0.90513
-0.90528
-0.90488
-0.90394
-0.90246
-0.90043
-0.89784
-0.89472
-0.89107
-0.88687
-0.88211
-0.87685
-0.87106
-0.86473
-0.85787
-0.85049
-0.84261
-0.83422
-0.82532
-0.81592
-0.80603
-0.79566
-0.78478
-0.77345
-0.76166
-0.7494
-0.73668
-0.72352
-0.70992
-0.69589
-0.68144
-0.66658
-0.65131
-0.63565
-0.61961
-0.60319
-0.5864
-0.56927
-0.55179
-0.53397
-0.51583
-0.49738
-0.47863
-0.45959
-0.44027
-0.42068
-0.40084
-0.38076
-0.36044
-0.33991
-0.31918
-0.29825
-0.27714
-0.25586
-0.23443
-0.21285
-0.19115
-0.16933
-0.14741
-0.12539
-0.10331
-0.081161
-0.05896
-0.036724
-0.01447
0.007794
0.030056
0.0523
0.074511
0.44473
-0.31327
-0.25384
0.10933
0.16507
-0.016093
-0.14185
0.038719
0.23621
0.20062
0.090648
0.11931
0.25371
0.31996
0.27296
0.24974
0.31245
0.39082
0.40497
0.3631
0.39137
0.45025
0.48229
0.48734
0.5107
0.77916
0.85166
1.0247
0.81906
0.7924
0.82464
0.95289
0.98052
0.91218
0.87332
0.92528
0.98983
0.98791
0.85364
0.85932
0.91126
0.94637
0.94162
0.89612
0.92708
0.98584
1.0037
0.96763
0.94948
0.95752
0.96611
0.95513
0.9696
1.0291
1.0788
1.0465
0.99903
0.98344
1.0364
1.0634
1.0395
0.98999
0.98252
1.0195
1.0382
1.0024
0.97181
0.97404
0.99305
0.99673
0.96294
0.9441
0.94786
0.9625
0.96022
0.93596
0.90726
0.88879
0.88026
0.87569
0.86557
0.85903
0.84541
0.82238
0.79442
0.78145
0.77998
0.77509
0.7472
0.72347
0.71231
0.71065
0.69482
0.66058
0.62769
0.61366
0.6048
0.58052
0.54566
0.51659
0.50534
0.49152
0.46417
0.42792
0.39717
0.37657
0.35957
0.3365
0.31127
0.28729
0.26289
0.23447
0.20738
0.18385
0.16231
0.13837
0.11079
0.086863
0.066928
0.046283
0.019095
-0.011191
-0.038214
-0.059186
-0.081288
-0.10944
-0.1393
-0.16318
-0.18234
-0.20337
-0.2307
-0.26084
-0.28589
-0.30528
-0.32545
-0.34885
-0.37389
-0.39709
-0.41783
-0.43944
-0.463
-0.48612
-0.50693
-0.52738
-0.54787
-0.5679
-0.58644
-0.60509
-0.62537
-0.64555
-0.66334
-0.67942
-0.69665
-0.71527
-0.73291
-0.74761
-0.76052
-0.77575
-0.79298
-0.80923
-0.82236
-0.83349
-0.8456
-0.85901
-0.8717
-0.88218
-0.89192
-0.90216
-0.91282
-0.92243
-0.93058
-0.93764
-0.94447
-0.95107
-0.95717
-0.96265
-0.9676
-0.97185
-0.97527
-0.97799
-0.9806
-0.98268
-0.98376
-0.98361
-0.98307
-0.98286
-0.98283
-0.98159
-0.97859
-0.97498
-0.97157
-0.96819
-0.96361
-0.95777
-0.95143
-0.94536
-0.93908
-0.93171
-0.92308
-0.91389
-0.90471
-0.89524
-0.885
-0.87398
-0.86251
-0.8507
-0.8384
-0.82554
-0.81214
-0.79822
-0.78363
-0.76851
-0.75317
-0.73769
-0.72171
-0.70505
-0.68774
-0.67015
-0.65245
-0.63525
-0.61337
-0.59129
-0.56913
-0.54678
-0.52414
-0.50114
-0.47798
-0.45478
-0.43147
-0.40796
-0.38426
-0.36048
-0.33668
-0.31281
-0.28886
-0.26478
-0.24062
-0.21638
-0.19204
-0.16755
-0.1431
-0.11856
-0.0939
-0.06943
-0.045938
-0.023085
-0.00092545
0.021124
0.043124
0.065055
0.086967
0.10889
0.13079
0.15259
0.17426
0.19583
0.21737
0.23928
0.26137
0.28337
0.30571
0.32801
0.35003
0.37176
0.39314
0.41416
0.43481
0.45509
0.47502
0.49452
0.5133
0.53136
0.54873
0.56562
0.58215
0.59832
0.61417
0.62969
0.6449
0.65978
0.67427
0.6884
0.70217
0.71554
0.72848
0.74099
0.75305
0.76469
0.7759
0.78667
0.797
0.80686
0.81625
0.82518
0.83364
0.84161
0.84899
0.85577
0.862
0.86769
0.87295
0.87779
0.88215
0.88605
0.88946
0.89239
0.89481
0.89673
0.89816
0.8991
0.89954
0.89948
0.89892
0.89786
0.89631
0.89428
0.89177
0.88876
0.88527
0.8813
0.87685
0.87191
0.86645
0.86043
0.85386
0.84677
0.83921
0.83121
0.82278
0.81392
0.80464
0.79494
0.78481
0.77427
0.76331
0.75196
0.7402
0.72804
0.7155
0.70258
0.68928
0.67561
0.66158
0.64717
0.6324
0.61728
0.60181
0.58599
0.56983
0.55331
0.53645
0.51926
0.50177
0.484
0.46598
0.44772
0.42922
0.41049
0.39154
0.37238
0.35302
0.33346
0.31372
0.2938
0.27372
0.25348
0.2331
0.21259
0.19196
0.17121
0.15037
0.12944
0.10843
0.087348
0.066209
0.045013
0.023768
0.002492
-0.018794
-0.040069
-0.061318
-0.082528
-0.10369
