-0.74751
-0.7346
-0.72132
-0.70769
-0.6935
-0.67894
-0.66404
-0.64864
-0.63276
-0.61659
-0.60024
-0.58325
-0.56614
-0.54858
-0.53064
-0.51262
-0.49395
-0.4752
-0.45628
-0.43679
-0.41719
-0.3974
-0.37719
-0.35698
-0.33633
-0.31553
-0.29468
-0.27355
-0.25225
-0.23073
-0.20909
-0.18733
-0.16549
-0.14352
-0.12141
-0.099278
-0.077181
-0.054922
-0.032691
-0.010468
0.011844
0.034059
0.056314
0.078524
0.10061
0.12271
0.14475
0.16663
0.18849
0.21018
0.23175
0.25326
0.27449
0.29563
0.31658
0.33736
0.35796
0.37831
0.39844
0.41832
0.43798
0.45736
0.47642
0.49522
0.51372
0.53188
0.54975
0.56727
0.58444
0.60128
0.61773
0.63381
0.64953
0.66484
0.67975
0.69425
0.70832
0.72199
0.7352
0.74797
0.7603
0.77217
0.78358
0.79451
0.80496
0.81491
0.8244
0.83338
0.84183
0.84978
0.85722
0.86413
0.87053
0.8764
0.88174
0.88655
0.89081
0.89453
0.89773
0.90038
0.90248
0.90403
0.90504
0.90551
0.90542
0.90479
0.90362
0.90189
0.89963
0.89682
0.89347
0.88958
0.88515
0.88019
0.87469
0.86866
0.86211
0.85502
0.84743
0.83932
0.83071
0.82159
0.81198
0.80187
0.79128
0.78021
0.76867
0.75667
0.7442
0.73128
0.71792
0.70413
0.68992
-0.034826
-0.032366
-0.030052
-0.79839
-0.76873
-0.74011
-0.71075
-0.67559
-0.64717
-0.59246
-0.27661
-0.26001
0.12089
0.12418
0.1202
0.45552
0.36171
0.48236
0.54209
0.58081
0.49381
0.43186
0.24265
0.21125
-0.021694
-0.10297
-0.10226
-0.4222
-0.42964
-0.24127
-0.32342
-0.27665
-0.3266
-0.27186
-0.23401
-0.22669
-0.097943
0.047557
0.040648
0.16961
0.22939
0.16964
0.31977
0.18328
0.0676
0.042749
-0.052171
-0.032796
-0.080553
-0.14438
-0.14477
-0.21964
-0.29047
-0.20563
-0.24036
-0.1887
-0.1431
-0.15646
-0.053248
0.010614
0.070822
0.14927
0.14885
0.12113
0.14735
0.070845
0.099169
0.05578
-0.051686
-0.078777
-0.14269
-0.16029
-0.17073
-0.23101
-0.25509
-0.26844
-0.30039
-0.24365
-0.18071
-0.1412
-0.058849
-0.050957
0.012539
0.076888
0.09047
0.12403
0.127
0.10189
0.10283
0.075236
0.057652
0.041034
-0.037478
-0.095579
-0.14076
-0.18789
-0.18569
-0.216
-0.23161
-0.21801
-0.22331
-0.18809
-0.12946
-0.097989
-0.049236
-0.029288
-0.0062424
0.048149
0.073785
0.093426
0.10405
0.081319
0.077471
0.057374
0.02993
0.016862
-0.028506
-0.08137
-0.10676
-0.13492
-0.13039
-0.12784
-0.14569
-0.13242
-0.12856
-0.11245
-0.070159
-0.044262
-0.014491
0.0091901
0.017823
0.050031
0.074971
0.077788
0.082057
0.059614
0.040676
0.031061
0.0097023
0.0014925
-0.017524
-0.049949
-0.06607
-0.075461
-0.073878
-0.062228
-0.064932
-0.059425
-0.045134
-0.031359
-0.0016349
0.023661
0.040748
0.056288
0.058645
0.066862
0.080513
0.079538
0.073267
0.057815
0.038134
0.028735
0.016542
0.0055631
-0.0032478
-0.020899
-0.032994
-0.035236
-0.030843
-0.017042
-0.0084404
-0.0023522
0.011572
0.026034
0.045214
0.0647
0.075118
0.08222
0.083484
0.083146
0.088049
0.087151
0.078633
0.065518
0.048376
0.036709
0.028512
0.019421
0.012893
0.0039991
-0.0034818
-0.0028139
0.003178
0.014433
0.024958
0.030894
0.03952
0.050922
0.063516
0.076699
0.084136
0.086662
0.086275
0.083157
0.082296
0.080419
0.072845
0.061526
0.047971
0.037349
0.031654
0.026544
0.02191
0.025728
0.020271
0.018948
0.028291
0.039016
0.051822
0.065487
0.078049
0.087165
0.094132
0.10199
0.11174
0.12157
0.12917
0.13386
0.13742
0.14263
0.14991
0.15367
0.15589
0.16022
0.16639
0.17272
0.17812
0.18129
0.18343
0.18969
0.19741
0.20469
0.21011
0.21565
0.22307
0.23152
0.23854
0.24234
0.24388
0.2455
0.24846
0.25214
0.25488
0.25525
0.25352
0.25241
0.25361
0.25319
0.25099
0.24895
0.24793
0.24706
0.24514
0.24144
0.23643
0.23236
0.22958
0.22618
0.22196
0.21731
0.21254
0.2076
0.20208
0.19555
0.18798
0.17983
0.17155
0.16307
0.15394
0.14385
0.13297
0.1219
0.1108
0.099085
0.086532
0.073802
0.061329
0.048852
0.035897
0.022163
0.0078117
-0.0063369
-0.019829
-0.033388
-0.047457
-0.061737
-0.075895
-0.090096
-0.10457
-0.11944
-0.13471
-0.15023
-0.16583
-0.1815
-0.19736
-0.21353
-0.22993
-0.24636
-0.26265
-0.27895
-0.29552
-0.31215
-0.32849
-0.34447
-0.36031
-0.37626
-0.39235
-0.40827
-0.4237
-0.43875
-0.45365
-0.46841
-0.48296
-0.49728
-0.51138
-0.52533
-0.53917
-0.55284
-0.56626
-0.57936
-0.59218
-0.60477
-0.61713
-0.62918
-0.64083
-0.6521
-0.66306
-0.6737
-0.6839
-0.69355
-0.70271
-0.71151
-0.72
-0.72809
-0.73562
-0.74255
-0.749
-0.755
-0.76053
-0.76557
-0.77014
-0.77426
-0.77796
-0.7812
-0.78395
-0.78618
-0.7879
-0.78916
-0.78995
-0.79024
-0.78999
-0.78919
-0.78789
-0.78611
-0.78379
-0.78088
-0.77739
-0.77339
-0.76892
-0.76396
-0.75844
-0.75234
-0.74569
-0.73854
-0.73089
-0.72274
-0.7141
-0.70498
-0.69542
