-0.069075
-0.091237
-0.11333
-0.13536
-0.1573
-0.17915
-0.20089
-0.22251
-0.24397
-0.26532
-0.28653
-0.30754
-0.32841
-0.34904
-0.36946
-0.38973
-0.40965
-0.42941
-0.44874
-0.4679
-0.48679
-0.50536
-0.52366
-0.54166
-0.55932
-0.57665
-0.59366
-0.61028
-0.62655
-0.64236
-0.65781
-0.67288
-0.68753
-0.70177
-0.71558
-0.72897
-0.74194
-0.75446
-0.76652
-0.77814
-0.78926
-0.79992
-0.81009
-0.81977
-0.82892
-0.83757
-0.84572
-0.85338
-0.86053
-0.86716
-0.87325
-0.87883
-0.8839
-0.88841
-0.89238
-0.89579
-0.89866
-0.90099
-0.90278
-0.90402
-0.90471
-0.90487
-0.90449
-0.90356
-0.90207
-0.90005
-0.89748
-0.89437
-0.89073
-0.88652
-0.88181
-0.87651
-0.87069
-0.86438
-0.85754
-0.85018
-0.8423
-0.8339
-0.82503
-0.81565
-0.80578
-0.7954
-0.78452
-0.77318
-0.76139
-0.74912
-0.73641
-0.72326
-0.70967
-0.69565
-0.6812
-0.66634
-0.65109
-0.63544
-0.61941
-0.603
-0.58622
-0.56908
-0.55159
-0.53378
-0.51565
-0.4972
-0.47846
-0.45942
-0.44011
-0.42054
-0.40071
-0.38063
-0.36031
-0.33978
-0.31905
-0.29812
-0.27701
-0.25574
-0.23431
-0.21274
-0.19104
-0.16923
-0.14731
-0.12531
-0.10323
-0.081081
-0.058885
-0.036651
-0.014393
0.0078713
0.030129
0.052368
0.074575
0.096727
0.11882
0.14085
0.1628
0.53971
0.55268
0.5654
-0.1927
-0.15293
-0.11308
-0.07404
-0.037228
0.0013729
0.026091
-0.089761
-0.043967
0.36129
0.38209
0.40621
0.24505
0.31415
0.69045
0.79981
1.0441
1.0595
1.0308
0.88278
0.8876
0.99462
1.0331
1.008
0.67471
0.64818
0.83682
0.90267
0.95066
0.82319
0.78024
0.54386
0.58051
0.65993
0.8306
0.83733
0.75335
0.72946
0.81679
1.0475
1.0358
0.9697
0.92949
0.84251
0.89765
0.98622
1.1523
1.1736
1.0493
0.96391
1.0042
1.1014
1.1361
1.061
0.98179
0.95574
0.94964
1.013
1.1179
1.1083
0.98913
0.8834
0.85402
0.97124
0.99395
0.93466
0.8724
0.82629
0.83194
0.85588
0.90849
0.90784
0.80614
0.69861
0.69799
0.79019
0.85051
0.85058
0.77605
0.75459
0.75317
0.76803
0.80981
0.80694
0.73817
0.63802
0.61275
0.66516
0.70132
0.65964
0.56397
0.48594
0.4454
0.44593
0.44185
0.43388
0.3784
0.28377
0.25408
0.29424
0.33919
0.32709
0.25629
0.20285
0.19457
0.21061
0.2358
0.24254
0.2015
0.13445
0.085736
0.097461
0.12856
0.098687
0.017281
-0.056369
-0.097311
-0.095372
-0.093506
-0.1106
-0.15416
-0.22894
-0.28124
-0.28082
-0.2537
-0.25778
-0.30987
-0.3688
-0.38626
-0.3751
-0.36192
-0.36257
-0.39873
-0.45104
-0.49449
-0.50284
-0.47893
-0.48194
-0.52964
-0.58874
-0.62136
-0.6217
-0.61525
-0.62664
-0.6575
-0.70236
-0.74103
-0.74495
-0.72548
-0.71712
-0.74414
-0.79188
-0.81635
-0.81118
-0.79932
-0.80008
-0.8219
-0.85613
-0.88418
-0.89087
-0.87565
-0.86605
-0.88757
-0.92653
-0.95171
-0.94822
-0.93084
-0.92527
-0.93638
-0.95634
-0.97322
-0.97063
-0.9502
-0.93236
-0.9363
-0.95979
-0.97567
-0.96669
-0.94575
-0.93346
-0.93844
-0.95443
-0.96673
-0.96521
-0.94893
-0.93073
-0.92987
-0.94488
-0.95532
-0.94523
-0.91957
-0.89858
-0.89255
-0.89492
-0.89448
-0.88179
-0.8559
-0.82841
-0.81333
-0.8133
-0.81392
-0.79859
-0.77034
-0.74526
-0.7338
-0.73274
-0.72985
-0.71669
-0.69317
-0.66662
-0.65324
-0.64765
-0.63615
-0.61452
-0.5938
-0.5733
-0.55161
-0.52843
-0.50484
-0.48209
-0.46075
-0.43939
-0.4165
-0.39217
-0.3674
-0.3431
-0.32058
-0.29869
-0.27367
-0.24691
-0.22119
-0.19792
-0.17586
-0.15298
-0.12767
-0.10103
-0.076926
-0.054529
-0.031251
-0.0094337
0.011844
0.034098
0.057424
0.080626
0.10263
0.12364
0.14432
0.16556
0.18789
0.21096
0.2336
0.25497
0.27602
0.29788
0.32027
0.34309
0.36552
0.38696
0.40744
0.42742
0.44751
0.46781
0.48731
0.50566
0.52352
0.54096
0.55782
0.57416
0.59021
0.60617
0.62201
0.63752
0.65244
0.66681
0.68088
0.69485
0.70867
0.72214
0.73504
0.7471
0.75879
0.77057
0.7821
0.79284
0.80261
0.81169
0.82049
0.82921
0.83749
0.84497
0.85174
0.85789
0.86353
0.86882
0.87364
0.87802
0.88205
0.8857
0.88883
0.89134
0.89329
0.89481
0.89597
0.89675
0.89698
0.89659
0.89565
0.89435
0.89264
0.89035
0.88742
0.88393
0.87999
0.87567
0.87088
0.86548
0.85948
0.853
0.84605
0.83859
0.83064
0.82229
0.81357
0.80447
0.79492
0.78489
0.7744
0.76352
0.7523
0.74074
0.72876
0.71632
0.70345
0.69026
0.67674
0.66281
0.64845
0.63369
0.61858
0.60317
0.58743
0.5713
0.55479
0.53796
0.52083
0.5034
0.48567
0.46768
0.44945
0.43101
0.41235
0.39345
0.37431
0.35497
0.33544
0.31576
0.29591
0.27587
0.25566
0.23531
0.21484
0.19424
0.1735
0.15264
0.13168
0.11067
0.089588
0.06844
0.047217
0.02595
0.0046644
-0.016631
-0.037927
-0.059202
-0.080436
-0.10161
