0.81659
0.82584
0.83466
0.84305
0.8508
0.85809
0.86493
0.87115
0.87673
0.88191
0.88677
0.89079
0.89455
0.89763
0.9001
0.90235
0.90359
0.90461
0.90502
0.90469
0.90398
0.90276
0.90085
0.89864
0.89565
0.89218
0.88835
0.88384
0.8788
0.87309
0.8669
0.86021
0.85302
0.84529
0.83698
0.82825
0.81912
0.80938
0.79921
0.78861
0.77741
0.76586
0.75377
0.74125
0.72832
0.71486
0.70097
0.68674
0.67203
0.65697
0.6415
0.62557
0.60941
0.59278
0.5758
0.55843
0.54071
0.52267
0.50435
0.4857
0.46673
0.44752
0.42807
0.40834
0.38835
0.36818
0.34773
0.3271
0.30628
0.28524
0.26408
0.2427
0.22116
0.19954
0.17779
0.15592
0.13398
0.11191
0.089826
0.06768
0.045483
0.02323
0.0009443
-0.021321
-0.043569
-0.065795
-0.087985
-0.11012
-0.13217
-0.15413
-0.17602
-0.19779
-0.21944
-0.24096
-0.26233
-0.28355
-0.30459
-0.32546
-0.34614
-0.3666
-0.38683
-0.40683
-0.42658
-0.44609
-0.46532
-0.48425
-0.50291
-0.52126
-0.53932
-0.55704
-0.57443
-0.59146
-0.60814
-0.62445
-0.64038
-0.65592
-0.67106
-0.6858
-0.70012
-0.71402
-0.72748
-0.74051
-0.75309
-0.76522
-0.77689
-0.78808
-0.7988
-0.80903
-0.81878
-0.82801
-0.83674
-0.84498
-0.85271
-0.50488
-0.52031
-0.53535
-1.3206
-1.3072
-1.2931
-1.2791
-1.2666
-1.2515
-1.2496
-1.3875
-1.3629
-0.97801
-0.97682
-0.97145
-1.1505
-1.0985
-0.73846
-0.64449
-0.41466
-0.4129
-0.4543
-0.61419
-0.62032
-0.52331
-0.49392
-0.52719
-0.86767
-0.90045
-0.71715
-0.65572
-0.6112
-0.74121
-0.7857
-1.0228
-0.98584
-0.9052
-0.7323
-0.72236
-0.80225
-0.82111
-0.72775
-0.4902
-0.49401
-0.55139
-0.5819
-0.65824
-0.59159
-0.49064
-0.31126
-0.27583
-0.38505
-0.45454
-0.39755
-0.28261
-0.22939
-0.28522
-0.34431
-0.34947
-0.33386
-0.24803
-0.11998
-0.10557
-0.20003
-0.28028
-0.28349
-0.13945
-0.089212
-0.12038
-0.15386
-0.17055
-0.1349
-0.080333
0.0034527
0.034497
-0.034956
-0.10979
-0.077228
0.048661
0.1431
0.17776
0.13821
0.1521
0.1864
0.23732
0.31545
0.34924
0.3174
0.25446
0.26665
0.35671
0.43074
0.42706
0.36954
0.32978
0.3276
0.36656
0.40095
0.43147
0.41449
0.35831
0.36706
0.44559
0.52881
0.55489
0.52214
0.50658
0.53601
0.58954
0.652
0.69575
0.69143
0.66078
0.64815
0.69563
0.76215
0.76732
0.72057
0.68113
0.67397
0.70922
0.74391
0.75912
0.74733
0.70375
0.68206
0.71253
0.76909
0.79383
0.76994
0.73856
0.74799
0.78535
0.82402
0.84817
0.83606
0.80704
0.7861
0.79947
0.84431
0.86143
0.83306
0.79249
0.77757
0.79408
0.81651
0.82023
0.80363
0.77214
0.74592
0.75353
0.78362
0.80169
0.78347
0.74359
0.72607
0.73726
0.75421
0.75758
0.73897
0.70701
0.68028
0.67396
0.68859
0.69665
0.67265
0.63026
0.60072
0.59892
0.61007
0.60849
0.58929
0.56032
0.53353
0.52528
0.53397
0.53916
0.52169
0.48377
0.4526
0.44542
0.44935
0.44379
0.42015
0.38466
0.35205
0.33248
0.32688
0.32241
0.29986
0.26068
0.22536
0.20984
0.2092
0.20322
0.18161
0.15095
0.12248
0.10563
0.1014
0.098178
0.081997
0.050208
0.017258
-0.00025633
-0.0053246
-0.014022
-0.036777
-0.070359
-0.10251
-0.12476
-0.13701
-0.14655
-0.1696
-0.20075
-0.22621
-0.24184
-0.25857
-0.27573
-0.2919
-0.30671
-0.32125
-0.33675
-0.35373
-0.37079
-0.38637
-0.40052
-0.41424
-0.42839
-0.44426
-0.46073
-0.47394
-0.48529
-0.49754
-0.51206
-0.52763
-0.54214
-0.55399
-0.56426
-0.57678
-0.59072
-0.60344
-0.61729
-0.63131
-0.64396
-0.65514
-0.666
-0.67762
-0.68976
-0.70173
-0.71264
-0.72194
-0.72995
-0.73783
-0.74638
-0.75465
-0.7615
-0.76718
-0.77177
-0.77606
-0.78067
-0.78552
-0.79016
-0.79394
-0.79678
-0.79965
-0.80289
-0.80583
-0.80839
-0.81071
-0.81274
-0.81419
-0.81491
-0.81488
-0.81432
-0.81346
-0.81228
-0.8105
-0.80793
-0.80459
-0.8007
-0.79644
-0.79211
-0.78722
-0.7813
-0.77469
-0.76794
-0.7612
-0.75422
-0.74655
-0.73804
-0.72901
-0.71984
-0.71043
-0.70069
-0.69052
-0.67977
-0.66854
-0.65683
-0.64454
-0.63171
-0.61847
-0.60495
-0.59108
-0.57675
-0.56188
-0.54652
-0.53083
-0.51491
-0.49867
-0.48195
-0.46481
-0.44743
-0.42988
-0.41209
-0.39397
-0.37545
-0.35665
-0.33773
-0.31867
-0.29938
-0.27986
-0.26017
-0.24029
-0.22019
-0.19982
-0.17921
-0.15845
-0.13761
-0.11666
-0.095569
-0.074294
-0.052865
-0.031365
-0.0098731
0.011634
0.033233
0.054906
0.076549
0.098109
0.1196
0.14106
0.16251
0.18389
0.20513
0.22621
0.24717
0.26801
0.28869
0.30922
0.32958
0.34979
0.36985
0.38973
0.40938
0.42879
0.44795
0.46688
0.48557
0.504
0.52211
0.5399
0.55737
0.57454
0.59136
0.6078
0.62385
0.63952
0.65483
0.66974
0.68424
0.69829
0.7119
0.72508
0.73782
0.75009
0.76192
0.77328
0.78419
