-0.74749
-0.73466
-0.72138
-0.70721
-0.69311
-0.67893
-0.66378
-0.6483
-0.63274
-0.61681
-0.60004
-0.58321
-0.56631
-0.54857
-0.53058
-0.51254
-0.49417
-0.47513
-0.45606
-0.43697
-0.41734
-0.39725
-0.37702
-0.35687
-0.33638
-0.31537
-0.29447
-0.2736
-0.25206
-0.23053
-0.20912
-0.18737
-0.16556
-0.14353
-0.12157
-0.099591
-0.077333
-0.055092
-0.032953
-0.010705
0.011656
0.03387
0.05603
0.078308
0.10049
0.12249
0.14451
0.16646
0.18837
0.21004
0.23156
0.2531
0.27441
0.29544
0.31642
0.33727
0.35777
0.37806
0.3982
0.4181
0.43771
0.45701
0.47611
0.49494
0.5134
0.53156
0.54946
0.56699
0.58414
0.60099
0.61748
0.63356
0.64925
0.66458
0.67953
0.69403
0.70808
0.72176
0.73501
0.74775
0.76007
0.77197
0.78337
0.79426
0.80471
0.81469
0.82416
0.83311
0.84156
0.84954
0.85698
0.86389
0.8703
0.87619
0.88152
0.88633
0.89062
0.89435
0.89753
0.90019
0.90231
0.90388
0.90489
0.90536
0.90529
0.90466
0.90348
0.90177
0.89951
0.89669
0.89334
0.88946
0.88503
0.88006
0.87456
0.86854
0.86199
0.85492
0.84733
0.83924
0.83062
0.82151
0.81191
0.80181
0.79122
0.78016
0.76863
0.75664
0.74417
0.73126
0.020045
-0.7565
-0.72475
-0.56224
-0.050943
0.28381
0.73366
0.56585
0.35879
-0.024447
-0.3516
-0.43335
-0.37821
-0.067624
0.18376
0.39998
0.35229
0.23933
-0.037823
-0.22578
-0.30119
-0.25119
-0.077224
-0.061582
0.24538
0.22031
0.11987
0.092092
0.024591
-0.20428
-0.1266
-0.08391
-0.055171
-0.044903
0.03548
0.127
0.048988
0.05155
-0.022513
-0.07256
-0.092558
-0.082517
-0.049089
-0.012855
0.010809
0.047657
0.06315
0.024416
-0.0065408
-0.057991
-0.10798
-0.12227
-0.065337
-0.019332
0.033437
0.082001
0.10522
0.03308
-0.035423
-0.092416
-0.13763
-0.14505
-0.067261
0.030504
0.069364
0.090512
0.063847
-0.013728
-0.09832
-0.13213
-0.12471
-0.070317
0.005592
0.071466
0.089256
0.044226
-0.025224
-0.092521
-0.12655
-0.11972
-0.058152
0.005028
0.051568
0.064518
0.039348
-0.019194
-0.078577
-0.098191
-0.091335
-0.059722
-0.0068256
0.035915
0.034698
0.013436
-0.016951
-0.054563
-0.076958
-0.067002
-0.038377
-0.012086
0.0088677
0.017196
0.0037483
-0.020841
-0.040408
-0.050719
-0.047356
-0.036027
-0.017374
-0.0033921
-0.0010555
-0.0048602
-0.011692
-0.022517
-0.029999
-0.027854
-0.024333
-0.021513
-0.015736
-0.0106
-0.011359
-0.012486
-0.009955
-0.010969
-0.015467
-0.016927
-0.017918
-0.019827
-0.018468
-0.011526
-0.0047375
-0.0014819
-0.00030943
-0.0033422
-0.010629
-0.017913
-0.020876
-0.017931
-0.01099
-0.0012035
0.0073921
0.0093445
0.0042282
-0.0039437
-0.012512
-0.017906
-0.015797
-0.0069321
0.0033737
0.011219
0.01438
0.010414
0.0006592
-0.0080168
-0.011539
-0.0096315
-0.0021771
0.0082171
0.015742
0.017059
0.012955
0.0057994
-0.0017607
-0.0055552
-0.0032562
0.0034728
0.011226
0.017178
0.018997
0.015864
0.0098716
0.004555
0.0023012
0.0036637
0.0083262
0.01434
0.018438
0.019223
0.017297
0.013609
0.0099228
0.0084767
0.0099464
0.013001
0.016318
0.019007
0.019767
0.018432
0.016373
0.014743
0.013946
0.014366
0.01596
0.017784
0.018919
0.019324
0.019184
0.018577
0.017924
0.017722
0.017893
0.018116
0.018355
0.018683
0.018919
0.019086
0.019438
0.019779
0.019757
0.019426
0.018918
0.018285
0.017833
0.017993
0.018682
0.019477
0.0201
0.020244
0.022397
0.030092
0.039642
0.048531
0.057142
0.065631
0.074246
0.083066
0.091647
0.099769
0.10729
0.11415
0.12041
0.12631
0.13208
0.13776
0.14329
0.14859
0.15351
0.15809
0.1621
0.16565
0.16879
0.17367
0.1792
0.18427
0.18957
0.19602
0.20188
0.20709
0.21176
0.21593
0.21971
0.22313
0.22605
0.22859
0.23107
0.23317
0.23457
0.23532
0.23555
0.23577
0.23608
0.23587
0.23502
0.23351
0.23135
0.22856
0.22524
0.22204
0.219
0.21545
0.21152
0.20771
0.2035
0.19857
0.19302
0.18691
0.18031
0.1733
0.16584
0.15785
0.14928
0.14015
0.13049
0.12039
0.10986
0.098976
0.087733
0.076146
0.064201
0.051853
0.039117
0.026003
0.012572
-0.0009206
-0.014197
-0.027588
-0.041218
-0.054859
-0.068602
-0.082622
-0.096856
-0.11133
-0.12604
-0.14094
-0.15599
-0.17123
-0.18666
-0.20226
-0.21805
-0.23393
-0.2499
-0.26589
-0.28189
-0.29789
-0.31387
-0.32986
-0.34583
-0.36174
-0.3776
-0.39327
-0.40868
-0.42385
-0.43888
-0.45366
-0.46819
-0.48256
-0.49682
-0.51088
-0.52477
-0.53842
-0.55182
-0.565
-0.57793
-0.5906
-0.603
-0.61511
-0.62689
-0.63835
-0.64944
-0.66017
-0.67052
-0.68048
-0.6901
-0.69932
-0.70814
-0.71652
-0.7244
-0.73178
-0.73869
-0.74514
-0.75109
-0.75657
-0.76162
-0.76623
-0.77037
-0.77403
-0.7772
-0.77989
-0.7821
-0.78381
-0.78504
-0.78579
-0.78601
-0.78573
-0.78492
-0.78359
-0.78175
-0.77935
-0.77651
-0.77313
-0.76922
-0.76478
-0.75981
-0.75429
-0.74824
-0.74167
-0.73456
-0.72697
-0.71888
-0.71034
-0.70131
-0.6918
