0.81649
0.82581
0.83463
0.84251
0.85037
0.85806
0.86467
0.87083
0.8768
0.88223
0.88662
0.89083
0.89483
0.89768
0.90009
0.90232
0.90395
0.90454
0.90494
0.90514
0.90428
0.90277
0.90084
0.89871
0.89589
0.89216
0.88825
0.88408
0.87872
0.87303
0.86717
0.86048
0.85332
0.84553
0.83741
0.82883
0.81953
0.8098
0.79973
0.7891
0.77784
0.76628
0.7543
0.74168
0.72867
0.71535
0.70145
0.68712
0.67233
0.6573
0.64188
0.62591
0.60963
0.59312
0.5761
0.55868
0.54108
0.52314
0.50478
0.48611
0.46719
0.44806
0.42856
0.40879
0.38884
0.36867
0.34818
0.32753
0.30674
0.28569
0.26445
0.24311
0.2216
0.19993
0.17812
0.15625
0.13432
0.11226
0.090114
0.067979
0.045777
0.023497
0.0012521
-0.020963
-0.043223
-0.06546
-0.087649
-0.10975
-0.13181
-0.15381
-0.17569
-0.19746
-0.21913
-0.24067
-0.26204
-0.28326
-0.30434
-0.32521
-0.34587
-0.36635
-0.38662
-0.40663
-0.42638
-0.44589
-0.46514
-0.48409
-0.50274
-0.52111
-0.53916
-0.55686
-0.57424
-0.59129
-0.60798
-0.62428
-0.64021
-0.65576
-0.67092
-0.68565
-0.69998
-0.7139
-0.72737
-0.7404
-0.75299
-0.76513
-0.7768
-0.788
-0.79873
-0.80898
-0.81873
-0.82796
-0.48778
-1.2855
-1.2739
-1.3271
-1.1149
-1.1697
-0.84716
-0.76009
-0.93973
-0.80499
-1.1692
-1.0766
-1.2654
-1.1045
-1.0879
-0.90101
-0.86852
-0.8826
-0.90353
-1.0624
-1.0424
-1.1274
-1.0163
-0.90497
-0.59675
-0.60719
-0.5733
-0.47455
-0.50281
-0.7172
-0.78647
-0.74305
-0.73184
-0.71887
-0.63323
-0.58044
-0.61431
-0.64408
-0.62612
-0.65546
-0.71013
-0.71389
-0.68939
-0.62181
-0.57798
-0.54147
-0.5573
-0.56834
-0.57704
-0.58231
-0.58634
-0.54794
-0.46743
-0.41298
-0.35752
-0.30768
-0.29275
-0.34366
-0.36575
-0.36805
-0.36522
-0.35606
-0.29064
-0.23153
-0.20476
-0.178
-0.15527
-0.16239
-0.19084
-0.18077
-0.1502
-0.10853
-0.076966
-0.040461
-0.018537
-0.010251
-0.011698
-0.015424
-0.014031
0.0054957
0.052571
0.097905
0.14273
0.1755
0.19743
0.19369
0.19162
0.19634
0.20657
0.22483
0.26349
0.30458
0.32575
0.34456
0.35796
0.36058
0.35408
0.36805
0.38991
0.41228
0.43545
0.4615
0.4781
0.48238
0.486
0.49095
0.50059
0.51346
0.53745
0.56234
0.58511
0.6038
0.61666
0.62267
0.62685
0.63523
0.64276
0.65262
0.66927
0.68704
0.69944
0.70967
0.71968
0.72416
0.72524
0.73027
0.73891
0.74684
0.75549
0.76649
0.77456
0.77807
0.7799
0.78086
0.77999
0.77981
0.78353
0.78979
0.79601
0.80148
0.80515
0.80528
0.80248
0.79879
0.79448
0.79116
0.79101
0.79284
0.79344
0.79242
0.79009
0.78458
0.7763
0.76852
0.76218
0.75631
0.75169
0.74853
0.74412
0.73665
0.72701
0.71592
0.70363
0.69191
0.68228
0.67413
0.66611
0.6578
0.64827
0.63637
0.62242
0.60784
0.59345
0.57967
0.56713
0.55539
0.54314
0.52978
0.5153
0.49935
0.48222
0.46523
0.44895
0.4331
0.41771
0.40265
0.38685
0.36964
0.35151
0.33291
0.31387
0.29494
0.27675
0.2591
0.24146
0.22368
0.20556
0.18667
0.16709
0.14732
0.12757
0.10791
0.088593
0.069722
0.050906
0.031884
0.012643
-0.006932
-0.026881
-0.046878
-0.066654
-0.086199
-0.10544
-0.12426
-0.14296
-0.16182
-0.18084
-0.19997
-0.22069
-0.23907
-0.2545
-0.26986
-0.28519
-0.30051
-0.31593
-0.33132
-0.34669
-0.36192
-0.37696
-0.39175
-0.4063
-0.42072
-0.43511
-0.44947
-0.46375
-0.47792
-0.49183
-0.50524
-0.51836
-0.53121
-0.54384
-0.55731
-0.57081
-0.58397
-0.59714
-0.61078
-0.62396
-0.63667
-0.64899
-0.66095
-0.67262
-0.68403
-0.69505
-0.7056
-0.715
-0.72359
-0.73178
-0.73957
-0.74709
-0.75385
-0.75975
-0.76531
-0.77052
-0.77533
-0.77973
-0.78365
-0.78722
-0.79073
-0.79421
-0.79729
-0.80003
-0.80269
-0.80494
-0.80666
-0.80787
-0.8086
-0.80884
-0.80855
-0.80783
-0.80657
-0.80479
-0.80247
-0.79956
-0.79613
-0.79219
-0.78781
-0.78293
-0.7776
-0.77176
-0.76542
-0.75859
-0.75123
-0.74341
-0.73519
-0.72662
-0.71755
-0.70804
-0.69822
-0.68803
-0.67729
-0.66597
-0.65421
-0.642
-0.6294
-0.61641
-0.60295
-0.58911
-0.57481
-0.56011
-0.54501
-0.52954
-0.51373
-0.49754
-0.48106
-0.46422
-0.44705
-0.42954
-0.41171
-0.39357
-0.37516
-0.35661
-0.33783
-0.31878
-0.29953
-0.2801
-0.26044
-0.24054
-0.22044
-0.20014
-0.17966
-0.15902
-0.13826
-0.11733
-0.096262
-0.075061
-0.053749
-0.032363
-0.010932
0.01056
0.032063
0.05361
0.075164
0.096694
0.11821
0.13968
0.16109
0.18238
0.20356
0.22464
0.2456
0.26641
0.28708
0.30762
0.328
0.34822
0.36825
0.38808
0.40769
0.42709
0.44625
0.46517
0.48384
0.50221
0.52031
0.53809
0.55555
0.57268
0.58946
0.60592
0.622
0.63771
0.65303
0.66795
0.68243
0.69651
0.71015
0.72334
0.7361
0.74841
0.76028
0.77168
0.7826
