-0.069003
-0.091154
-0.11325
-0.1353
-0.15727
-0.17913
-0.20089
-0.22253
-0.24405
-0.26542
-0.28659
-0.30762
-0.32852
-0.34911
-0.36951
-0.38977
-0.40978
-0.42941
-0.44888
-0.46817
-0.48695
-0.50552
-0.52381
-0.54184
-0.5595
-0.57679
-0.59378
-0.61048
-0.62665
-0.6425
-0.65805
-0.67311
-0.68777
-0.702
-0.71584
-0.72924
-0.74219
-0.75471
-0.76678
-0.77839
-0.7895
-0.80015
-0.81033
-0.81999
-0.82916
-0.83785
-0.84596
-0.85359
-0.86071
-0.86734
-0.87344
-0.87901
-0.88405
-0.88856
-0.89252
-0.89594
-0.89885
-0.90121
-0.90297
-0.90422
-0.9049
-0.90507
-0.90467
-0.90373
-0.90225
-0.90023
-0.89764
-0.89453
-0.89088
-0.88668
-0.88193
-0.87667
-0.87085
-0.86451
-0.85765
-0.85028
-0.8424
-0.83402
-0.82512
-0.81573
-0.80585
-0.79547
-0.78462
-0.7733
-0.76149
-0.74923
-0.73651
-0.72335
-0.70975
-0.69573
-0.68128
-0.66643
-0.65117
-0.63551
-0.61948
-0.60307
-0.58628
-0.56915
-0.55166
-0.53384
-0.5157
-0.49725
-0.4785
-0.45947
-0.44015
-0.42057
-0.40074
-0.38066
-0.36035
-0.33983
-0.31909
-0.29816
-0.27705
-0.25578
-0.23435
-0.21278
-0.19108
-0.16927
-0.14735
-0.12534
-0.10325
-0.081112
-0.058913
-0.036681
-0.014424
0.007841
0.030104
0.052344
0.074553
0.096703
0.46773
-0.29973
-0.25849
-0.28253
-0.041903
-0.068899
0.2807
0.39419
0.24027
0.40004
0.060105
0.17623
0.010166
0.19304
0.23091
0.4382
0.49034
0.49505
0.49207
0.35032
0.38664
0.31704
0.44264
0.56768
0.88866
0.89006
0.93486
1.0437
1.0245
0.81827
0.75622
0.806
0.8226
0.84002
0.92917
0.98455
0.95231
0.9232
0.94081
0.91018
0.85328
0.84637
0.86681
0.92935
0.9672
0.99679
0.97315
0.95335
0.93502
0.91919
0.90365
0.92965
0.99687
1.0372
1.0775
1.1114
1.1096
1.041
1.0005
0.97891
0.96163
0.94991
0.99366
1.0303
1.0338
1.0365
1.0345
1.0019
0.94734
0.93058
0.93363
0.94713
0.9499
0.95699
0.94891
0.92661
0.894
0.85856
0.82771
0.8145
0.82833
0.83994
0.85061
0.84881
0.83576
0.79668
0.75888
0.72755
0.7014
0.68298
0.68466
0.6885
0.67219
0.65336
0.62889
0.59351
0.54884
0.52453
0.50801
0.49192
0.4766
0.46414
0.44224
0.40801
0.37317
0.33972
0.31108
0.28576
0.27169
0.25869
0.24376
0.22495
0.20055
0.16954
0.13698
0.10892
0.080313
0.054362
0.035578
0.018298
-0.0039388
-0.027938
-0.051706
-0.080535
-0.11229
-0.13958
-0.16271
-0.18599
-0.20798
-0.22703
-0.24843
-0.27377
-0.30014
-0.32673
-0.35449
-0.38087
-0.40265
-0.42116
-0.43899
-0.45682
-0.47565
-0.49727
-0.52102
-0.54487
-0.56853
-0.59037
-0.6082
-0.62321
-0.6386
-0.65473
-0.67132
-0.69019
-0.71093
-0.73024
-0.7472
-0.76278
-0.7762
-0.78724
-0.79859
-0.81208
-0.82679
-0.84203
-0.85751
-0.87149
-0.88244
-0.89095
-0.89838
-0.90516
-0.91221
-0.92068
-0.93028
-0.93956
-0.94771
-0.95433
-0.95878
-0.9615
-0.96383
-0.96636
-0.9691
-0.97239
-0.97597
-0.97854
-0.97952
-0.97922
-0.9776
-0.97481
-0.97192
-0.96963
-0.96745
-0.96494
-0.9621
-0.95837
-0.95314
-0.94662
-0.93938
-0.93155
-0.92337
-0.91528
-0.90722
-0.8987
-0.88952
-0.87965
-0.86883
-0.85699
-0.84454
-0.83174
-0.81865
-0.80538
-0.79201
-0.77823
-0.76378
-0.74868
-0.73288
-0.71629
-0.69921
-0.68197
-0.66456
-0.64698
-0.63073
-0.61186
-0.58985
-0.56756
-0.54503
-0.52236
-0.49964
-0.47679
-0.45381
-0.43065
-0.40725
-0.38358
-0.35967
-0.33566
-0.31166
-0.28772
-0.26381
-0.23988
-0.21582
-0.19142
-0.16692
-0.14238
-0.11784
-0.094407
-0.071285
-0.04811
-0.025279
-0.0032482
0.018842
0.041032
0.063225
0.085334
0.10728
0.12903
0.15065
0.17228
0.19449
0.21697
0.23929
0.2614
0.28321
0.30515
0.32731
0.34914
0.37065
0.39189
0.41286
0.43354
0.45388
0.47351
0.4924
0.51091
0.52897
0.54633
0.56325
0.57989
0.5962
0.61215
0.62773
0.64294
0.65778
0.67223
0.68631
0.70003
0.71341
0.72642
0.739
0.75112
0.76277
0.77397
0.78474
0.79508
0.80498
0.81443
0.82342
0.83184
0.83968
0.84706
0.85392
0.86016
0.86584
0.87111
0.87602
0.88047
0.88441
0.88784
0.89077
0.8932
0.89516
0.89664
0.89764
0.89815
0.89816
0.89767
0.89664
0.89515
0.89315
0.89066
0.88769
0.88426
0.88036
0.8759
0.87091
0.86537
0.85936
0.85282
0.84579
0.83831
0.83039
0.82203
0.81325
0.80403
0.79434
0.78428
0.77378
0.76287
0.75157
0.73989
0.72781
0.71533
0.70242
0.68916
0.6755
0.66147
0.64711
0.63238
0.6173
0.60184
0.58603
0.56985
0.55333
0.53649
0.51934
0.50189
0.48417
0.46621
0.44799
0.42953
0.41081
0.39189
0.37275
0.35341
0.33387
0.31416
0.29426
0.27421
0.25399
0.23363
0.21313
0.19249
0.17178
0.15095
0.13003
0.10902
0.087945
0.066796
0.04559
0.024353
0.0030813
-0.018194
-0.039463
-0.060694
-0.081891
-0.10305
