-0.069101
-0.091283
-0.11337
-0.13539
-0.15734
-0.17918
-0.20091
-0.22253
-0.244
-0.26534
-0.28656
-0.30756
-0.32842
-0.34908
-0.36952
-0.38974
-0.40962
-0.42932
-0.44876
-0.46792
-0.4868
-0.50538
-0.52367
-0.54168
-0.55933
-0.57668
-0.59366
-0.61026
-0.62654
-0.64239
-0.6579
-0.67289
-0.68754
-0.70177
-0.71558
-0.72898
-0.74195
-0.75447
-0.76653
-0.77816
-0.78928
-0.79992
-0.81008
-0.81974
-0.82891
-0.83758
-0.84573
-0.85338
-0.86052
-0.86716
-0.87326
-0.87882
-0.88388
-0.88837
-0.89237
-0.8958
-0.89868
-0.90102
-0.90277
-0.90399
-0.90468
-0.90486
-0.90448
-0.90353
-0.90206
-0.90005
-0.89749
-0.89438
-0.89071
-0.88649
-0.88176
-0.87649
-0.87068
-0.86438
-0.85752
-0.85017
-0.8423
-0.83389
-0.825
-0.81562
-0.80574
-0.79537
-0.78451
-0.77319
-0.76137
-0.7491
-0.73639
-0.72323
-0.70963
-0.69561
-0.68116
-0.66632
-0.65107
-0.63543
-0.61939
-0.60296
-0.58618
-0.56904
-0.55156
-0.53375
-0.51562
-0.49718
-0.47844
-0.4594
-0.44008
-0.4205
-0.40067
-0.3806
-0.36029
-0.33976
-0.31903
-0.29809
-0.27698
-0.25571
-0.23428
-0.21271
-0.19101
-0.1692
-0.14729
-0.12528
-0.1032
-0.081051
-0.058851
-0.036619
-0.014365
0.0078968
0.030153
0.052391
0.074596
0.096749
0.11885
0.14088
0.16282
0.18467
0.20639
0.22798
0.24945
0.62537
0.63792
0.65016
0.66208
-0.097174
-0.05908
-0.021396
0.012652
0.050276
0.18725
0.21997
0.24603
0.27401
0.39064
0.49826
0.51105
0.37077
0.39033
0.40387
0.3661
0.54969
0.77833
0.79406
0.7683
0.78059
0.62795
0.65935
0.68361
0.71383
1.08
1.2559
1.3069
1.3054
1.3583
1.3338
1.3187
1.2971
1.1485
1.0883
0.92341
0.88567
0.95831
1.0421
1.0233
1.0294
0.98941
0.71683
0.66331
0.69993
0.73128
0.78243
0.85152
0.88291
0.89738
0.8989
0.75659
0.73781
0.75571
0.70076
0.69556
0.70509
0.71943
0.8418
0.98418
1.0639
1.1313
1.1135
1.0134
0.95726
0.93311
0.9083
1.0014
1.1083
1.0821
1.0153
0.98115
0.91473
0.87158
0.82596
0.73397
0.72206
0.71572
0.68532
0.70323
0.73889
0.72622
0.70915
0.6455
0.48227
0.36634
0.28999
0.25739
0.27792
0.31976
0.32044
0.31935
0.29899
0.2043
0.16763
0.18495
0.17244
0.16365
0.15953
0.15162
0.19597
0.2542
0.24722
0.24425
0.2119
0.12635
0.062518
0.026353
0.001412
0.044338
0.12062
0.13199
0.11742
0.084255
0.014308
-0.038714
-0.08951
-0.16272
-0.18956
-0.19824
-0.2445
-0.2848
-0.29564
-0.32018
-0.34409
-0.39166
-0.49973
-0.57403
-0.61284
-0.6353
-0.61812
-0.58124
-0.57311
-0.57148
-0.58762
-0.66011
-0.71171
-0.73175
-0.74746
-0.75022
-0.74458
-0.74446
-0.7194
-0.68421
-0.68807
-0.68929
-0.69012
-0.71993
-0.75479
-0.7784
-0.79441
-0.76838
-0.71949
-0.70679
-0.71474
-0.7411
-0.7929
-0.8374
-0.86987
-0.90596
-0.91312
-0.89948
-0.90408
-0.91152
-0.91138
-0.91804
-0.92507
-0.94441
-0.99424
-1.0322
-1.0463
-1.0549
-1.0441
-1.0143
-0.99063
-0.97166
-0.96763
-0.99675
-1.0199
-1.019
-1.0075
-0.98206
-0.94898
-0.92294
-0.88962
-0.85423
-0.84192
-0.8337
-0.82261
-0.8228
-0.82682
-0.82579
-0.81872
-0.78664
-0.73787
-0.70622
-0.68843
-0.6808
-0.68971
-0.70129
-0.70716
-0.7108
-0.69533
-0.66378
-0.64218
-0.63739
-0.63995
-0.64052
-0.63393
-0.62043
-0.5961
-0.57145
-0.54682
-0.522
-0.49828
-0.48149
-0.46643
-0.44754
-0.42336
-0.39681
-0.36897
-0.34047
-0.31058
-0.28096
-0.25488
-0.23029
-0.20616
-0.18052
-0.15323
-0.12655
-0.10165
-0.079015
-0.058528
-0.035917
-0.010652
0.013791
0.036205
0.05767
0.078521
0.09907
0.11882
0.13561
0.15296
0.17451
0.19736
0.21892
0.23969
0.26098
0.28339
0.30642
0.32889
0.34908
0.36927
0.39072
0.41265
0.43428
0.45517
0.47517
0.49389
0.51191
0.52959
0.54724
0.56494
0.58259
0.60021
0.61763
0.63405
0.64876
0.6621
0.67534
0.68901
0.70274
0.71627
0.72985
0.74355
0.75677
0.76857
0.77867
0.78802
0.79754
0.80715
0.81645
0.82545
0.83416
0.84196
0.84863
0.85457
0.86021
0.86572
0.87109
0.87629
0.88106
0.88517
0.88835
0.89051
0.89214
0.89369
0.89513
0.89626
0.89697
0.89724
0.89702
0.89608
0.89418
0.89158
0.88872
0.88564
0.88213
0.87809
0.87345
0.86811
0.86205
0.85544
0.84843
0.84114
0.8335
0.82545
0.81693
0.80789
0.79825
0.78793
0.77711
0.76607
0.7549
0.74345
0.7316
0.71934
0.7067
0.69361
0.67996
0.66582
0.65137
0.63669
0.62174
0.60643
0.59073
0.57462
0.55808
0.54117
0.52396
0.5065
0.48883
0.47092
0.45278
0.43437
0.41564
0.39658
0.37723
0.3577
0.33809
0.31836
0.29849
0.27845
0.25826
0.23791
0.21735
0.19658
0.17569
0.15475
0.13377
0.11274
0.09161
0.0704
0.049104
0.027747
0.0063583
-0.015019
-0.036361
-0.057654
-0.0789
-0.1001
