-0.74749
-0.73439
-0.7212
-0.70752
-0.69328
-0.67897
-0.6638
-0.64849
-0.6328
-0.61656
-0.60025
-0.58325
-0.56607
-0.54862
-0.53077
-0.51256
-0.49412
-0.47532
-0.45623
-0.43694
-0.4173
-0.39732
-0.37716
-0.35695
-0.33625
-0.31554
-0.2946
-0.27338
-0.25218
-0.23064
-0.20906
-0.1873
-0.16539
-0.14342
-0.12141
-0.099262
-0.077149
-0.054937
-0.03266
-0.01049
0.011793
0.034048
0.056273
0.07846
0.10062
0.12269
0.1447
0.16668
0.18853
0.2102
0.23182
0.25328
0.27455
0.29571
0.31664
0.33741
0.358
0.37832
0.39848
0.41837
0.43799
0.45737
0.47644
0.49521
0.51373
0.53188
0.54974
0.56726
0.58444
0.60126
0.61773
0.63381
0.64951
0.66486
0.67978
0.69427
0.70836
0.72202
0.73523
0.74801
0.76033
0.77218
0.78359
0.79451
0.80497
0.81494
0.82441
0.83337
0.84183
0.84977
0.85721
0.86413
0.87052
0.87639
0.88173
0.88653
0.8908
0.89453
0.89771
0.90037
0.90248
0.90404
0.90504
0.90551
0.90543
0.9048
0.90362
0.90189
0.89963
0.89682
0.89346
0.88958
0.88515
0.88018
0.87467
0.86864
0.86208
0.85501
0.84741
0.8393
0.83069
0.82157
0.81195
0.80185
0.79126
0.78019
0.76865
0.75665
0.74419
0.73127
0.7179
0.70411
0.6899
0.67527
0.66022
0.64477
0.62894
-0.096503
-0.095899
-0.09537
-0.094911
-0.86672
-0.83953
-0.81254
-0.77931
-0.75429
-0.92657
-0.89402
-0.86776
-0.82315
-0.70594
-0.53082
-0.48814
-0.1414
-0.145
-0.14046
-0.14413
0.014978
0.21904
0.21063
0.1562
0.14648
0.4789
0.4431
0.41742
0.38537
0.67775
0.7969
0.72778
0.64821
0.48959
0.45474
0.39986
0.34345
0.17939
0.10594
-0.051165
-0.056506
-0.20873
-0.35321
-0.32719
-0.32856
-0.33961
-0.58093
-0.59195
-0.50817
-0.40848
-0.45279
-0.53087
-0.51307
-0.46244
-0.42099
-0.535
-0.54128
-0.47479
-0.32033
-0.25536
-0.2244
-0.20758
-0.097459
0.036809
0.10248
0.14836
0.15571
0.27754
0.30439
0.28109
0.24469
0.32413
0.41669
0.37322
0.25495
0.15381
0.17267
0.16539
0.11363
0.01688
0.005878
0.015889
-0.0046027
-0.088379
-0.19328
-0.2267
-0.24073
-0.26916
-0.38696
-0.4502
-0.4708
-0.43375
-0.43703
-0.48166
-0.44943
-0.3885
-0.35035
-0.39444
-0.38781
-0.30301
-0.16525
-0.10719
-0.098018
-0.075532
-0.0046748
0.077851
0.087983
0.091675
0.094375
0.16289
0.19785
0.19299
0.17116
0.2058
0.27458
0.27759
0.22936
0.16114
0.16626
0.15693
0.10994
0.037375
0.02021
0.031391
0.0026454
-0.079211
-0.16606
-0.18113
-0.17782
-0.18825
-0.25332
-0.28406
-0.27221
-0.23536
-0.22211
-0.24082
-0.22644
-0.18633
-0.15368
-0.17803
-0.1869
-0.14937
-0.072301
-0.024371
-0.016561
0.0044991
0.058482
0.11597
0.12518
0.12707
0.14902
0.20576
0.23807
0.22981
0.2115
0.22569
0.26207
0.26104
0.22346
0.17454
0.16085
0.15414
0.12534
0.079925
0.06322
0.073714
0.065451
0.02197
-0.032087
-0.047413
-0.043925
-0.054913
-0.093274
-0.11509
-0.10538
-0.087271
-0.088651
-0.10523
-0.097461
-0.066831
-0.040876
-0.047105
-0.052143
-0.026468
0.026305
0.068201
0.082123
0.096337
0.12886
0.16332
0.1686
0.16243
0.17102
0.20223
0.22299
0.21527
0.20089
0.20658
0.22592
0.22444
0.1994
0.171
0.16217
0.15751
0.13598
0.10281
0.085595
0.088525
0.082895
0.071421
0.061285
0.056582
0.057064
0.059334
0.067405
0.071397
0.073573
0.076269
0.082484
0.10323
0.12494
0.13757
0.14357
0.14883
0.1534
0.15706
0.15811
0.15885
0.17144
0.19048
0.20127
0.20387
0.20506
0.20675
0.20817
0.21007
0.21592
0.22593
0.23803
0.24657
0.25011
0.2503
0.24827
0.2457
0.24395
0.24736
0.25575
0.26351
0.26573
0.26362
0.25956
0.25503
0.25011
0.24538
0.24505
0.24803
0.24921
0.24663
0.24204
0.23707
0.23214
0.22746
0.22447
0.22219
0.21965
0.21591
0.21072
0.20419
0.19676
0.18892
0.18081
0.17403
0.16889
0.16262
0.15362
0.14257
0.13066
0.11848
0.10601
0.092993
0.080423
0.06914
0.057601
0.044312
0.029691
0.014639
-0.00010982
-0.014266
-0.027851
-0.04124
-0.054841
-0.068868
-0.083433
-0.098506
-0.11388
-0.12951
-0.14515
-0.16015
-0.17427
-0.18844
-0.2036
-0.21973
-0.2363
-0.25303
-0.2699
-0.28684
-0.30338
-0.31905
-0.3343
-0.34995
-0.36618
-0.38259
-0.39881
-0.41471
-0.43014
-0.44507
-0.45968
-0.47416
-0.48861
-0.50308
-0.51757
-0.53195
-0.54606
-0.5596
-0.5724
-0.58473
-0.59703
-0.60944
-0.62179
-0.63394
-0.64583
-0.65738
-0.6684
-0.67864
-0.68821
-0.69749
-0.70668
-0.71563
-0.72416
-0.73216
-0.73956
-0.74632
-0.75251
-0.75825
-0.76363
-0.76866
-0.77332
-0.77755
-0.78128
-0.78439
-0.7868
-0.78857
-0.78994
-0.79102
-0.79177
-0.79207
-0.79189
-0.79119
-0.78991
-0.78794
-0.7853
-0.78215
-0.77861
-0.77466
-0.77022
-0.76522
-0.75962
-0.7534
-0.74661
-0.7393
-0.73154
-0.72335
-0.71472
-0.70564
-0.69607
