0.81659
0.82567
0.83457
0.84291
0.85062
0.85814
0.86471
0.87101
0.8768
0.88189
0.88681
0.89082
0.89449
0.8977
0.90029
0.9023
0.90373
0.90464
0.90499
0.90486
0.9041
0.9027
0.90084
0.89862
0.89558
0.89221
0.88827
0.88364
0.87872
0.87303
0.86696
0.86019
0.85293
0.84519
0.83699
0.82824
0.8191
0.80941
0.79919
0.78865
0.77749
0.76588
0.75381
0.74128
0.72829
0.71489
0.70103
0.6867
0.67199
0.65696
0.64143
0.62554
0.60934
0.59266
0.57572
0.55839
0.54069
0.5227
0.50429
0.48562
0.46669
0.4475
0.42804
0.40832
0.38833
0.36817
0.34775
0.32712
0.30627
0.28523
0.26404
0.24268
0.22117
0.19952
0.17775
0.1559
0.13394
0.11187
0.089779
0.067609
0.045407
0.023189
0.00091824
-0.021324
-0.0436
-0.06584
-0.08802
-0.11014
-0.1322
-0.15416
-0.17605
-0.19781
-0.21945
-0.24096
-0.26234
-0.28357
-0.30462
-0.32548
-0.34615
-0.36661
-0.38686
-0.40686
-0.42661
-0.44612
-0.46535
-0.48429
-0.50295
-0.52129
-0.53934
-0.55705
-0.57444
-0.59148
-0.60816
-0.62447
-0.6404
-0.65593
-0.67107
-0.68581
-0.70012
-0.71402
-0.72749
-0.74052
-0.7531
-0.76523
-0.77689
-0.78809
-0.79881
-0.80904
-0.81878
-0.82802
-0.83675
-0.84499
-0.85273
-0.85994
-0.86661
-0.87275
-0.87839
-0.52887
-0.54202
-0.55479
-0.56717
-1.35
-1.3347
-1.319
-1.3062
-1.289
-1.1717
-1.1577
-1.1497
-1.1388
-1.0384
-0.94621
-0.94792
-1.1019
-1.0951
-1.0933
-1.142
-0.96838
-0.74885
-0.7413
-0.77423
-0.76821
-0.92617
-0.89919
-0.87838
-0.85069
-0.48608
-0.31083
-0.25954
-0.25978
-0.20471
-0.22602
-0.23705
-0.25368
-0.39632
-0.44951
-0.60665
-0.63563
-0.55331
-0.45889
-0.46615
-0.44768
-0.47431
-0.73269
-0.77114
-0.71856
-0.67042
-0.60158
-0.51399
-0.46328
-0.42867
-0.40624
-0.52684
-0.52313
-0.48198
-0.51294
-0.49341
-0.45845
-0.41797
-0.26878
-0.098901
0.0089639
0.10516
0.11678
0.046671
0.021126
0.028151
0.035054
0.16044
0.30005
0.30711
0.27401
0.27399
0.24216
0.234
0.22374
0.16749
0.19165
0.22168
0.22796
0.28284
0.35571
0.38048
0.40106
0.37524
0.24999
0.17219
0.13409
0.13984
0.19878
0.27912
0.31828
0.3557
0.37384
0.31761
0.31932
0.37491
0.40054
0.42977
0.46349
0.49326
0.57507
0.67054
0.70056
0.73432
0.73841
0.68898
0.66093
0.66016
0.67023
0.74776
0.85824
0.90333
0.92206
0.9217
0.88406
0.8628
0.84317
0.8006
0.80383
0.8246
0.80718
0.79505
0.81174
0.81407
0.81634
0.79425
0.71095
0.66068
0.64515
0.6452
0.68412
0.74195
0.77023
0.79119
0.79356
0.73873
0.70395
0.69989
0.69928
0.71077
0.72977
0.74235
0.77893
0.82475
0.83061
0.83819
0.84523
0.82236
0.79351
0.77498
0.7631
0.79233
0.84348
0.85749
0.8499
0.82296
0.76962
0.72264
0.68676
0.64632
0.63386
0.64125
0.62949
0.61396
0.60509
0.58851
0.57066
0.53957
0.4771
0.42561
0.39705
0.3732
0.36788
0.38062
0.38645
0.38675
0.37127
0.32185
0.27763
0.25659
0.24547
0.24749
0.25641
0.25756
0.26529
0.27439
0.25972
0.24029
0.2231
0.19399
0.16044
0.13134
0.10771
0.10853
0.12549
0.12481
0.10976
0.084085
0.041397
-0.0043992
-0.044911
-0.083586
-0.10353
-0.10775
-0.12226
-0.15388
-0.19317
-0.23071
-0.26136
-0.28531
-0.29866
-0.31186
-0.3252
-0.33853
-0.35307
-0.37466
-0.39802
-0.41757
-0.43189
-0.44382
-0.45444
-0.46434
-0.47276
-0.48138
-0.49341
-0.50679
-0.52045
-0.53242
-0.54253
-0.55301
-0.56501
-0.579
-0.59485
-0.60825
-0.61863
-0.62948
-0.64197
-0.65501
-0.66822
-0.68128
-0.69469
-0.71057
-0.72539
-0.73546
-0.74368
-0.75264
-0.76179
-0.76982
-0.77611
-0.78113
-0.78607
-0.79261
-0.79846
-0.80234
-0.80502
-0.80726
-0.8095
-0.81187
-0.81474
-0.81752
-0.81983
-0.82136
-0.82202
-0.82188
-0.82093
-0.81931
-0.81785
-0.8172
-0.81705
-0.8161
-0.81382
-0.81057
-0.80661
-0.80168
-0.79571
-0.78927
-0.78333
-0.77815
-0.77279
-0.7663
-0.75877
-0.75061
-0.74182
-0.73235
-0.72286
-0.71354
-0.70402
-0.69385
-0.68287
-0.67109
-0.65856
-0.64552
-0.63223
-0.61894
-0.60577
-0.59222
-0.57786
-0.5627
-0.54699
-0.53083
-0.51423
-0.49727
-0.4802
-0.46324
-0.44617
-0.42854
-0.41035
-0.39179
-0.37299
-0.35404
-0.33505
-0.31605
-0.2969
-0.27743
-0.25758
-0.23739
-0.21698
-0.19641
-0.17574
-0.15508
-0.13452
-0.1139
-0.092967
-0.071644
-0.0501
-0.028474
-0.0067985
0.014934
0.036635
0.058183
0.079609
0.10108
0.12266
0.14428
0.16583
0.18725
0.20851
0.22956
0.25043
0.27119
0.29185
0.31243
0.33288
0.35317
0.37326
0.39308
0.41257
0.43175
0.45074
0.46958
0.48823
0.50662
0.52473
0.54255
0.56002
0.57709
0.59374
0.61002
0.626
0.64165
0.65693
0.6718
0.68624
0.70021
0.71373
0.72681
0.73946
0.75169
0.76349
0.77485
0.78573
